Starting time:1454185498413676
Ending time:1454185503401572
Sample count:997
14757395258967641292,-2,-4,-9,3,-2,-3,1,0
14757395258967641292,0,0,0,0,0,0,0,0
14757395258967641292,1,0,-6,2,-1,0,-1,0
14757395258967641292,0,1,33,-2,-1,1,-3,-3
14757395258967641292,0,0,0,0,0,0,0,0
14757395258967641292,0,0,0,0,0,0,0,0
14757395258967641292,0,0,0,0,0,0,0,0
14757395258967641292,-1,1,-23,3,-4,-2,0,-1
14757395258967641292,0,0,0,0,0,0,0,0
14757395258967641292,0,0,0,0,0,0,0,0
14757395258967641292,-3,-7,-13,-6,-4,-3,-4,-3
14757395258967641292,1,1,-8,3,0,1,-1,0
14757395258967641292,0,0,0,0,0,0,0,0
14757395258967641292,0,0,0,0,0,0,0,0
14757395258967641292,-3,12,32,1,1,-1,-1,-1
14757395258967641292,-1,-6,12,3,-1,0,-3,-1
14757395258967641292,0,0,0,0,0,0,0,0
14757395258967641292,0,0,0,0,0,0,0,0
14757395258967641292,0,0,0,0,0,0,0,0
14757395258967641292,0,2,-10,0,1,-2,2,0
14757395258967641292,0,0,0,0,0,0,0,0
14757395258967641292,0,0,0,0,0,0,0,0
14757395258967641292,0,-3,-5,1,-1,-1,-5,0
14757395258967641292,-2,-3,-3,-6,-1,1,4,-1
14757395258967641292,0,0,0,0,0,0,0,0
14757395258967641292,0,0,0,0,0,0,0,0
14757395258967641292,0,-1,17,4,1,2,0,-2
14757395258967641292,-3,-3,-27,-6,-2,-4,-3,0
14757395258967641292,0,0,0,0,0,0,0,0
14757395258967641292,0,0,0,0,0,0,0,0
14757395258967641292,0,0,0,0,0,0,0,0
14757395258967641292,-2,-2,7,-8,-2,0,2,-2
14757395258967641292,0,0,0,0,0,0,0,0
14757395258967641292,0,-5,-2,2,-3,-1,-1,-2
14757395258967641292,0,0,0,0,0,0,0,0
14757395258967641292,0,0,28,-1,-1,-5,0,0
14757395258967641292,0,0,0,0,0,0,0,0
14757395258967641292,0,0,0,0,0,0,0,0
14757395258967641292,-3,1,0,1,-1,2,-1,0
14757395258967641292,-1,-2,-6,-5,-3,-1,-2,-3
14757395258967641292,0,0,0,0,0,0,0,0
14757395258967641292,0,0,0,0,0,0,0,0
14757395258967641292,0,0,0,0,0,0,0,0
14757395258967641292,0,0,9,4,3,0,-2,-1
14757395258967641292,0,0,0,0,0,0,0,0
14757395258967641292,0,0,0,0,0,0,0,0
14757395258967641292,0,0,0,0,0,0,0,0
14757395258967641292,1,2,-27,-4,-1,-1,0,-1
14757395258967641292,1,-2,0,3,0,-3,1,0
14757395258967641292,0,0,0,0,0,0,0,0
14757395258967641292,0,-2,1,4,0,1,0,-2
14757395258967641292,-3,-3,5,0,-2,0,1,1
14757395258967641292,0,0,0,0,0,0,0,0
14757395258967641292,0,0,0,0,0,0,0,0
14757395258967641292,0,0,0,0,0,0,0,0
14757395258967641292,-1,0,-5,-3,-4,1,-2,-2
14757395258967641292,0,0,0,0,0,0,0,0
14757395258967641292,0,0,0,0,0,0,0,0
14757395258967641292,0,0,0,0,0,0,0,0
14757395258967641292,1,0,-1,6,4,1,-1,0
14757395258967641292,-1,2,-21,-4,-4,-3,-3,-1
14757395258967641292,0,0,0,0,0,0,0,0
14757395258967641292,0,0,-8,7,4,2,-3,-2
14757395258967641292,-1,-2,35,4,-1,2,-1,-3
14757395258967641292,0,0,0,0,0,0,0,0
14757395258967641292,0,0,0,0,0,0,0,0
14757395258967641292,0,0,0,0,0,0,0,0
14757395258967641292,-1,-1,-10,-4,-3,0,-4,-1
14757395258967641292,0,0,0,0,0,0,0,0
14757395258967641292,0,0,0,0,0,0,0,0
14757395258967641292,0,0,0,0,0,0,0,0
14757395258967641292,-1,-1,7,-1,-2,0,0,-2
14757395258967641292,-1,2,-1,4,-2,-3,-1,0
14757395258967641292,0,0,0,0,0,0,0,0
14757395258967641292,-1,-1,-7,8,2,2,2,0
14757395258967641292,0,-2,-23,-14,0,-1,-4,-1
14757395258967641292,0,0,0,0,0,0,0,0
14757395258967641292,0,0,0,0,0,0,0,0
14757395258967641292,0,0,0,0,0,0,0,0
14757395258967641292,0,-1,-8,0,-2,0,-1,-2
14757395258967641292,0,0,0,0,0,0,0,0
14757395258967641292,0,0,0,0,0,0,0,0
14757395258967641292,0,0,0,0,0,0,0,0
14757395258967641292,0,-2,12,-3,-1,0,-1,-1
14757395258967641292,-4,-7,-3,-6,-2,2,1,-3
14757395258967641292,0,0,0,0,0,0,0,0
14757395258967641292,2,0,-21,1,-2,-1,-2,0
14757395258967641292,-3,3,33,4,1,-1,0,-2
14757395258967641292,0,0,0,0,0,0,0,0
14757395258967641292,0,0,0,0,0,0,0,0
14757395258967641292,0,0,0,0,0,0,0,0
14757395258967641292,0,3,-1,1,2,-1,-1,-2
14757395258967641292,0,0,0,0,0,0,0,0
14757395258967641292,0,0,0,0,0,0,0,0
14757395258967641292,0,0,0,0,0,0,0,0
14757395258967641292,-1,2,-9,-10,-8,-2,0,0
14757395258967641292,0,-3,-19,5,-2,-2,-1,-2
14757395258967641292,0,0,0,0,0,0,0,0
14757395258967641292,1,3,-3,-1,-1,-2,-1,-1
14757395258967641292,1,5,14,4,-3,-1,0,0
14757395258967641292,0,0,0,0,0,0,0,0
14757395258967641292,0,0,0,0,0,0,0,0
14757395258967641292,0,0,0,0,0,0,0,0
14757395258967641292,2,6,-8,-6,-4,-2,-2,-3
14757395258967641292,0,0,0,0,0,0,0,0
14757395258967641292,0,0,0,0,0,0,0,0
14757395258967641292,0,0,0,0,0,0,0,0
14757395258967641292,-4,-2,-1,5,-2,-5,-1,7
14757395258967641292,9,54,35,10,1,0,1,-2
14757395258967641292,0,0,0,0,0,0,0,0
14757395258967641292,2,4,-2,5,-4,-3,-4,-4
14757395258967641292,0,0,0,0,0,0,0,0
14757395258967641292,0,2,5,-4,-1,0,-1,5
14757395258967641292,0,0,0,0,0,0,0,0
14757395258967641292,0,0,0,0,0,0,0,0
14757395258967641292,-5,-23,-4,-7,2,-2,-6,10
14757395258967641292,0,0,0,0,0,0,0,0
14757395258967641292,0,0,0,0,0,0,0,0
14757395258967641292,0,0,0,0,0,0,0,0
14757395258967641292,-8,-21,-14,-2,3,0,-1,-2
14757395258967641292,3,-21,-15,-5,-1,0,5,36
14757395258967641292,0,0,0,0,0,0,0,0
14757395258967641292,19,45,11,-2,2,4,2,-2
14757395258967641292,0,0,0,0,0,0,0,0
14757395258967641292,4,-22,5,-11,-5,-5,-1,15
14757395258967641292,0,0,0,0,0,0,0,0
14757395258967641292,0,0,0,0,0,0,0,0
14757395258967641292,-4,2,-39,7,-3,-1,-1,-9
14757395258967641292,0,0,0,0,0,0,0,0
14757395258967641292,0,0,0,0,0,0,0,0
14757395258967641292,0,0,0,0,0,0,0,0
14757395258967641292,4,12,-3,8,1,2,2,-8
14757395258967641292,0,0,0,0,0,0,0,0
14757395258967641292,0,0,0,0,0,0,0,0
14757395258967641292,-9,-15,-10,-4,6,-3,-7,-19
14757395258967641292,0,0,0,0,0,0,0,0
14757395258967641292,-11,-45,-15,1,-7,-10,-4,-23
14757395258967641292,0,0,0,0,0,0,0,0
14757395258967641292,0,0,0,0,0,0,0,0
14757395258967641292,-30,-37,-22,-5,-5,5,-8,-31
14757395258967641292,0,0,0,0,0,0,0,0
14757395258967641292,0,0,0,0,0,0,0,0
14757395258967641292,0,0,0,0,0,0,0,0
14757395258967641292,-10,-20,-12,-29,-7,14,2,-21
14757395258967641292,0,0,0,0,0,0,0,0
14757395258967641292,0,0,0,0,0,0,0,0
14757395258967641292,-5,-21,12,-10,2,11,3,-17
14757395258967641292,0,0,0,0,0,0,0,0
14757395258967641292,-15,-49,10,-11,-10,-4,-11,-29
14757395258967641292,0,0,0,0,0,0,0,0
14757395258967641292,0,0,0,0,0,0,0,0
14757395258967641292,3,6,-32,0,21,-5,3,12
14757395258967641292,0,0,0,0,0,0,0,0
14757395258967641292,0,0,0,0,0,0,0,0
14757395258967641292,0,0,0,0,0,0,0,0
14757395258967641292,-4,42,-16,-1,-4,-12,-3,-6
14757395258967641292,0,0,0,0,0,0,0,0
14757395258967641292,0,0,0,0,0,0,0,0
14757395258967641292,-18,25,0,13,20,3,1,0
14757395258967641292,0,0,0,0,0,0,0,0
14757395258967641292,5,-5,0,-11,0,6,1,7
14757395258967641292,0,0,0,0,0,0,0,0
14757395258967641292,0,0,0,0,0,0,0,0
14757395258967641292,11,58,49,28,4,-5,1,-3
14757395258967641292,0,0,0,0,0,0,0,0
14757395258967641292,0,0,0,0,0,0,0,0
14757395258967641292,0,0,0,0,0,0,0,0
14757395258967641292,3,44,27,9,2,6,5,5
14757395258967641292,43,68,-3,17,2,3,3,26
14757395258967641292,0,0,0,0,0,0,0,0
14757395258967641292,1,-18,50,-7,15,1,-4,-29
14757395258967641292,0,0,0,0,0,0,0,0
14757395258967641292,3,68,-31,0,-1,6,6,35
14757395258967641292,0,0,0,0,0,0,0,0
14757395258967641292,0,0,0,0,0,0,0,0
14757395258967641292,5,19,-3,1,-12,-5,4,15
14757395258967641292,0,0,0,0,0,0,0,0
14757395258967641292,0,0,0,0,0,0,0,0
14757395258967641292,0,0,0,0,0,0,0,0
14757395258967641292,-3,1,-20,1,10,1,2,10
14757395258967641292,-21,-16,22,-9,-7,-6,-7,35
14757395258967641292,0,0,0,0,0,0,0,0
14757395258967641292,5,20,7,12,-1,-8,-3,-7
14757395258967641292,0,0,0,0,0,0,0,0
14757395258967641292,-11,-81,-18,-9,7,1,0,-19
14757395258967641292,0,0,0,0,0,0,0,0
14757395258967641292,0,0,0,0,0,0,0,0
14757395258967641292,12,34,-30,2,-12,-12,-10,-16
14757395258967641292,-6,23,7,-11,-8,-5,-4,-51
14757395258967641292,0,0,0,0,0,0,0,0
14757395258967641292,0,0,0,0,0,0,0,0
14757395258967641292,-8,-94,-31,-10,9,9,2,26
14757395258967641292,-5,-51,2,-5,-2,3,-2,-4
14757395258967641292,0,0,0,0,0,0,0,0
14757395258967641292,7,73,30,7,-2,2,1,8
14757395258967641292,0,0,0,0,0,0,0,0
14757395258967641292,11,33,5,12,-1,-8,-3,14
14757395258967641292,0,0,0,0,0,0,0,0
14757395258967641292,0,0,0,0,0,0,0,0
14757395258967641292,-33,-64,-32,-31,-8,4,-6,-54
14757395258967641292,-1,-12,-13,-8,-2,-1,2,16
14757395258967641292,0,0,0,0,0,0,0,0
14757395258967641292,0,0,0,0,0,0,0,0
14757395258967641292,-1,-8,30,-10,-5,6,3,18
14757395258967641292,0,0,0,0,0,0,0,0
14757395258967641292,0,0,0,0,0,0,0,0
14757395258967641292,-3,-13,-17,0,3,5,7,4
14757395258967641292,0,0,0,0,0,0,0,0
14757395258967641292,3,18,-2,7,-1,-4,0,1
14757395258967641292,0,0,0,0,0,0,0,0
14757395258967641292,-1,49,-18,-3,-13,-8,-5,-14
14757395258967641292,0,0,0,0,0,0,0,0
14757395258967641292,0,0,0,0,0,0,0,0
14757395258967641292,0,0,0,0,0,0,0,0
14757395258967641292,-23,-30,24,5,9,7,1,3
14757395258967641292,-17,29,-37,-16,1,-3,2,2
14757395258967641292,0,0,0,0,0,0,0,0
14757395258967641292,0,0,0,0,0,0,0,0
14757395258967641292,-13,-30,-13,2,5,0,1,29
14757395258967641292,0,0,0,0,0,0,0,0
14757395258967641292,15,24,13,8,-3,-6,-5,-1
14757395258967641292,0,0,0,0,0,0,0,0
14757395258967641292,0,0,0,0,0,0,0,0
14757395258967641292,9,21,15,9,4,-3,-4,-2
14757395258967641292,0,0,0,0,0,0,0,0
14757395258967641292,0,0,0,0,0,0,0,0
14757395258967641292,0,0,0,0,0,0,0,0
14757395258967641292,-8,-63,-24,5,9,5,-2,-8
14757395258967641292,0,0,0,0,0,0,0,0
14757395258967641292,0,0,0,0,0,0,0,0
14757395258967641292,0,0,0,0,0,0,0,0
14757395258967641292,0,0,0,0,0,0,0,0
14757395258967641292,-8,-24,-6,7,3,0,-1,8
14757395258967641292,0,0,0,0,0,0,0,0
14757395258967641292,0,0,0,0,0,0,0,0
14757395258967641292,3,57,-14,5,-7,-4,0,-30
14757395258967641292,0,0,0,0,0,0,0,0
14757395258967641292,0,0,0,0,0,0,0,0
14757395258967641292,0,0,0,0,0,0,0,0
14757395258967641292,6,-8,-4,-4,-4,0,-1,-15
14757395258967641292,0,0,0,0,0,0,0,0
14757395258967641292,0,0,0,0,0,0,0,0
14757395258967641292,0,0,0,0,0,0,0,0
14757395258967641292,0,0,0,0,0,0,0,0
14757395258967641292,0,0,0,0,0,0,0,0
14757395258967641292,0,0,0,0,0,0,0,0
14757395258967641292,-1,-68,1,0,18,14,3,-7
14757395258967641292,-6,32,11,4,-9,-5,-1,-31
14757395258967641292,0,0,0,0,0,0,0,0
14757395258967641292,0,0,0,0,0,0,0,0
14757395258967641292,0,0,0,0,0,0,0,0
14757395258967641292,3,-10,12,2,1,0,2,4
14757395258967641292,2,-53,19,-15,-7,1,0,26
14757395258967641292,0,0,0,0,0,0,0,0
14757395258967641292,0,0,0,0,0,0,0,0
14757395258967641292,0,0,0,0,0,0,0,0
14757395258967641292,6,45,-6,-8,-5,-5,-3,-10
14757395258967641292,0,0,0,0,0,0,0,0
14757395258967641292,0,0,0,0,0,0,0,0
14757395258967641292,-2,9,1,2,0,11,-2,-1
14757395258967641292,0,0,0,0,0,0,0,0
14757395258967641292,0,0,0,0,0,0,0,0
14757395258967641292,0,0,0,0,0,0,0,0
14757395258967641292,-17,-1,11,1,-5,-1,0,-12
14757395258967641292,-6,-1,33,-5,-7,-23,-9,-7
14757395258967641292,0,0,0,0,0,0,0,0
14757395258967641292,0,0,0,0,0,0,0,0
14757395258967641292,0,0,0,0,0,0,0,0
14757395258967641292,5,-11,3,3,2,1,10,0
14757395258967641292,-1,17,-18,2,0,-2,-8,-4
14757395258967641292,-9,-11,-12,-1,0,2,-6,-10
14757395258967641292,0,0,0,0,0,0,0,0
14757395258967641292,4,10,-2,8,2,5,1,-1
14757395258967641292,0,0,0,0,0,0,0,0
14757395258967641292,0,0,0,0,0,0,0,0
14757395258967641292,1,35,-9,1,0,-9,-3,-5
14757395258967641292,5,-11,-18,-5,-8,-18,-13,-1
14757395258967641292,0,0,0,0,0,0,0,0
14757395258967641292,0,0,0,0,0,0,0,0
14757395258967641292,0,0,0,0,0,0,0,0
14757395258967641292,-6,-11,8,1,3,12,12,2
14757395258967641292,0,0,0,0,0,0,0,0
14757395258967641292,7,-5,-15,-6,-16,-20,-17,-5
14757395258967641292,0,0,0,0,0,0,0,0
14757395258967641292,-1,0,12,1,3,1,7,1
14757395258967641292,0,0,0,0,0,0,0,0
14757395258967641292,0,0,0,0,0,0,0,0
14757395258967641292,-7,-1,-12,-7,-4,-4,-12,-13
14757395258967641292,6,10,-2,5,3,8,-9,0
14757395258967641292,0,0,0,0,0,0,0,0
14757395258967641292,0,0,0,0,0,0,0,0
14757395258967641292,0,0,0,0,0,0,0,0
14757395258967641292,-4,15,0,-2,0,-4,2,-4
14757395258967641292,0,0,0,0,0,0,0,0
14757395258967641292,-5,-6,24,6,13,10,8,-3
14757395258967641292,0,0,0,0,0,0,0,0
14757395258967641292,1,5,-6,-3,-2,5,-1,0
14757395258967641292,0,0,0,0,0,0,0,0
14757395258967641292,0,0,0,0,0,0,0,0
14757395258967641292,2,-7,-7,-1,-5,-2,-2,3
14757395258967641292,-1,1,2,6,5,10,10,1
14757395258967641292,0,0,0,0,0,0,0,0
14757395258967641292,0,0,0,0,0,0,0,0
14757395258967641292,0,0,0,0,0,0,0,0
14757395258967641292,0,-9,-15,-9,-13,-18,-10,1
14757395258967641292,0,0,0,0,0,0,0,0
14757395258967641292,-3,-2,3,2,3,-3,12,3
14757395258967641292,0,0,0,0,0,0,0,0
14757395258967641292,-4,0,1,-3,-4,-7,-2,0
14757395258967641292,0,0,0,0,0,0,0,0
14757395258967641292,0,0,0,0,0,0,0,0
14757395258967641292,2,-4,20,-3,-2,-6,2,2
14757395258967641292,0,0,0,0,0,0,0,0
14757395258967641292,0,0,0,0,0,0,0,0
14757395258967641292,0,0,0,0,0,0,0,0
14757395258967641292,0,0,0,0,0,0,0,0
14757395258967641292,-7,6,-14,-4,-5,-3,-5,-5
14757395258967641292,0,0,0,0,0,0,0,0
14757395258967641292,0,2,12,2,-4,-1,-2,-3
14757395258967641292,0,0,0,0,0,0,0,0
14757395258967641292,1,0,2,-4,0,2,-2,-2
14757395258967641292,0,0,0,0,0,0,0,0
14757395258967641292,0,0,0,0,0,0,0,0
14757395258967641292,1,-4,48,-10,-9,0,-3,2
14757395258967641292,1,-6,-6,-1,-6,-5,3,0
14757395258967641292,0,0,0,0,0,0,0,0
14757395258967641292,0,0,0,0,0,0,0,0
14757395258967641292,0,0,0,0,0,0,0,0
14757395258967641292,-6,-9,-17,-3,-2,1,-1,-5
14757395258967641292,0,0,0,0,0,0,0,0
14757395258967641292,-3,18,-15,-1,0,-4,-3,-4
14757395258967641292,0,0,0,0,0,0,0,0
14757395258967641292,5,-7,-7,0,-5,-1,1,8
14757395258967641292,0,0,0,0,0,0,0,0
14757395258967641292,0,0,0,0,0,0,0,0
14757395258967641292,-4,-3,31,-2,1,-6,-4,-4
14757395258967641292,1,-13,-4,-2,-2,-4,2,1
14757395258967641292,0,0,0,0,0,0,0,0
14757395258967641292,0,0,0,0,0,0,0,0
14757395258967641292,0,0,0,0,0,0,0,0
14757395258967641292,-1,13,12,0,0,-4,-11,-5
14757395258967641292,0,0,0,0,0,0,0,0
14757395258967641292,0,9,-18,8,11,14,7,-3
14757395258967641292,0,0,0,0,0,0,0,0
14757395258967641292,-1,6,1,-1,1,7,2,-2
14757395258967641292,0,0,0,0,0,0,0,0
14757395258967641292,0,0,0,0,0,0,0,0
14757395258967641292,-1,4,8,2,4,0,2,-2
14757395258967641292,0,0,0,0,0,0,0,0
14757395258967641292,0,0,0,0,0,0,0,0
14757395258967641292,0,0,0,0,0,0,0,0
14757395258967641292,0,0,0,0,0,0,0,0
14757395258967641292,0,0,4,-2,3,0,2,-2
14757395258967641292,0,0,0,0,0,0,0,0
14757395258967641292,-6,5,-23,-1,2,4,3,-6
14757395258967641292,0,0,0,0,0,0,0,0
14757395258967641292,0,0,-3,-3,-2,0,-1,0
14757395258967641292,0,0,0,0,0,0,0,0
14757395258967641292,0,0,0,0,0,0,0,0
14757395258967641292,0,5,-8,4,-1,-6,-4,-1
14757395258967641292,0,13,-17,-3,-5,-1,0,-2
14757395258967641292,0,0,0,0,0,0,0,0
14757395258967641292,0,0,0,0,0,0,0,0
14757395258967641292,0,0,0,0,0,0,0,0
14757395258967641292,0,-2,-4,1,0,-1,-2,1
14757395258967641292,0,0,0,0,0,0,0,0
14757395258967641292,0,23,3,-9,-3,-7,-3,-2
14757395258967641292,0,0,0,0,0,0,0,0
14757395258967641292,1,1,-4,0,2,3,-2,1
14757395258967641292,0,0,0,0,0,0,0,0
14757395258967641292,0,0,0,0,0,0,0,0
14757395258967641292,-4,-3,23,1,0,-1,0,-3
14757395258967641292,0,0,0,0,0,0,0,0
14757395258967641292,0,0,0,0,0,0,0,0
14757395258967641292,0,0,0,0,0,0,0,0
14757395258967641292,0,0,0,0,0,0,0,0
14757395258967641292,-3,-2,-14,-2,-5,-6,-2,-3
14757395258967641292,0,0,0,0,0,0,0,0
14757395258967641292,0,-2,30,0,0,-1,-1,-3
14757395258967641292,0,0,0,0,0,0,0,0
14757395258967641292,2,1,1,-6,4,3,6,2
14757395258967641292,0,0,0,0,0,0,0,0
14757395258967641292,0,0,0,0,0,0,0,0
14757395258967641292,0,0,-12,-2,1,3,4,1
14757395258967641292,0,4,38,-2,-1,-2,-3,0
14757395258967641292,0,0,0,0,0,0,0,0
14757395258967641292,0,0,0,0,0,0,0,0
14757395258967641292,0,0,0,0,0,0,0,0
14757395258967641292,-2,-9,-13,-1,1,1,1,-3
14757395258967641292,0,0,0,0,0,0,0,0
14757395258967641292,0,-1,-8,-6,-5,-4,-3,-1
14757395258967641292,0,0,0,0,0,0,0,0
14757395258967641292,-1,-12,-11,3,0,-2,0,-2
14757395258967641292,0,0,0,0,0,0,0,0
14757395258967641292,0,0,0,0,0,0,0,0
14757395258967641292,-1,-1,-8,-4,-2,0,1,0
14757395258967641292,0,0,0,0,0,0,0,0
14757395258967641292,0,0,0,0,0,0,0,0
14757395258967641292,0,0,0,0,0,0,0,0
14757395258967641292,0,0,0,0,0,0,0,0
14757395258967641292,-3,-1,-10,1,4,8,3,-2
14757395258967641292,0,0,0,0,0,0,0,0
14757395258967641292,0,0,0,0,0,0,0,0
14757395258967641292,-4,-12,-17,3,-2,-4,-1,-4
14757395258967641292,-5,-24,4,4,-4,-3,-3,-1
14757395258967641292,0,0,0,0,0,0,0,0
14757395258967641292,0,0,0,0,0,0,0,0
14757395258967641292,2,-6,3,-6,-2,2,0,-1
14757395258967641292,1,0,-17,4,-1,-8,-5,0
14757395258967641292,0,0,0,0,0,0,0,0
14757395258967641292,0,0,0,0,0,0,0,0
14757395258967641292,0,0,0,0,0,0,0,0
14757395258967641292,1,4,10,0,0,-2,-1,1
14757395258967641292,0,0,0,0,0,0,0,0
14757395258967641292,0,0,0,0,0,0,0,0
14757395258967641292,0,4,-5,1,0,-2,-3,-1
14757395258967641292,-2,2,3,2,-2,-2,-1,-2
14757395258967641292,0,0,0,0,0,0,0,0
14757395258967641292,0,0,0,0,0,0,0,0
14757395258967641292,-1,0,16,-5,-2,-1,1,-2
14757395258967641292,1,7,-6,0,2,-2,-2,0
14757395258967641292,0,0,0,0,0,0,0,0
14757395258967641292,0,0,0,0,0,0,0,0
14757395258967641292,0,0,0,0,0,0,0,0
14757395258967641292,0,14,-8,-4,-4,-1,4,1
14757395258967641292,0,0,0,0,0,0,0,0
14757395258967641292,0,0,0,0,0,0,0,0
14757395258967641292,0,0,0,0,0,0,0,0
14757395258967641292,2,6,-8,-2,1,-3,-3,-1
14757395258967641292,-1,-9,4,-4,0,0,-2,-1
14757395258967641292,0,0,0,0,0,0,0,0
14757395258967641292,-2,-2,-9,1,-3,0,-2,-1
14757395258967641292,1,0,0,-3,-1,-5,0,-2
14757395258967641292,0,0,0,0,0,0,0,0
14757395258967641292,0,0,0,0,0,0,0,0
14757395258967641292,0,0,0,0,0,0,0,0
14757395258967641292,-1,-2,-21,-3,-1,0,-2,-2
14757395258967641292,0,0,0,0,0,0,0,0
14757395258967641292,0,0,0,0,0,0,0,0
14757395258967641292,0,0,0,0,0,0,0,0
14757395258967641292,-1,3,1,1,-2,3,2,-2
14757395258967641292,-1,-6,1,-6,-2,0,-6,-2
14757395258967641292,0,0,0,0,0,0,0,0
14757395258967641292,-2,22,-1,-4,2,-1,3,-1
14757395258967641292,1,3,2,-1,-4,-5,1,1
14757395258967641292,0,0,0,0,0,0,0,0
14757395258967641292,0,0,0,0,0,0,0,0
14757395258967641292,0,0,0,0,0,0,0,0
14757395258967641292,-2,-1,-5,3,1,1,-1,0
14757395258967641292,0,0,0,0,0,0,0,0
14757395258967641292,0,0,0,0,0,0,0,0
14757395258967641292,0,0,0,0,0,0,0,0
14757395258967641292,-2,-6,-6,-3,-4,-5,1,-1
14757395258967641292,-2,-3,10,-4,-1,-1,0,-2
14757395258967641292,0,0,0,0,0,0,0,0
14757395258967641292,-1,-8,8,13,-4,1,0,0
14757395258967641292,-1,2,4,0,4,6,-2,-4
14757395258967641292,0,0,0,0,0,0,0,0
14757395258967641292,0,0,0,0,0,0,0,0
14757395258967641292,0,0,0,0,0,0,0,0
14757395258967641292,2,-3,-12,-2,-3,0,-1,-1
14757395258967641292,0,0,0,0,0,0,0,0
14757395258967641292,0,0,0,0,0,0,0,0
14757395258967641292,0,0,0,0,0,0,0,0
14757395258967641292,1,-5,-1,-3,-3,-5,-3,0
14757395258967641292,-5,0,-18,-5,-1,3,1,0
14757395258967641292,0,0,0,0,0,0,0,0
14757395258967641292,-2,0,12,-4,0,0,0,-1
14757395258967641292,0,0,0,0,0,0,0,0
14757395258967641292,0,1,15,0,-2,-7,-1,-1
14757395258967641292,0,0,0,0,0,0,0,0
14757395258967641292,0,0,0,0,0,0,0,0
14757395258967641292,-2,2,-5,1,-1,-1,0,-1
14757395258967641292,0,0,0,0,0,0,0,0
14757395258967641292,0,0,0,0,0,0,0,0
14757395258967641292,0,0,0,0,0,0,0,0
14757395258967641292,0,7,6,-4,0,1,-2,1
14757395258967641292,-2,-1,3,0,1,-2,5,0
14757395258967641292,0,0,0,0,0,0,0,0
14757395258967641292,0,-1,2,-6,0,0,-2,-3
14757395258967641292,0,-2,-2,-4,-6,-1,-3,-3
14757395258967641292,0,0,0,0,0,0,0,0
14757395258967641292,0,0,0,0,0,0,0,0
14757395258967641292,0,0,0,0,0,0,0,0
14757395258967641292,-1,2,7,-5,0,2,-1,0
14757395258967641292,0,0,0,0,0,0,0,0
14757395258967641292,0,0,0,0,0,0,0,0
14757395258967641292,0,0,0,0,0,0,0,0
14757395258967641292,-2,-3,33,2,-2,-1,-6,-1
14757395258967641292,0,0,0,0,0,0,0,0
14757395258967641292,0,0,0,0,0,0,0,0
14757395258967641292,-1,-1,4,-5,0,0,-6,-2
14757395258967641292,-2,3,13,2,0,-1,-4,0
14757395258967641292,0,0,0,0,0,0,0,0
14757395258967641292,0,0,0,0,0,0,0,0
14757395258967641292,0,0,0,0,0,0,0,0
14757395258967641292,2,1,-15,2,-2,2,0,-2
14757395258967641292,0,0,0,0,0,0,0,0
14757395258967641292,0,0,0,0,0,0,0,0
14757395258967641292,0,0,0,0,0,0,0,0
14757395258967641292,-2,-5,-3,-2,-2,0,-2,-2
14757395258967641292,0,0,0,0,0,0,0,0
14757395258967641292,0,0,0,0,0,0,0,0
14757395258967641292,-1,1,-10,-1,-3,4,-1,-2
14757395258967641292,-1,-3,-21,-2,0,-5,2,1
14757395258967641292,0,0,0,0,0,0,0,0
14757395258967641292,0,0,0,0,0,0,0,0
14757395258967641292,0,0,0,0,0,0,0,0
14757395258967641292,-1,-1,-7,-4,-1,-1,1,-2
14757395258967641292,0,0,0,0,0,0,0,0
14757395258967641292,0,0,0,0,0,0,0,0
14757395258967641292,0,0,0,0,0,0,0,0
14757395258967641292,1,0,-4,-4,-4,0,0,-2
14757395258967641292,0,-11,-2,2,-2,-1,-2,-1
14757395258967641292,0,0,0,0,0,0,0,0
14757395258967641292,-1,-4,-4,-1,0,-2,2,1
14757395258967641292,1,2,12,-3,0,-4,-2,-1
14757395258967641292,0,0,0,0,0,0,0,0
14757395258967641292,0,0,0,0,0,0,0,0
14757395258967641292,0,0,0,0,0,0,0,0
14757395258967641292,-4,3,5,-1,-1,0,4,-1
14757395258967641292,0,0,0,0,0,0,0,0
14757395258967641292,0,0,0,0,0,0,0,0
14757395258967641292,0,0,0,0,0,0,0,0
14757395258967641292,1,0,-8,-1,-1,-2,-4,-1
14757395258967641292,0,1,-6,-2,-1,1,-2,-2
14757395258967641292,0,0,0,0,0,0,0,0
14757395258967641292,-2,-6,4,-5,-2,-3,2,-1
14757395258967641292,0,0,0,0,0,0,0,0
14757395258967641292,-1,4,35,3,3,3,-5,-3
14757395258967641292,0,0,0,0,0,0,0,0
14757395258967641292,0,0,0,0,0,0,0,0
14757395258967641292,-1,15,-14,-7,-1,-2,0,0
14757395258967641292,0,0,0,0,0,0,0,0
14757395258967641292,0,0,0,0,0,0,0,0
14757395258967641292,0,0,0,0,0,0,0,0
14757395258967641292,1,0,-6,-3,-3,-5,-4,-3
14757395258967641292,0,-1,-39,-6,0,-8,-1,2
14757395258967641292,0,0,0,0,0,0,0,0
14757395258967641292,0,4,-3,-13,0,-1,-3,1
14757395258967641292,0,0,0,0,0,0,0,0
14757395258967641292,1,-3,17,0,-2,3,-1,-2
14757395258967641292,0,0,0,0,0,0,0,0
14757395258967641292,0,0,0,0,0,0,0,0
14757395258967641292,-2,-3,-14,-3,-2,-2,1,-1
14757395258967641292,0,0,0,0,0,0,0,0
14757395258967641292,0,0,0,0,0,0,0,0
14757395258967641292,0,0,0,0,0,0,0,0
14757395258967641292,0,-7,-2,4,3,-4,0,2
14757395258967641292,0,0,0,0,0,0,0,0
14757395258967641292,0,0,0,0,0,0,0,0
14757395258967641292,-3,-1,-1,-2,-2,1,4,-1
14757395258967641292,0,0,0,0,0,0,0,0
14757395258967641292,-1,-3,12,1,-1,2,-2,-2
14757395258967641292,0,0,0,0,0,0,0,0
14757395258967641292,0,0,0,0,0,0,0,0
14757395258967641292,-1,-7,4,-1,-4,2,-1,-3
14757395258967641292,0,0,0,0,0,0,0,0
14757395258967641292,0,0,0,0,0,0,0,0
14757395258967641292,0,0,0,0,0,0,0,0
14757395258967641292,0,0,-14,2,-2,2,0,1
14757395258967641292,0,0,0,0,0,0,0,0
14757395258967641292,0,0,0,0,0,0,0,0
14757395258967641292,-1,0,-6,0,1,-2,-1,0
14757395258967641292,0,0,0,0,0,0,0,0
14757395258967641292,-1,-3,-7,-1,0,-1,-1,1
14757395258967641292,0,0,0,0,0,0,0,0
14757395258967641292,0,0,0,0,0,0,0,0
14757395258967641292,-2,-3,-4,1,-3,-1,3,-2
14757395258967641292,0,0,0,0,0,0,0,0
14757395258967641292,0,0,0,0,0,0,0,0
14757395258967641292,0,0,0,0,0,0,0,0
14757395258967641292,0,1,9,-2,-3,1,-3,-1
14757395258967641292,-1,-6,-10,2,-2,-2,2,0
14757395258967641292,0,0,0,0,0,0,0,0
14757395258967641292,-3,2,1,-13,-2,-4,-3,-1
14757395258967641292,0,0,0,0,0,0,0,0
14757395258967641292,-2,3,10,-4,0,1,-3,-1
14757395258967641292,0,0,0,0,0,0,0,0
14757395258967641292,0,0,0,0,0,0,0,0
14757395258967641292,-2,0,10,2,-1,-3,-2,-3
14757395258967641292,0,0,0,0,0,0,0,0
14757395258967641292,0,0,0,0,0,0,0,0
14757395258967641292,0,0,0,0,0,0,0,0
14757395258967641292,-2,2,13,0,-4,-2,0,-1
14757395258967641292,0,3,6,0,2,2,-2,-2
14757395258967641292,0,0,0,0,0,0,0,0
14757395258967641292,-1,5,-4,1,3,-2,2,0
14757395258967641292,0,0,0,0,0,0,0,0
14757395258967641292,1,2,17,-1,1,0,-3,-1
14757395258967641292,0,0,0,0,0,0,0,0
14757395258967641292,0,0,0,0,0,0,0,0
14757395258967641292,0,0,0,0,0,0,0,0
14757395258967641292,-2,-3,-9,2,-2,-4,-2,-1
14757395258967641292,-2,-6,-12,0,-2,0,0,-1
14757395258967641292,0,0,0,0,0,0,0,0
14757395258967641292,-2,-1,9,1,0,-2,0,-2
14757395258967641292,-1,-5,-2,-1,-4,2,-3,-3
14757395258967641292,0,0,0,0,0,0,0,0
14757395258967641292,-1,-2,-2,1,-5,-2,-4,-1
14757395258967641292,0,0,0,0,0,0,0,0
14757395258967641292,0,0,0,0,0,0,0,0
14757395258967641292,-3,7,-3,-2,0,0,-1,-2
14757395258967641292,0,0,0,0,0,0,0,0
14757395258967641292,-1,-3,-1,-3,-2,0,-1,-1
14757395258967641292,0,0,0,0,0,0,0,0
14757395258967641292,0,0,0,0,0,0,0,0
14757395258967641292,0,0,0,0,0,0,0,0
14757395258967641292,0,-2,3,2,0,-2,-1,-1
14757395258967641292,0,-1,-4,-1,3,-6,-3,-1
14757395258967641292,0,0,0,0,0,0,0,0
14757395258967641292,0,0,0,0,0,0,0,0
14757395258967641292,0,0,0,0,0,0,0,0
14757395258967641292,0,-1,-12,-1,-1,-1,-2,1
14757395258967641292,0,0,0,0,0,0,0,0
14757395258967641292,0,0,0,0,0,0,0,0
14757395258967641292,-1,1,22,-2,-2,-3,-1,0
14757395258967641292,0,0,0,0,0,0,0,0
14757395258967641292,0,0,0,0,0,0,0,0
14757395258967641292,0,0,0,0,0,0,0,0
14757395258967641292,-3,-7,-9,-1,0,3,2,-1
14757395258967641292,-3,-7,-8,-5,-5,-4,-1,-2
14757395258967641292,0,0,0,0,0,0,0,0
14757395258967641292,0,0,0,0,0,0,0,0
14757395258967641292,0,0,0,0,0,0,0,0
14757395258967641292,-1,1,-17,2,-4,0,-1,-1
14757395258967641292,0,0,0,0,0,0,0,0
14757395258967641292,0,0,0,0,0,0,0,0
14757395258967641292,1,1,-11,-1,-1,2,0,-1
14757395258967641292,0,0,0,0,0,0,0,0
14757395258967641292,0,0,0,0,0,0,0,0
14757395258967641292,0,0,0,0,0,0,0,0
14757395258967641292,1,1,13,-1,1,-1,-1,-1
14757395258967641292,-2,-4,4,-3,-1,1,-2,-3
14757395258967641292,0,0,0,0,0,0,0,0
14757395258967641292,0,0,0,0,0,0,0,0
14757395258967641292,0,0,0,0,0,0,0,0
14757395258967641292,-1,0,-20,-8,-1,-2,-2,1
14757395258967641292,0,0,0,0,0,0,0,0
14757395258967641292,0,0,0,0,0,0,0,0
14757395258967641292,-2,-4,-5,-3,-2,-5,2,-1
14757395258967641292,0,0,0,0,0,0,0,0
14757395258967641292,0,0,0,0,0,0,0,0
14757395258967641292,0,0,0,0,0,0,0,0
14757395258967641292,-2,1,34,-5,0,0,-1,-1
14757395258967641292,-2,3,14,7,0,0,-1,-2
14757395258967641292,0,0,0,0,0,0,0,0
14757395258967641292,0,0,0,0,0,0,0,0
14757395258967641292,0,0,0,0,0,0,0,0
14757395258967641292,1,0,22,-2,0,0,-2,1
14757395258967641292,0,0,0,0,0,0,0,0
14757395258967641292,0,0,0,0,0,0,0,0
14757395258967641292,1,7,9,-2,-1,1,-3,0
14757395258967641292,0,-7,-9,3,-1,-3,2,1
14757395258967641292,0,0,0,0,0,0,0,0
14757395258967641292,0,0,0,0,0,0,0,0
14757395258967641292,-2,-1,-4,0,1,-1,1,-1
14757395258967641292,0,0,0,0,0,0,0,0
14757395258967641292,2,3,15,0,-5,-4,-2,-1
14757395258967641292,0,0,0,0,0,0,0,0
14757395258967641292,0,0,0,0,0,0,0,0
14757395258967641292,-1,-1,-1,2,-1,0,-6,0
14757395258967641292,0,0,0,0,0,0,0,0
14757395258967641292,0,0,0,0,0,0,0,0
14757395258967641292,-1,14,1,-3,0,-4,-2,0
14757395258967641292,-1,1,7,-4,0,2,-1,0
14757395258967641292,0,0,0,0,0,0,0,0
14757395258967641292,0,0,0,0,0,0,0,0
14757395258967641292,0,3,2,-2,0,-3,0,-2
14757395258967641292,0,4,-10,-1,-1,1,0,-2
14757395258967641292,0,0,0,0,0,0,0,0
14757395258967641292,0,0,0,0,0,0,0,0
14757395258967641292,0,0,0,0,0,0,0,0
14757395258967641292,-1,-1,-13,-1,0,0,-1,-2
14757395258967641292,0,0,0,0,0,0,0,0
14757395258967641292,0,0,0,0,0,0,0,0
14757395258967641292,-1,-5,-4,-3,0,-1,0,-1
14757395258967641292,-2,-2,-6,1,0,0,-1,-1
14757395258967641292,0,0,0,0,0,0,0,0
14757395258967641292,0,0,0,0,0,0,0,0
14757395258967641292,-1,-2,-2,-4,-1,-2,1,-1
14757395258967641292,0,0,0,0,0,0,0,0
14757395258967641292,0,0,0,0,0,0,0,0
14757395258967641292,0,0,0,0,0,0,0,0
14757395258967641292,0,0,0,0,0,0,0,0
14757395258967641292,1,-4,9,0,-4,-2,-3,0
14757395258967641292,0,0,0,0,0,0,0,0
14757395258967641292,0,0,0,0,0,0,0,0
14757395258967641292,2,-1,-3,0,0,-4,0,0
14757395258967641292,-1,-7,-12,-1,-3,-3,0,-1
14757395258967641292,0,0,0,0,0,0,0,0
14757395258967641292,0,0,0,0,0,0,0,0
14757395258967641292,-1,6,-6,-4,-2,2,-4,-4
14757395258967641292,0,0,0,0,0,0,0,0
14757395258967641292,0,0,0,0,0,0,0,0
14757395258967641292,0,0,0,0,0,0,0,0
14757395258967641292,0,0,0,0,0,0,0,0
14757395258967641292,-1,-2,0,-1,-1,1,-1,-1
14757395258967641292,0,0,0,0,0,0,0,0
14757395258967641292,0,0,0,0,0,0,0,0
14757395258967641292,-1,-5,20,-3,-1,-2,0,-1
14757395258967641292,-2,0,7,-11,2,-2,1,0
14757395258967641292,0,0,0,0,0,0,0,0
14757395258967641292,0,0,0,0,0,0,0,0
14757395258967641292,-1,-2,-5,4,-1,-2,1,0
14757395258967641292,0,0,0,0,0,0,0,0
14757395258967641292,0,0,0,0,0,0,0,0
14757395258967641292,0,0,0,0,0,0,0,0
14757395258967641292,0,0,0,0,0,0,0,0
14757395258967641292,0,2,1,-3,-3,-2,2,1
14757395258967641292,0,0,0,0,0,0,0,0
14757395258967641292,0,0,0,0,0,0,0,0
14757395258967641292,0,0,0,0,0,0,0,0
14757395258967641292,-1,-2,5,2,-3,-5,-1,-1
14757395258967641292,0,0,0,0,0,0,0,0
14757395258967641292,0,0,0,0,0,0,0,0
14757395258967641292,-3,-15,4,-2,1,-3,1,-2
14757395258967641292,0,0,0,0,0,0,0,0
14757395258967641292,0,0,0,0,0,0,0,0
14757395258967641292,0,0,0,0,0,0,0,0
14757395258967641292,0,0,0,0,0,0,0,0
14757395258967641292,-1,1,-2,0,-1,1,0,-1
14757395258967641292,0,0,0,0,0,0,0,0
14757395258967641292,-2,-2,6,1,-2,0,-3,-5
14757395258967641292,0,0,0,0,0,0,0,0
14757395258967641292,-1,-2,-33,-8,-3,-1,0,0
14757395258967641292,0,0,0,0,0,0,0,0
14757395258967641292,0,0,0,0,0,0,0,0
14757395258967641292,-2,-2,25,-1,1,4,-3,-2
14757395258967641292,0,0,0,0,0,0,0,0
14757395258967641292,0,0,0,0,0,0,0,0
14757395258967641292,0,0,0,0,0,0,0,0
14757395258967641292,0,0,0,0,0,0,0,0
14757395258967641292,-1,-2,-32,0,-1,-1,-2,-3
14757395258967641292,0,0,0,0,0,0,0,0
14757395258967641292,-2,-2,-4,3,0,4,0,1
14757395258967641292,0,0,0,0,0,0,0,0
14757395258967641292,1,7,9,7,0,-1,-5,-3
14757395258967641292,0,0,0,0,0,0,0,0
14757395258967641292,0,0,0,0,0,0,0,0
14757395258967641292,0,3,-2,-1,-1,-2,1,2
14757395258967641292,0,0,0,0,0,0,0,0
14757395258967641292,0,0,0,0,0,0,0,0
14757395258967641292,0,0,0,0,0,0,0,0
14757395258967641292,0,0,0,0,0,0,0,0
14757395258967641292,0,-7,7,2,2,0,-1,-1
14757395258967641292,0,0,0,0,0,0,0,0
14757395258967641292,0,-5,-7,-1,-1,-3,1,1
14757395258967641292,0,0,0,0,0,0,0,0
14757395258967641292,1,-1,7,-1,-2,-2,-2,-1
14757395258967641292,0,0,0,0,0,0,0,0
14757395258967641292,0,0,0,0,0,0,0,0
14757395258967641292,-2,3,2,-1,-4,-4,-2,-2
14757395258967641292,1,3,-11,2,-2,-3,-1,2
14757395258967641292,0,0,0,0,0,0,0,0
14757395258967641292,0,0,0,0,0,0,0,0
14757395258967641292,0,0,0,0,0,0,0,0
14757395258967641292,-2,-1,-12,-3,-1,-2,-1,-3
14757395258967641292,0,0,0,0,0,0,0,0
14757395258967641292,0,0,0,0,0,0,0,0
14757395258967641292,1,0,-17,0,0,3,0,2
14757395258967641292,-2,-2,26,2,-1,-3,-1,-1
14757395258967641292,0,0,0,0,0,0,0,0
14757395258967641292,0,0,0,0,0,0,0,0
14757395258967641292,0,4,-9,0,2,0,-1,-1
14757395258967641292,0,-4,-11,-1,-2,-1,1,1
14757395258967641292,0,0,0,0,0,0,0,0
14757395258967641292,0,0,0,0,0,0,0,0
14757395258967641292,0,0,0,0,0,0,0,0
14757395258967641292,-1,-3,-5,1,1,3,0,0
14757395258967641292,0,0,0,0,0,0,0,0
14757395258967641292,0,0,0,0,0,0,0,0
14757395258967641292,1,4,-11,-1,-2,-2,-3,-2
14757395258967641292,0,1,1,-3,-2,-3,-1,0
14757395258967641292,0,0,0,0,0,0,0,0
14757395258967641292,0,0,0,0,0,0,0,0
14757395258967641292,0,3,-5,4,-1,-3,2,0
14757395258967641292,-2,-2,-7,2,-1,2,-1,-2
14757395258967641292,0,0,0,0,0,0,0,0
14757395258967641292,0,0,0,0,0,0,0,0
14757395258967641292,0,0,0,0,0,0,0,0
14757395258967641292,-1,-1,6,0,-2,-3,-3,-3
14757395258967641292,0,0,0,0,0,0,0,0
14757395258967641292,0,0,0,0,0,0,0,0
14757395258967641292,-2,2,20,-4,-1,-5,-2,-1
14757395258967641292,0,5,0,0,-1,0,-1,0
14757395258967641292,0,0,0,0,0,0,0,0
14757395258967641292,0,0,0,0,0,0,0,0
14757395258967641292,-3,-4,-20,1,-1,-3,2,-2
14757395258967641292,0,-1,27,-5,0,-1,0,-2
14757395258967641292,0,0,0,0,0,0,0,0
14757395258967641292,0,0,0,0,0,0,0,0
14757395258967641292,0,0,0,0,0,0,0,0
14757395258967641292,-3,-2,2,1,-4,-1,-1,-3
14757395258967641292,0,0,0,0,0,0,0,0
14757395258967641292,0,0,0,0,0,0,0,0
14757395258967641292,0,5,-1,-1,0,-1,0,1
14757395258967641292,-4,-4,23,-5,0,-2,-3,0
14757395258967641292,0,0,0,0,0,0,0,0
14757395258967641292,0,0,0,0,0,0,0,0
14757395258967641292,0,5,6,4,-1,1,1,-1
14757395258967641292,1,4,-7,0,1,1,-2,0
14757395258967641292,0,0,0,0,0,0,0,0
14757395258967641292,0,0,0,0,0,0,0,0
14757395258967641292,0,0,0,0,0,0,0,0
14757395258967641292,-3,5,-1,-4,-1,-1,-1,-2
14757395258967641292,0,0,0,0,0,0,0,0
14757395258967641292,0,0,0,0,0,0,0,0
14757395258967641292,0,0,0,0,0,0,0,0
14757395258967641292,-1,4,-9,0,-1,3,2,-3
14757395258967641292,0,-3,-15,1,-3,3,-2,0
14757395258967641292,0,0,0,0,0,0,0,0
14757395258967641292,0,-1,13,3,3,0,-1,-2
14757395258967641292,-1,-3,-15,-2,0,-6,3,1
14757395258967641292,0,0,0,0,0,0,0,0
14757395258967641292,0,0,0,0,0,0,0,0
14757395258967641292,0,0,0,0,0,0,0,0
14757395258967641292,0,-7,-39,-8,1,-1,-1,-2
14757395258967641292,0,0,0,0,0,0,0,0
14757395258967641292,0,0,0,0,0,0,0,0
14757395258967641292,0,0,0,0,0,0,0,0
14757395258967641292,2,0,-9,-4,-2,-1,-2,0
14757395258967641292,2,5,10,3,-1,-1,-3,0
14757395258967641292,0,0,0,0,0,0,0,0
14757395258967641292,-1,-1,17,-2,2,2,0,-2
14757395258967641292,-2,-3,1,1,-2,-1,2,2
14757395258967641292,0,0,0,0,0,0,0,0
14757395258967641292,0,0,0,0,0,0,0,0
14757395258967641292,0,0,0,0,0,0,0,0
14757395258967641292,1,-2,-2,-2,0,3,0,0
14757395258967641292,0,0,0,0,0,0,0,0
14757395258967641292,0,0,0,0,0,0,0,0
14757395258967641292,0,0,0,0,0,0,0,0
14757395258967641292,-2,-1,-2,-1,1,-1,-2,-1
14757395258967641292,-2,-11,-1,-1,1,-1,3,-2
14757395258967641292,0,0,0,0,0,0,0,0
14757395258967641292,-2,-3,25,-3,-1,0,1,-1
14757395258967641292,0,0,0,0,0,0,0,0
14757395258967641292,0,0,0,0,0,0,0,0
14757395258967641292,-2,-2,2,1,-2,-1,-2,-1
14757395258967641292,0,0,0,0,0,0,0,0
14757395258967641292,-1,7,-2,-7,-3,-1,-4,-2
14757395258967641292,0,0,0,0,0,0,0,0
14757395258967641292,0,0,0,0,0,0,0,0
14757395258967641292,0,0,0,0,0,0,0,0
14757395258967641292,-1,2,-8,-5,-4,-2,-1,0
14757395258967641292,-1,-7,-8,1,-4,-3,-2,-2
14757395258967641292,0,0,0,0,0,0,0,0
14757395258967641292,-2,-6,5,-2,-2,1,-5,-2
14757395258967641292,-2,1,3,2,0,2,1,-1
14757395258967641292,0,0,0,0,0,0,0,0
14757395258967641292,0,0,0,0,0,0,0,0
14757395258967641292,0,0,0,0,0,0,0,0
14757395258967641292,-4,4,5,3,-3,-1,-1,0
14757395258967641292,0,0,0,0,0,0,0,0
14757395258967641292,0,0,0,0,0,0,0,0
14757395258967641292,0,0,0,0,0,0,0,0
14757395258967641292,0,-2,-7,-2,-1,0,-2,-1
14757395258967641292,2,0,-2,-2,-1,-4,1,0
14757395258967641292,0,0,0,0,0,0,0,0
14757395258967641292,-1,-1,-9,1,0,-1,2,-1
14757395258967641292,-1,-5,5,2,-2,0,0,-1
14757395258967641292,0,0,0,0,0,0,0,0
14757395258967641292,0,0,0,0,0,0,0,0
14757395258967641292,0,0,0,0,0,0,0,0
14757395258967641292,-2,-16,-4,-1,-3,-2,-1,-2
14757395258967641292,0,0,0,0,0,0,0,0
14757395258967641292,0,0,0,0,0,0,0,0
14757395258967641292,0,0,0,0,0,0,0,0
14757395258967641292,0,5,3,-1,0,0,-2,2
14757395258967641292,0,0,0,0,0,0,0,0
14757395258967641292,0,0,0,0,0,0,0,0
14757395258967641292,0,-2,-13,4,-1,3,-1,0
14757395258967641292,0,5,-8,-4,3,0,-1,-1
14757395258967641292,0,0,0,0,0,0,0,0
14757395258967641292,0,0,0,0,0,0,0,0
14757395258967641292,0,0,0,0,0,0,0,0
14757395258967641292,-1,6,0,-1,-3,-2,-3,-3
14757395258967641292,0,0,0,0,0,0,0,0
14757395258967641292,0,0,0,0,0,0,0,0
14757395258967641292,0,0,0,0,0,0,0,0
14757395258967641292,2,-2,0,3,-1,3,-2,-1
14757395258967641292,0,0,0,0,0,0,0,0
14757395258967641292,0,0,0,0,0,0,0,0
14757395258967641292,-2,1,0,-2,-2,2,-1,-4
14757395258967641292,-2,-4,12,-1,0,-2,-3,-2
14757395258967641292,0,0,0,0,0,0,0,0
14757395258967641292,0,0,0,0,0,0,0,0
14757395258967641292,0,0,0,0,0,0,0,0
14757395258967641292,0,-4,-11,-1,0,1,0,0
14757395258967641292,0,0,0,0,0,0,0,0
14757395258967641292,0,0,0,0,0,0,0,0
14757395258967641292,0,0,0,0,0,0,0,0
14757395258967641292,-1,-1,-6,-3,0,-4,-3,-1
14757395258967641292,0,0,0,0,0,0,0,0
14757395258967641292,0,0,0,0,0,0,0,0
14757395258967641292,-2,-1,-8,-2,-1,3,1,-1
14757395258967641292,0,0,0,0,0,0,0,0
14757395258967641292,-2,1,4,-3,-1,-2,1,-1
14757395258967641292,0,0,0,0,0,0,0,0
14757395258967641292,0,0,0,0,0,0,0,0
14757395258967641292,2,-1,-4,-2,-4,-1,1,0
14757395258967641292,0,0,0,0,0,0,0,0
14757395258967641292,0,0,0,0,0,0,0,0
14757395258967641292,0,0,0,0,0,0,0,0
14757395258967641292,-1,0,-1,0,1,-1,0,-1
14757395258967641292,-1,13,13,0,3,0,-1,-1
14757395258967641292,0,0,0,0,0,0,0,0
14757395258967641292,-1,1,-1,-2,-3,-2,-3,-3
14757395258967641292,0,0,0,0,0,0,0,0
14757395258967641292,-2,-10,-10,2,-3,0,-1,0
14757395258967641292,0,0,0,0,0,0,0,0
14757395258967641292,0,0,0,0,0,0,0,0
14757395258967641292,0,1,0,-3,1,2,-1,0
14757395258967641292,0,0,0,0,0,0,0,0
14757395258967641292,0,0,0,0,0,0,0,0
14757395258967641292,0,0,0,0,0,0,0,0
14757395258967641292,0,-5,-11,5,-2,0,0,0
14757395258967641292,-1,-3,1,-1,-2,1,-3,-1
14757395258967641292,0,0,0,0,0,0,0,0
14757395258967641292,2,1,7,0,0,1,0,1
14757395258967641292,0,0,0,0,0,0,0,0
14757395258967641292,-1,2,-20,-2,0,0,-5,-2
14757395258967641292,0,0,0,0,0,0,0,0
14757395258967641292,0,0,0,0,0,0,0,0
14757395258967641292,-1,10,-1,0,-1,-3,0,-1
14757395258967641292,0,0,0,0,0,0,0,0
14757395258967641292,0,0,0,0,0,0,0,0
14757395258967641292,0,0,0,0,0,0,0,0
14757395258967641292,0,0,-10,-5,-3,1,1,2
14757395258967641292,0,-7,-5,-1,-1,-3,-1,-1
14757395258967641292,0,0,0,0,0,0,0,0
14757395258967641292,-1,-11,3,-1,0,1,0,-1
14757395258967641292,0,0,0,0,0,0,0,0
14757395258967641292,0,-4,-2,0,0,-2,1,0
14757395258967641292,0,0,0,0,0,0,0,0
14757395258967641292,0,0,0,0,0,0,0,0
14757395258967641292,-2,-5,5,1,-1,-2,-2,-1
14757395258967641292,0,0,0,0,0,0,0,0
14757395258967641292,0,0,0,0,0,0,0,0
14757395258967641292,0,0,0,0,0,0,0,0
14757395258967641292,-3,0,-6,0,-3,-3,-2,-3
14757395258967641292,0,0,6,-1,-2,0,1,-1
14757395258967641292,0,0,0,0,0,0,0,0
14757395258967641292,-1,-1,3,-1,-3,-4,-3,-2
14757395258967641292,0,0,0,0,0,0,0,0
14757395258967641292,0,-3,5,1,-3,0,0,0
14757395258967641292,0,0,0,0,0,0,0,0
14757395258967641292,0,0,0,0,0,0,0,0
14757395258967641292,-3,7,8,-3,1,2,0,-2
14757395258967641292,0,0,0,0,0,0,0,0
14757395258967641292,0,0,0,0,0,0,0,0
14757395258967641292,0,0,0,0,0,0,0,0
14757395258967641292,-2,-3,-1,2,-1,-1,0,-1
14757395258967641292,1,2,-7,2,0,1,1,0
14757395258967641292,0,0,0,0,0,0,0,0
14757395258967641292,-2,-3,0,-3,0,-3,-2,0
14757395258967641292,0,0,0,0,0,0,0,0
14757395258967641292,0,0,0,0,0,0,0,0
14757395258967641292,-3,-8,11,1,-2,0,-4,-2
14757395258967641292,0,0,0,0,0,0,0,0
14757395258967641292,-1,0,-6,-2,-2,-4,-4,-1
14757395258967641292,0,0,0,0,0,0,0,0
14757395258967641292,0,0,0,0,0,0,0,0
14757395258967641292,0,0,0,0,0,0,0,0
14757395258967641292,-2,1,-18,-5,-1,-2,1,0
14757395258967641292,-5,-3,8,5,-3,-1,1,-2
14757395258967641292,0,0,0,0,0,0,0,0
14757395258967641292,1,5,-9,6,-1,-1,-2,-1
14757395258967641292,0,0,0,0,0,0,0,0
14757395258967641292,-1,-1,-5,-4,-1,-2,1,-3
14757395258967641292,0,0,0,0,0,0,0,0
14757395258967641292,0,0,0,0,0,0,0,0
14757395258967641292,0,-1,4,1,0,-4,0,0
14757395258967641292,0,0,0,0,0,0,0,0
14757395258967641292,0,0,0,0,0,0,0,0
14757395258967641292,0,0,0,0,0,0,0,0
14757395258967641292,-2,-7,4,0,0,-2,-2,0
14757395258967641292,0,-2,-10,-1,1,2,-1,-2
14757395258967641292,0,0,0,0,0,0,0,0
14757395258967641292,-2,-1,5,1,0,1,-2,-1
14757395258967641292,0,0,0,0,0,0,0,0
14757395258967641292,0,3,-6,-3,1,0,2,-1
14757395258967641292,0,0,0,0,0,0,0,0
14757395258967641292,0,0,0,0,0,0,0,0
14757395258967641292,-3,-4,2,-6,1,-2,-2,0
14757395258967641292,0,0,0,0,0,0,0,0
14757395258967641292,0,0,0,0,0,0,0,0
14757395258967641292,0,0,0,0,0,0,0,0
14757395258967641292,-2,3,5,2,-2,0,0,-2
14757395258967641292,2,1,-2,-2,-2,-2,-1,-2
14757395258967641292,0,0,0,0,0,0,0,0
14757395258967641292,0,0,0,0,0,0,0,0
14757395258967641292,0,0,0,0,0,0,0,0
14757395258967641292,-1,-2,20,-1,-2,-5,-3,-2
14757395258967641292,0,0,0,0,0,0,0,0
14757395258967641292,0,0,0,0,0,0,0,0
14757395258967641292,1,1,-8,0,-2,-1,-1,-1
14757395258967641292,0,0,0,0,0,0,0,0
14757395258967641292,0,0,0,0,0,0,0,0
