Starting time:1454188505803713
Ending time:1454188516365806
1454188505803713,-1,-1,4,-4,0,-1,-1,-1
1454188505803713,1,-1,-1,-2,0,0,0,0
1454188505805687,-2,0,4,0,0,2,2,-1
1454188505805687,0,1,3,6,1,1,1,0
1454188505818724,-2,-1,-4,-2,-4,-4,-3,-1
1454188505818724,-3,-1,1,-5,-3,-3,-3,-1
1454188505820697,2,0,-2,2,0,0,0,-1
1454188505820697,0,0,-1,-3,-1,-3,-2,-2
1454188505832720,-1,-3,-2,-2,-2,1,1,-1
1454188505832720,-2,-2,-3,1,-2,-1,0,-2
1454188505841727,0,-2,-2,-3,-3,0,-1,-2
1454188505841727,-1,0,-1,-1,0,-2,0,0
1454188505856721,-1,1,-1,2,0,1,-1,1
1454188505856721,-3,2,0,-5,0,0,-1,0
1454188505857722,0,-1,7,4,4,0,0,0
1454188505857722,-1,-2,-24,-5,-4,-2,-1,0
1454188505878749,-3,-1,2,-4,-4,-2,-3,-3
1454188505878749,-1,0,-5,5,2,0,0,0
1454188505880751,-3,0,0,-3,-1,-2,0,0
1454188505880751,-2,-3,3,0,-2,-1,-1,0
1454188505892754,-1,-6,-2,1,-4,-2,-2,-2
1454188505892754,1,-3,-5,-1,-1,-2,0,-1
1454188505901766,-1,0,0,-5,-4,-3,-2,-3
1454188505901766,-1,-1,3,2,0,0,0,1
1454188505915776,-1,2,-3,0,2,2,1,-2
1454188505915776,-1,-2,4,-2,1,0,-3,-1
1454188505922769,-1,-3,-7,-6,-5,-3,-2,-2
1454188505922769,-1,0,5,4,3,1,0,0
1454188505938798,0,-1,-5,-2,-1,0,1,0
1454188505938798,2,2,2,1,-1,-2,-1,-2
1454188505940780,-1,-1,-1,-4,0,1,-1,1
1454188505940780,0,-1,3,4,-2,-3,0,-2
1454188505952788,-2,0,0,1,0,-1,1,0
1454188505952788,-2,-3,-14,-4,-2,1,-1,-1
1454188505961795,0,5,5,-1,-4,-2,-1,-2
1454188505961795,1,-2,2,-4,1,2,-2,0
1454188505975805,0,-3,-4,4,2,1,-1,-1
1454188505975805,-3,0,14,-1,-6,-2,0,-1
1454188505977806,0,-2,-7,-1,-2,-2,-3,0
1454188505977806,1,3,-1,-3,-2,-1,-1,-1
1454188505998821,1,1,3,1,-1,-3,0,-1
1454188505998821,0,-1,1,3,3,1,0,-1
1454188506000851,-1,-5,0,-1,0,1,0,-2
1454188506000851,-1,-2,2,-3,-1,-3,-1,-1
1454188506012627,-2,-3,-6,-3,-3,0,-1,0
1454188506012627,-2,1,0,0,-1,-3,-2,0
1454188506021638,-2,-3,4,1,0,0,0,1
1454188506021638,-1,-5,-16,-5,-3,-3,-1,0
1454188506036644,-1,0,2,-5,-2,-2,-2,-2
1454188506036644,-4,1,-1,1,1,1,0,0
1454188506037632,-1,1,3,-2,-2,-2,-2,0
1454188506037632,-2,-2,4,-5,-3,-1,-3,-2
1454188506058661,-1,-2,-5,-2,-2,0,-1,-1
1454188506058661,-1,-2,0,1,-1,-1,-2,1
1454188506060648,-2,-3,0,3,1,0,-1,0
1454188506060648,0,-2,-3,-2,-2,1,-2,-1
1454188506072696,-1,-1,-2,-1,0,-1,-2,-1
1454188506072696,0,-1,2,-7,-2,-2,-3,-3
1454188506081681,-2,-1,-14,1,-2,2,0,-1
1454188506081681,1,-2,0,2,-3,0,-2,-1
1454188506096682,-4,-2,0,-3,-3,-2,-2,-1
1454188506096682,-2,-1,0,-2,0,-1,-2,-1
1454188506097679,-3,-2,0,1,2,0,2,-1
1454188506097679,-1,1,-2,-6,-1,0,1,-1
1454188506118689,-1,1,4,8,0,0,-2,1
1454188506118689,1,-2,-16,-2,-1,-2,-3,0
1454188506120691,-1,0,1,-3,-5,-2,-3,-3
1454188506120691,-1,-1,1,-2,0,-1,-3,-2
1454188506141705,-2,0,-1,-2,-1,-2,2,-1
1454188506141705,1,-1,-1,1,0,0,-1,-1
1454188506142713,0,2,0,-3,-1,-2,0,0
1454188506142713,-1,0,5,0,-2,-1,-1,0
1454188506156751,1,0,-7,1,1,0,0,-2
1454188506156751,-1,-1,4,-2,-5,0,-2,-1
1454188506157737,-1,-2,-4,-1,-2,-1,-1,-2
1454188506157737,-1,1,9,3,0,-3,0,0
1454188506178754,-1,2,-1,-3,2,1,0,-1
1454188506178754,-1,-3,1,-1,0,1,0,0
1454188506180736,0,0,4,0,-1,-3,-1,0
1454188506180736,-3,-1,-8,-1,-2,-1,0,-3
1454188506201768,-1,0,-1,-1,-3,0,-1,-2
1454188506201768,0,1,5,0,-1,-1,-1,-2
1454188506202752,-2,-3,-13,-4,0,-1,-1,-1
1454188506202752,0,-1,-5,2,2,-3,0,-1
1454188506215778,0,-2,-2,-4,-1,-1,-2,1
1454188506215778,-1,0,4,-1,-5,-1,-1,0
1454188506222773,-1,0,3,-2,1,-1,-1,-1
1454188506222773,-2,-1,5,5,1,-1,-2,-2
1454188506238776,1,-4,-7,-2,-4,-2,-2,-1
1454188506238776,-1,-2,-2,0,1,0,0,1
1454188506240778,0,-1,1,0,-3,-1,-3,-1
1454188506240778,1,0,1,-5,-2,2,-1,1
1454188506261812,-1,0,2,-1,0,-2,-2,-2
1454188506261812,-2,0,-4,-2,1,-2,0,-2
1454188506262811,2,1,3,5,0,1,1,-2
1454188506262811,-3,-3,-3,-3,-3,-2,-1,0
1454188506275862,-1,-2,-1,-2,-6,-3,0,-1
1454188506275862,0,0,-5,1,1,-2,0,-1
1454188506282827,-2,-1,0,-1,1,1,0,-1
1454188506282827,0,1,-3,-2,-3,-2,0,-1
1454188506298907,0,-3,0,3,2,1,0,-3
1454188506298907,-2,-2,-2,-6,-4,-1,-4,-2
1454188506300888,0,0,2,-1,-1,0,-2,-1
1454188506300888,0,-1,-2,2,1,-1,-2,0
1454188506321040,1,1,0,-3,-3,2,-1,2
1454188506321040,-1,1,5,1,-2,1,1,-2
1454188506322980,-1,-3,-13,-2,2,-2,0,0
1454188506322980,0,-1,-1,-5,0,0,-1,-1
1454188506336048,-2,-2,2,-3,-1,-3,-2,-1
1454188506336048,-2,-3,0,0,-3,-2,-2,-2
1454188506341993,1,-1,2,-2,2,1,0,-1
1454188506341993,-4,0,-2,8,1,-1,-1,-1
1454188506359047,0,0,0,-3,-1,-3,1,-1
1454188506359047,2,-2,-1,-2,-1,-1,-2,-1
1454188506360026,0,0,4,-3,-2,-2,0,-2
1454188506360026,1,0,-3,-5,-3,0,-1,-2
1454188506381042,1,-1,0,1,1,1,0,-1
1454188506381042,0,0,-7,4,1,-2,0,0
1454188506383023,-1,-2,0,-1,-3,3,-2,-2
1454188506383023,0,0,-12,-3,-3,-2,-2,0
1454188506396091,0,-3,2,2,1,-1,-2,-1
1454188506396091,-1,0,2,-5,-3,-1,-1,-2
1454188506402096,0,-1,-4,0,-3,-2,-3,0
1454188506402096,-1,1,2,-4,-4,-1,-2,-1
1454188506419109,-5,0,-3,-2,-2,0,0,-2
1454188506419109,1,-1,0,1,0,0,1,0
1454188506420068,-2,0,3,0,1,0,0,1
1454188506420068,0,-1,2,-2,-1,0,-2,0
1454188506441064,0,-1,-5,-6,-2,-2,0,-1
1454188506441064,-2,0,-1,5,2,0,0,-3
1454188506443065,-1,-2,-4,0,0,-4,-1,0
1454188506443065,-1,-3,1,-3,-1,0,1,-1
1454188506456088,0,0,-1,0,1,1,-1,0
1454188506456088,-1,-4,-3,-3,-2,-1,0,-1
1454188506462090,-4,-2,1,0,-3,-5,-3,-2
1454188506462090,-2,-1,1,0,-1,-3,1,-1
1454188506479162,-1,0,0,1,-1,2,0,-3
1454188506479162,-1,0,0,-5,-1,0,-3,0
1454188506480146,-1,-1,1,0,-2,-1,0,0
1454188506480146,-2,-3,-1,-5,-2,-1,-3,-1
1454188506501221,1,-2,0,-1,-1,-3,-2,0
1454188506501221,1,2,1,1,1,0,1,1
1454188506503163,2,0,1,-2,-3,-3,-1,-3
1454188506503163,1,-2,-8,-2,0,-1,-1,0
1454188506515323,-2,-1,-1,3,-3,-1,-1,-2
1454188506515323,-2,0,7,2,2,-1,-1,-1
1454188506522323,-2,-1,-20,-2,2,-2,0,-1
1454188506522323,0,-1,2,-2,0,1,0,0
1454188506538674,1,-1,-1,-8,0,-2,-1,-1
1454188506538674,0,1,1,3,0,-2,-1,-1
1454188506540676,-2,-3,3,-1,-2,1,-1,1
1454188506540676,1,0,-1,-1,0,-2,0,0
1454188506561688,-1,-1,-2,-2,-1,-1,0,-2
1454188506561688,-1,-1,-1,-5,-4,-1,-1,-2
1454188506562674,0,-1,1,1,3,1,1,-1
1454188506562674,-2,-2,2,0,-1,0,-1,0
1454188506575733,-2,-1,-3,2,-1,-1,-1,-2
1454188506575733,-1,-3,-6,-5,-3,-3,-1,1
1454188506582842,0,1,2,0,2,0,-1,2
1454188506582842,0,-2,-1,0,1,2,-1,-2
1454188506598854,-1,-1,0,-2,-1,-1,-1,-2
1454188506598854,-1,-2,-3,-4,-1,-1,-1,0
1454188506600819,-4,0,2,-3,-2,-2,-1,-3
1454188506600819,-1,-1,-1,-2,-2,-2,-1,-1
1454188506620833,2,-2,-3,0,1,-1,-2,1
1454188506620833,-3,-1,-1,2,-1,0,0,-1
1454188506622820,2,-1,3,-1,1,-1,1,-1
1454188506622820,-2,-1,0,0,-2,-2,0,-3
1454188506634844,0,-2,-2,-9,-3,-1,-1,0
1454188506634844,-2,-1,-1,3,-2,-1,1,0
1454188506643882,-2,-1,1,2,3,0,-2,-3
1454188506643882,-1,-1,-2,3,-1,-1,-1,-2
1454188506658907,-2,-3,-2,-2,-2,-2,-2,-1
1454188506658907,-1,0,-3,-6,0,0,-1,-3
1454188506659895,-1,-1,-2,-2,-3,-1,-2,-2
1454188506659895,0,0,2,-1,-3,-1,-1,0
1454188506680963,-4,-1,-1,-2,-5,-1,0,-2
1454188506680963,1,0,1,2,5,-1,-1,0
1454188506682917,0,-1,-1,3,1,0,1,0
1454188506682917,0,-2,-1,-2,4,1,1,-2
1454188506694939,-1,0,-1,1,-2,-1,-1,-1
1454188506694939,-1,-3,-1,-4,-5,-3,-2,-1
1454188506703925,-2,-1,0,-3,-4,-2,-4,-1
1454188506703925,-1,-1,-2,-1,1,0,-2,-1
1454188506719044,-1,0,-1,2,2,0,0,0
1454188506719044,-1,-1,-3,-2,-1,-1,-1,-2
1454188506720037,0,-1,-1,-4,0,0,-1,0
1454188506720037,-2,0,-1,7,2,-2,0,0
1454188506741105,1,1,0,-1,3,1,-1,0
1454188506741105,0,0,-2,-4,-2,-1,0,-3
1454188506743052,-1,-1,-1,-3,-5,-4,-4,-1
1454188506743052,0,1,0,-3,-3,-2,-1,0
1454188506755115,-3,-1,-1,3,0,-1,1,0
1454188506755115,0,-1,-3,-2,-2,0,-2,-1
1454188506764104,-1,-1,-1,-2,-5,-1,1,0
1454188506764104,1,-1,0,2,-1,0,0,-2
1454188506779171,-3,-1,1,1,2,-3,-2,0
1454188506779171,-2,1,-2,-1,1,1,-1,0
1454188506780113,-1,0,-3,-2,-3,-1,0,-2
1454188506780113,-2,-1,-2,-4,-4,-2,1,-1
1454188506801138,2,-1,0,0,-4,-2,-1,-1
1454188506801138,-2,-1,-1,-2,0,0,-2,0
1454188506803140,1,-3,-1,0,-1,-2,0,-1
1454188506803140,0,0,-3,-8,-4,-1,-2,0
1454188506815138,-1,-1,3,4,0,-2,-1,0
1454188506815138,-1,0,0,-1,-2,-1,-3,0
1454188506824147,-2,1,-2,-1,0,0,0,0
1454188506824147,-1,-3,0,0,1,0,-1,-1
1454188506838156,-1,-1,-1,-2,-1,0,0,-1
1454188506838156,0,-1,-2,-1,-1,-2,-1,-1
1454188506845159,0,-2,-3,-5,-1,2,-1,-1
1454188506845159,-3,-3,-1,1,-2,-4,-1,-1
1454188506861194,0,-3,-3,-1,-1,1,-1,1
1454188506861194,-2,0,-1,-2,-3,-2,1,-1
1454188506863173,-2,0,-1,-3,-5,-1,-4,-1
1454188506863173,1,-2,-3,-5,-4,-2,-2,-1
1454188506875181,0,2,4,3,7,4,-1,-1
1454188506875181,-3,-2,2,7,4,-1,-1,-1
1454188506884403,2,-1,-3,0,3,-3,-2,-1
1454188506884403,7,0,8,1,-1,-3,0,0
1454188506898493,-12,-1,-6,-5,-2,2,1,-2
1454188506898493,5,-3,-10,-4,-2,-1,-1,1
1454188506904497,-2,-1,-12,-2,-1,0,-1,-2
1454188506904497,-7,0,5,-1,-2,-3,-3,-6
1454188506921594,2,-3,3,-5,-4,-4,-1,0
1454188506921594,-2,2,1,-5,-2,-1,-1,-1
1454188506922550,-1,-2,2,-5,-5,-1,0,-1
1454188506922550,6,1,-6,5,-3,-1,2,3
1454188506934567,0,0,-2,5,4,2,1,-2
1454188506934567,-4,-2,4,0,5,1,-1,-1
1454188506943619,1,1,15,4,1,0,0,0
1454188506943619,-5,-2,-21,-10,-4,-2,-1,0
1454188506958614,-2,-2,1,-6,-7,-3,-4,-1
1454188506958614,1,-1,0,0,-3,-3,-1,-2
1454188506964673,-1,-1,7,1,0,1,1,-1
1454188506964673,-4,-2,4,3,3,2,1,-1
1454188506981714,1,-1,-6,-5,-4,-4,-1,0
1454188506981714,1,0,-2,0,-2,-2,-1,0
1454188506982710,-2,-1,-5,-3,1,-1,-2,-2
1454188506982710,-3,-1,0,1,1,-1,-3,-1
1454188506994738,2,-2,-4,-4,-3,-1,-1,-1
1454188506994738,-2,-1,4,-2,-2,-1,1,0
1454188507003777,-3,-3,-12,1,0,1,-2,-4
1454188507003777,-3,-1,1,-2,0,-2,-1,-1
1454188507017804,0,-1,1,-2,-1,-1,-1,-1
1454188507017804,-2,0,-2,-1,-2,-1,-1,-1
1454188507024809,-2,-1,-1,0,-2,-2,0,1
1454188507024809,1,-1,-2,-1,1,1,1,0
1454188507040821,-1,-1,-3,0,-3,-2,-1,0
1454188507040821,-1,0,-1,1,-2,0,-2,-1
1454188507042803,1,-2,-2,1,-1,-2,-2,0
1454188507042803,-2,0,2,-8,-2,0,-1,-1
1454188507063836,0,0,1,7,0,-3,1,-2
1454188507063836,1,-2,-1,-1,1,0,0,0
1454188507065821,-2,0,2,-1,2,1,-1,-1
1454188507065821,-1,1,-2,-3,0,-1,0,-2
1454188507077847,0,-1,-3,-6,-2,-2,-1,-2
1454188507077847,-1,-2,-3,-3,-2,-1,-1,-2
1454188507084468,-1,0,1,0,-1,-2,-1,0
1454188507084468,-1,-1,0,1,-1,0,-1,0
1454188507101477,-2,-3,-2,-2,-2,-1,-1,-1
1454188507101477,0,-3,-1,0,-2,-2,-1,-1
1454188507102477,-2,-1,-2,-2,-4,-2,-1,-1
1454188507102477,1,-1,0,-4,2,-2,-1,-1
1454188507123586,0,0,0,1,3,1,-2,0
1454188507123586,-1,-1,-1,-2,-1,-1,0,1
1454188507125530,-2,0,-2,-1,0,-1,-1,0
1454188507125530,-1,-1,-4,-1,0,0,-1,0
1454188507138558,-1,0,1,-3,-1,-1,-1,-1
1454188507138558,-2,0,-1,-2,0,0,0,0
1454188507144562,-1,-2,1,-2,-2,-3,-1,-2
1454188507144562,-1,-2,0,2,-2,-3,-1,-1
1454188507161572,-2,-3,-1,-2,-1,-2,-2,0
1454188507161572,-2,-1,-3,1,0,-2,-1,-1
1454188507162556,0,-1,1,0,3,2,2,0
1454188507162556,-1,-2,0,3,1,2,1,0
1454188507183679,-1,-1,-2,-4,-5,-2,0,-2
1454188507183679,0,-2,-4,-6,-6,-2,-4,-3
1454188507185661,-1,-1,-1,-1,-4,-2,-2,0
1454188507185661,0,-1,2,2,2,1,1,-1
1454188507197742,0,0,-5,1,-1,-1,-1,-2
1454188507197742,-3,-1,0,-1,-2,1,0,2
1454188507206730,1,-1,-2,-6,-4,-2,-1,-1
1454188507206730,-2,-1,-2,-3,-1,-1,-2,-1
1454188507221761,-1,-1,1,-3,-1,-2,0,-1
1454188507221761,-2,-1,-2,-1,1,-2,0,-3
1454188507222721,0,-1,0,0,-1,-2,-1,-2
1454188507222721,0,-2,2,-1,-2,-2,-1,-1
1454188507243775,0,-2,-3,-2,-1,0,0,0
1454188507243775,-1,0,2,3,4,0,1,1
1454188507245726,-4,-2,0,4,2,1,0,0
1454188507245726,-1,-2,-4,-3,-3,-3,-4,-2
1454188507257746,-1,1,0,-2,-3,-1,-3,-1
1454188507257746,1,-3,-1,-3,-3,-1,1,0
1454188507266754,0,-2,-2,-2,-3,-4,-2,-3
1454188507266754,-2,-1,0,0,-1,1,0,-1
1454188507281787,-1,-1,2,-4,1,-1,0,-1
1454188507281787,0,-2,-15,0,-1,-1,0,-1
1454188507282802,0,2,4,2,0,-1,0,-2
1454188507282802,-1,-2,-8,-3,-1,-1,0,-3
1454188507303857,-2,-3,-2,-3,-3,-1,-3,-2
1454188507303857,-2,-3,-4,-1,-2,0,-2,-2
1454188507305803,0,-1,4,1,1,1,-1,0
1454188507305803,0,1,3,3,4,1,-1,0
1454188507317846,-1,-1,-1,1,2,1,0,-1
1454188507317846,-4,-1,-1,-9,-6,-2,-5,-3
1454188507326917,-1,-4,-6,-10,-8,-4,-3,-2
1454188507326917,2,3,6,16,9,4,3,2
1454188507340968,0,-1,-2,3,0,-1,-2,0
1454188507340968,-1,-1,10,-1,-1,-1,-2,-1
1454188507342916,-2,-3,-20,-4,-3,-4,-1,-1
1454188507342916,-3,-1,-1,-9,-6,-2,-4,-1
1454188507363985,-3,-2,-1,-1,-2,-3,1,0
1454188507363985,2,2,4,3,3,3,0,-2
1454188507365931,-1,-1,-1,0,0,1,-1,-1
1454188507365931,0,-1,-3,-2,-3,-2,-1,-2
1454188507377956,-1,-1,-3,2,-1,-1,0,-2
1454188507377956,0,-1,0,-2,-2,-2,-1,-1
1454188507386961,-1,-1,2,1,0,0,0,-1
1454188507386961,-1,-1,-4,-4,-4,-2,-1,0
1454188507401010,-2,-1,3,3,1,-1,-3,-3
1454188507401010,-1,-3,3,-2,1,-2,-2,-1
1454188507402956,0,-1,0,-1,2,1,-2,0
1454188507402956,-1,-3,-1,-2,-3,-2,-1,0
1454188507424074,0,0,-1,-1,-3,0,1,-1
1454188507424074,-1,-1,0,3,-1,-2,0,-1
1454188507426023,0,-1,1,-1,-1,-2,0,0
1454188507426023,-1,-1,-2,-3,0,0,-1,2
1454188507437082,0,0,-1,-4,-2,-1,0,-2
1454188507437082,-1,0,-2,1,-1,-1,-3,0
1454188507446053,-1,0,4,1,1,2,0,-1
1454188507446053,-2,0,-2,2,2,1,-2,-3
1454188507461046,0,-1,0,-1,2,1,0,0
1454188507461046,-1,0,-1,-2,-1,-1,-1,-1
1454188507463046,0,-1,-3,-3,-3,-3,0,-2
1454188507463046,-1,-4,-2,-4,-5,-3,-3,-4
1454188507484113,-1,-1,-1,-1,-3,-1,-2,-2
1454188507484113,0,0,-2,-1,0,0,2,0
1454188507485095,-3,0,3,7,5,1,0,0
1454188507485095,0,-2,-1,-6,-2,-1,-1,-1
1454188507497166,-1,-4,0,-1,-1,-1,-2,-2
1454188507497166,-1,-1,-2,-4,-2,-4,-1,-1
1454188507506202,-1,0,0,-2,-2,-3,-2,0
1454188507506202,-1,0,0,1,-1,-2,0,1
1454188507521317,-2,0,1,-3,-2,0,0,0
1454188507521317,-1,0,-1,2,1,0,0,-1
1454188507523315,-1,-1,-1,0,-1,-1,-2,-1
1454188507523315,-1,1,1,-3,-2,-1,-2,-3
1454188507543314,-1,0,0,-1,2,0,0,-1
1454188507543314,-1,-1,-2,1,1,0,0,-1
1454188507545326,0,-2,1,-3,-3,-3,0,0
1454188507545326,-1,-1,-2,-5,-2,-1,0,0
1454188507557343,-1,0,2,3,1,2,-2,-1
1454188507557343,-3,-1,0,-2,0,-1,-2,-1
1454188507566343,-2,-1,-3,-2,-2,1,-2,-1
1454188507566343,-2,-3,0,3,0,-1,-2,1
1454188507581478,0,0,-2,-2,-2,-3,0,-1
1454188507581478,0,1,-1,-2,-2,-2,0,-1
1454188507583425,0,-1,-3,0,-2,-1,0,-1
1454188507583425,-1,-2,-2,-2,1,-1,-1,0
1454188507603495,-1,-1,0,0,1,0,-2,-3
1454188507603495,0,-1,-1,-1,-2,0,-1,-3
1454188507605454,0,0,-2,-2,0,-1,0,-1
1454188507605454,-1,0,-1,-1,-1,0,-1,-2
1454188507617590,-2,0,-4,-1,-1,-1,-1,0
1454188507617590,0,-2,-1,-3,-2,0,-2,-1
1454188507626542,-2,-1,1,0,0,-1,-1,0
1454188507626542,0,0,-1,0,-2,-1,-1,-1
1454188507641664,-2,-2,0,1,-1,-2,-1,1
1454188507641664,2,0,0,-1,-2,-2,1,-1
1454188507642626,0,-2,-1,-2,-4,0,0,-1
1454188507642626,-1,1,0,-2,0,-2,0,0
1454188507663680,1,-1,-4,-1,-1,-1,0,0
1454188507663680,-2,-1,-3,-1,0,0,-2,-1
1454188507665629,-2,0,0,0,0,-1,-1,-1
1454188507665629,-2,-2,-1,-1,-1,-2,0,-2
1454188507677672,0,-2,1,0,-2,0,-1,0
1454188507677672,-2,-1,0,3,0,-2,1,0
1454188507686765,0,1,-1,-2,-1,-1,-1,-2
1454188507686765,-2,0,2,2,2,0,-2,-1
1454188507701755,-2,0,1,-2,-1,-1,-1,-2
1454188507701755,-1,-3,-4,-1,-1,0,-3,-2
1454188507702748,-1,0,0,1,-2,0,-1,-2
1454188507702748,0,-1,-2,-1,-2,-1,0,-2
1454188507723773,-1,-3,-1,0,-1,-2,-1,0
1454188507723773,-1,1,1,-2,-1,1,-1,-1
1454188507725774,0,-2,-3,-1,0,-2,-1,0
1454188507725774,0,-1,-1,0,0,-1,-1,-1
1454188507737818,-1,0,-1,-2,-1,-1,-1,-1
1454188507737818,0,0,0,-1,-1,-1,0,-1
1454188507746875,-1,-2,0,-3,0,-1,-2,-2
1454188507746875,0,-3,-2,0,-1,-1,-1,-2
1454188507760874,-1,-3,-2,-1,-1,-1,0,-1
1454188507760874,-1,-2,-2,2,-3,-2,-1,-2
1454188507762865,0,-1,1,-3,-2,-1,-2,0
1454188507762865,-2,-1,-2,0,-2,0,-1,-1
1454188507783900,-1,-2,-2,-1,0,1,-2,0
1454188507783900,-1,-1,1,1,0,-1,-1,-1
1454188507785883,-2,-1,-1,1,-1,0,-1,0
1454188507785883,1,0,0,-3,-3,-2,0,-2
1454188507797947,-2,0,-6,2,-1,1,-1,-1
1454188507797947,-2,-2,1,-2,0,-1,-1,0
1454188507806085,-2,-1,0,-1,-1,-1,0,-1
1454188507806085,-1,-2,0,-2,-3,0,-2,1
1454188507821135,-1,-2,1,0,-3,0,-2,-2
1454188507821135,-2,-2,1,-2,-3,0,-1,0
1454188507827153,0,0,-3,-1,-1,-1,-1,-1
1454188507827153,0,-1,-1,-2,0,-2,0,-1
1454188507844186,0,-1,0,-2,0,-2,1,-1
1454188507844186,-1,1,-3,-2,-1,1,-1,-1
1454188507845202,0,-2,-1,-2,-1,0,0,0
1454188507845202,-1,-1,-1,0,-1,-1,0,1
1454188507866221,0,-2,1,-3,-1,0,-1,0
1454188507866221,-2,-2,0,-3,-1,-3,-1,-1
1454188507868223,-2,-2,-1,0,0,-2,-1,-2
1454188507868223,-2,0,-3,-2,0,-2,-1,-1
1454188507880231,1,0,-1,-2,-1,-1,-3,-1
1454188507880231,0,-1,-3,-2,-1,0,-2,-3
1454188507887235,1,0,0,0,-1,0,1,-2
1454188507887235,0,0,-1,-1,0,-1,0,0
1454188507904228,-1,0,1,-4,-2,-2,0,-1
1454188507904228,-3,-3,0,2,-1,0,-2,-2
1454188507905237,1,0,-1,0,-1,-1,-1,-2
1454188507905237,-1,-3,-1,1,-2,-1,-1,-1
1454188507917310,-2,1,1,-2,-2,-3,-1,-1
1454188507917310,0,1,-2,-3,1,-1,-2,0
1454188507926311,-2,-2,-1,0,-1,-1,-3,1
1454188507926311,-1,0,0,-1,0,-1,-1,0
1454188507940359,0,-1,-4,-2,0,1,-1,-1
1454188507940359,1,-1,0,1,-2,1,1,-3
1454188507947364,-2,-3,-3,-2,-2,0,-2,0
1454188507947364,-2,0,0,-3,0,0,1,-1
1454188507963323,-1,0,-2,-2,0,-1,-1,0
1454188507963323,0,0,1,1,0,-2,0,1
1454188507965321,-1,-1,0,-2,-1,-1,-1,1
1454188507965321,0,0,-2,-1,-3,-1,-2,-2
1454188507986435,-1,-1,0,1,-1,-1,0,-1
1454188507986435,0,-2,-2,-2,-1,-1,0,1
1454188507988392,0,0,-3,1,1,-1,1,-3
1454188507988392,0,-2,2,-1,0,-2,-3,0
1454188508000392,-3,-2,-2,0,0,-1,0,-1
1454188508000392,-2,-1,-6,-3,-3,-2,-2,-2
1454188508007414,-1,-1,1,-1,-2,0,-2,-1
1454188508007414,-1,-2,-2,-2,0,-1,-1,-2
1454188508024513,-1,0,0,1,-3,-1,-1,-1
1454188508024513,-1,0,0,-3,0,-1,-2,0
1454188508030480,-2,-2,-2,-2,-3,-3,1,1
1454188508030480,-2,-1,0,0,-1,-1,-3,-2
1454188508046530,-1,-2,1,-2,-2,-1,-2,-1
1454188508046530,1,0,-2,0,-1,-1,0,-1
1454188508047530,0,0,2,2,0,-2,0,0
1454188508047530,-1,-2,-5,-3,-5,-2,-1,-1
1454188508060500,-2,-1,-3,-4,-2,-2,0,1
1454188508060500,-2,-4,-2,-3,1,0,-1,-2
1454188508067545,2,0,2,12,8,3,2,1
1454188508067545,-3,0,2,1,2,2,2,-1
1454188508083555,-2,-2,-2,-3,-3,-3,-2,-3
1454188508083555,-1,0,-3,-7,-7,-5,-3,-1
1454188508085505,-1,-3,0,-3,-2,-2,-4,-2
1454188508085505,0,-1,-3,0,0,-2,-2,0
1454188508106613,0,-4,-3,-4,-3,-2,1,-4
1454188508106613,-1,-2,-3,-3,-3,-3,-3,-2
1454188508107618,-1,1,0,-3,0,-3,-2,-3
1454188508107618,1,1,4,7,-2,2,-1,0
1454188508120625,-1,3,-4,-2,-1,-2,-1,1
1454188508120625,2,-2,1,12,6,0,0,-1
1454188508127660,1,2,-4,-7,-3,3,-1,1
1454188508127660,-1,-3,-4,-6,-1,-3,-2,-1
1454188508143673,2,3,0,-1,-1,1,-2,0
1454188508143673,-1,0,-1,-5,-6,-2,1,-1
1454188508145683,-3,-4,-2,-3,-6,-5,-1,-1
1454188508145683,0,2,-1,-3,-1,-2,0,-1
1454188508166731,-2,-3,-2,-1,-2,-1,-3,-1
1454188508166731,-3,-2,-2,-6,0,-2,-1,-2
1454188508167704,-1,-2,4,4,2,0,1,-1
1454188508167704,1,0,-1,5,3,0,1,1
1454188508179715,-2,-1,2,3,1,1,0,-1
1454188508179715,-2,-2,0,-3,-4,-1,-1,-2
1454188508188703,-4,-3,-5,-10,-6,-6,-4,-3
1454188508188703,-2,-1,-1,-2,-5,-2,-1,-2
1454188508203714,1,-2,4,12,8,4,5,4
1454188508203714,-2,1,-3,1,-2,0,-1,0
1454188508205714,-1,-1,-3,-2,2,-1,0,-2
1454188508205714,-2,-3,-3,-8,-4,-4,-4,-2
1454188508226730,-2,-3,-4,-1,-6,-2,-2,-2
1454188508226730,-1,-2,-2,-18,-3,-2,0,0
1454188508227733,3,1,-1,21,5,1,0,1
1454188508227733,0,-1,2,7,13,5,-1,-2
1454188508239794,0,1,-1,4,3,0,-2,-2
1454188508239794,-3,-2,-4,-10,-3,0,-1,0
1454188508248748,-2,-4,-5,-18,-13,-4,-4,-2
1454188508248748,-1,-2,1,-4,-3,-2,-1,-2
1454188508263774,2,0,1,12,-3,0,2,2
1454188508263774,0,-2,2,7,5,0,0,0
1454188508265777,-2,0,-4,-8,3,-1,-2,-1
1454188508265777,-2,-3,-4,-7,-16,-5,-4,-2
1454188508286826,-1,-3,0,-13,5,3,-1,-3
1454188508286826,3,5,4,27,6,2,3,1
1454188508287841,-1,-1,2,-1,4,4,0,-3
1454188508287841,-1,-1,-4,-4,6,-4,-1,-1
1454188508299836,-3,-1,-4,-14,-7,-7,-4,-4
1454188508299836,0,1,-1,-3,-7,0,0,1
1454188508308848,1,0,0,7,-3,-2,-1,1
1454188508308848,0,0,-2,2,3,-2,-1,-1
1454188508323916,-3,-2,-3,-6,-1,-3,-1,-1
1454188508323916,-5,1,-2,-4,-3,-3,-6,-4
1454188508325868,-3,-7,1,-7,-3,-2,-2,-2
1454188508325868,-2,-8,2,4,-4,-2,0,-1
1454188508346893,1,2,0,10,8,7,1,0
1454188508346893,-2,-3,-2,0,2,-4,-2,-2
1454188508347891,-2,0,0,-6,-4,0,-1,-1
1454188508347891,3,1,1,9,-6,0,-1,1
1454188508359942,-2,-1,2,4,3,1,0,0
1454188508359942,0,1,-1,-4,-7,0,0,-2
1454188508368889,-2,-2,-6,-11,0,-7,-1,-1
1454188508368889,-2,0,-1,-6,-5,-4,0,-2
1454188508383959,-1,-2,-3,-1,3,-1,-3,0
1454188508383959,1,0,1,7,0,3,1,1
1454188508385907,1,1,2,7,-1,-4,5,2
1454188508385907,-5,-1,-2,1,11,6,-1,-1
1454188508405974,-1,-3,-2,-14,-2,-1,1,-1
1454188508405974,1,-3,-2,5,2,4,-5,-1
1454188508407934,-1,-2,0,-9,-12,-4,0,-4
1454188508407934,0,1,1,0,-3,-11,2,1
1454188508419985,-2,1,-5,1,-10,-5,-3,-2
1454188508419985,-2,-2,2,-11,1,7,3,-1
1454188508429008,0,0,1,19,16,3,-2,1
1454188508429008,2,1,-1,0,-2,-1,1,0
1454188508444001,-2,-2,-5,-23,-10,-3,-3,-3
1454188508444001,-1,-4,-4,3,-17,-11,-2,-1
1454188508445938,4,3,5,2,-19,2,1,2
1454188508445938,0,0,6,9,24,8,0,1
1454188508466171,0,0,-5,-12,3,-4,-1,0
1454188508466171,-2,-2,3,23,4,1,-2,-1
1454188508468113,-2,-1,-5,-9,-1,-2,-2,-3
1454188508468113,0,0,-3,-8,-9,0,0,-2
1454188508480180,1,1,1,-2,-5,-1,-2,-2
1454188508480180,-3,-3,-3,-16,2,1,-1,-4
1454188508489126,-1,-1,-3,6,-2,-5,0,-3
1454188508489126,1,1,5,1,-3,5,2,2
1454188508504197,-1,-1,-4,5,4,2,0,0
1454188508504197,-2,-1,1,-7,-3,-9,-3,0
1454188508505134,-3,-2,2,9,5,2,-1,-2
1454188508505134,-1,-1,-7,-18,-1,1,0,-1
1454188508526213,0,0,6,28,-10,-1,0,0
1454188508526213,0,-1,-2,-14,0,-3,2,-2
1454188508528151,-1,2,0,-2,-2,0,-3,-1
1454188508528151,-4,-4,-5,-11,-5,-9,-4,-3
1454188508540222,-2,-1,-1,1,7,4,0,0
1454188508540222,0,0,-1,4,1,2,-1,0
1454188508549188,-2,0,-8,-11,-3,2,0,-2
1454188508549188,-3,-2,-4,1,-4,-4,-2,-1
1454188508564237,0,-5,-3,-4,1,-4,-5,-3
1454188508564237,3,2,9,20,5,7,4,2
1454188508565179,0,-1,-1,-7,8,0,-3,-1
1454188508565179,-1,-1,-2,5,-5,-1,-4,0
1454188508586254,-1,-1,-2,-17,-11,-6,-2,0
1454188508586254,-2,0,-4,-6,-5,-4,-1,-1
1454188508588195,1,0,3,10,7,3,2,-1
1454188508588195,1,0,-2,7,1,4,-1,-2
1454188508600266,0,-3,5,2,0,-1,-1,-1
1454188508600266,-2,-6,-15,-13,-3,-5,-4,-1
1454188508609231,-2,0,-9,-7,4,-3,-1,0
1454188508609231,-2,-2,1,-8,-30,-8,-3,-3
1454188508624237,1,2,5,1,18,12,3,1
1454188508624237,-1,3,6,23,10,-2,0,-1
1454188508625226,-1,-3,2,-5,-12,-4,-3,-1
1454188508625226,0,0,-3,-1,7,0,-1,-1
1454188508646298,-3,0,-2,-8,-15,-5,-1,-1
1454188508646298,-3,-2,-1,-11,3,-2,-2,-2
1454188508648236,0,-1,-2,-13,-3,2,2,0
1454188508648236,2,1,6,36,2,2,2,0
1454188508660309,-1,0,0,5,3,0,-1,0
1454188508660309,-1,-3,0,-11,3,2,0,-2
1454188508669273,-3,-3,-7,-5,-7,-3,-4,-3
1454188508669273,-2,-1,-4,-13,-1,-3,-2,-1
1454188508684263,0,-2,-1,4,2,0,0,-2
1454188508684263,-2,0,-2,2,-5,-5,-3,0
1454188508685261,0,1,2,-2,-1,-2,-2,-1
1454188508685261,-1,-3,1,-4,2,0,-2,0
1454188508706475,0,0,-3,7,1,0,2,0
1454188508706475,2,2,0,1,0,2,-1,1
1454188508708417,2,-2,1,5,2,-2,0,0
1454188508708417,-3,-4,-3,-7,8,1,-4,-2
1454188508720446,0,-2,0,-1,-7,-1,-2,-1
1454188508720446,-1,0,-1,-1,1,-2,1,-2
1454188508729428,0,1,-1,2,5,3,-1,-1
1454188508729428,-1,0,-1,5,1,-1,-1,-2
1454188508743502,-1,-2,-5,-6,-16,-4,-1,-2
1454188508743502,-1,-4,-1,-22,-10,-4,1,-1
1454188508750467,-2,0,1,18,7,0,0,2
1454188508750467,-1,0,0,-15,-4,-2,-2,-1
1454188508773523,-2,1,7,25,15,-1,-1,0
1454188508773523,2,3,-6,2,-8,7,1,0
1454188508775460,0,-1,-1,-11,-8,-5,-2,-2
1454188508775460,0,-4,-3,-4,2,4,-2,-2
1454188508780488,-1,-2,-8,-14,-8,-8,-1,0
1454188508780488,-1,-3,10,7,-1,-3,0,-2
1454188508788533,-2,-3,-2,0,6,5,-1,-1
1454188508788533,1,2,1,9,5,-1,2,1
1454188508803548,-2,1,-1,-2,2,-1,-2,-1
1454188508803548,-1,-1,-4,-10,-19,-4,-4,-1
1454188508810510,1,-1,0,-13,-4,-2,-1,0
1454188508810510,-1,-2,2,16,9,1,2,0
1454188508826559,-1,-1,-1,-12,-2,0,-1,-1
1454188508826559,-1,-3,-1,13,3,0,-2,0
1454188508827500,-2,-1,-3,-10,-7,-7,-3,-1
1454188508827500,0,-2,-7,-12,-18,-4,-1,-1
1454188508840531,0,-2,2,6,15,3,-3,-1
1454188508840531,0,2,2,3,15,6,2,1
1454188508848578,-2,-1,1,7,-6,1,-3,-1
1454188508848578,-3,-2,0,-9,-3,-2,0,-1
1454188508863561,-1,-3,-3,2,-5,-6,0,-1
1454188508863561,0,-2,-1,-6,-8,-3,-2,0
1454188508869593,0,1,2,6,10,0,-1,-1
1454188508869593,0,2,0,-4,-13,1,-1,-1
1454188508886561,-1,-1,-3,-4,2,1,-1,0
1454188508886561,0,-1,-4,7,23,-3,-3,-2
1454188508887579,0,-3,-2,-14,-15,1,0,-1
1454188508887579,-1,-2,-4,-8,-3,-2,0,-1
1454188508899567,0,-1,-1,7,-4,-3,-2,-2
1454188508899567,0,-1,-1,0,7,1,-1,0
1454188508908559,0,-1,0,8,1,1,-1,-1
1454188508908559,-1,-1,-2,-9,0,-3,-2,-2
1454188508923577,-2,0,-1,-20,-3,5,-2,-2
1454188508923577,0,-1,0,14,-5,-3,0,0
1454188508929580,-1,-1,2,7,1,-2,-1,-2
1454188508929580,-1,-3,2,-2,-6,-2,0,1
1454188508946581,-1,-3,-3,0,4,-1,-1,-1
1454188508946581,-2,-2,-1,-10,-8,-3,-2,0
1454188508947583,-1,0,-3,6,17,5,0,1
1454188508947583,-2,0,-2,-2,-8,-2,-1,-1
1454188508968661,0,-1,4,-3,-7,1,-1,0
1454188508968661,-2,-1,-4,5,-5,-4,-2,-1
1454188508970598,-2,-3,2,-1,4,-4,0,-1
1454188508970598,0,0,-4,-1,0,0,-3,-2
1454188508983606,-1,-3,-5,-4,-6,-3,-2,0
1454188508983606,0,0,0,-3,3,2,-1,0
1454188508989621,-1,-2,-2,6,-5,-2,1,-1
1454188508989621,0,-2,-3,1,2,-1,-1,-2
1454188509006623,-1,0,-1,-6,-3,1,-1,-1
1454188509006623,0,-2,3,5,-5,-3,1,-3
1454188509007624,-2,-2,-2,-3,0,-2,-1,-1
1454188509007624,-2,-3,-1,-3,4,1,-1,-1
1454188509028639,1,0,2,9,3,0,0,-1
1454188509028639,-2,-2,-3,-12,-14,-5,-4,-2
1454188509030650,0,0,1,-8,-9,0,1,1
1454188509030650,-1,0,1,11,19,2,0,0
1454188509043665,-1,2,0,-2,-21,-1,-2,1
1454188509043665,-1,-3,-9,-11,-12,-2,0,-2
1454188509049709,-2,-4,0,4,4,-4,-3,-2
1454188509049709,3,2,2,4,3,7,-1,3
1454188509066704,-1,-1,2,4,5,-4,0,1
1454188509066704,-1,0,3,1,4,1,-1,0
1454188509067666,0,1,0,-14,-8,0,-2,-1
1454188509067666,-2,-3,-11,-1,-3,-7,-2,-4
1454188509088719,-1,-2,2,-3,5,2,3,1
1454188509088719,1,-2,-2,-5,-1,-1,-2,0
1454188509090697,-1,1,4,3,3,-4,-3,0
1454188509090697,-1,-1,3,2,-7,1,-1,-1
1454188509102693,-3,-2,-1,1,3,-4,1,-2
1454188509102693,-1,-2,-1,-7,1,3,-2,-1
1454188509111734,-1,-1,-6,-7,-17,-2,-2,-1
1454188509111734,0,0,4,21,7,1,2,-1
1454188509126724,0,0,-2,-4,1,1,0,-1
1454188509126724,-1,2,3,2,5,-1,1,-1
1454188509127708,-1,-4,-7,-8,-2,-1,-1,-2
1454188509127708,-2,0,-4,-17,-5,-3,-1,-1
1454188509148725,0,-2,4,8,-8,-3,-2,-1
1454188509148725,0,1,-3,-1,8,-2,-2,1
1454188509150725,0,0,-2,-3,4,2,0,-1
1454188509150725,-1,-1,2,-1,-7,1,0,0
1454188509162757,0,0,-4,3,7,0,1,-1
1454188509162757,-1,-1,-1,0,6,0,-2,-2
1454188509171931,-1,1,-1,-5,-18,-7,-1,-1
1454188509171931,-2,-2,-4,-7,4,2,-2,-1
1454188509186140,-1,0,0,7,-8,2,2,0
1454188509186140,-2,-2,1,7,-7,-3,0,0
1454188509188078,1,-2,0,2,1,1,0,-2
1454188509188078,-1,0,1,-11,2,-3,-4,-2
1454188509209093,0,-2,-4,-7,-3,-3,-3,-3
1454188509209093,-1,0,0,5,3,5,2,-2
1454188509210093,0,-2,-4,0,5,1,-1,1
1454188509210093,-1,-2,-1,-2,-6,-5,0,0
1454188509222106,-1,-3,-3,-3,-2,0,-3,-1
1454188509222106,1,-1,-2,-8,-5,-6,-5,-1
1454188509231222,0,-2,3,6,10,0,0,0
1454188509231222,-1,0,-2,-10,-9,3,-3,-1
1454188509246238,0,-1,1,-6,0,-2,1,0
1454188509246238,-2,-2,1,36,14,-1,-2,0
1454188509248233,-1,0,2,-6,-3,2,1,-1
1454188509248233,-1,0,-3,-5,-5,-4,0,-1
1454188509269256,-2,-4,-2,-9,0,-7,-5,-3
1454188509269256,-1,-2,-2,-11,-23,-6,2,0
1454188509270272,-2,-2,2,13,21,6,-1,-1
1454188509270272,-1,-1,-2,6,1,1,-3,-1
1454188509282320,1,0,-3,-11,-4,-1,-2,0
1454188509282320,-2,-1,-1,-2,-5,-3,-1,0
1454188509291288,-1,-1,-4,-2,-9,-4,-1,-1
1454188509291288,-2,0,1,2,3,1,1,0
1454188509306339,-1,0,0,7,3,3,0,-2
1454188509306339,-3,0,-1,-13,0,-1,-2,-1
1454188509308276,0,-1,-4,-2,-10,-3,-1,-1
1454188509308276,-1,-1,0,-1,9,0,1,-1
1454188509329296,-3,-2,-1,10,-4,-4,-1,-1
1454188509329296,-1,-2,-1,-6,-5,4,0,-3
1454188509330302,-1,-1,-4,-4,17,-1,-3,-1
1454188509330302,-1,-4,-2,-7,-10,-2,-2,-1
1454188509342364,0,1,2,7,-3,0,1,-2
1454188509342364,-2,1,-1,-1,5,1,1,0
1454188509351448,-2,1,0,4,0,1,-3,0
1454188509351448,0,0,-1,-1,0,-3,0,1
1454188509366619,-2,-2,-5,-6,0,-4,-1,0
1454188509366619,1,-2,-6,-14,-10,1,-3,-2
1454188509367560,0,0,3,9,2,3,2,1
1454188509367560,0,0,2,8,9,1,0,2
1454188509388591,-1,0,-1,-4,-1,-1,-2,0
1454188509388591,-2,0,0,-3,-3,-2,-1,0
1454188509390575,-2,-1,-2,-3,-10,-4,-1,-1
1454188509390575,0,-3,2,-3,-4,-1,2,-2
1454188509402599,-1,-2,-2,-3,7,6,1,-2
1454188509402599,1,-3,-1,15,19,-2,-1,0
1454188509411671,-3,-2,0,-16,-24,-2,-2,-3
1454188509411671,-2,-1,-1,2,0,-2,-1,-1
1454188509426852,-1,-2,-2,-2,4,0,-3,-1
1454188509426852,0,0,-1,-6,0,-1,0,-1
1454188509427861,-1,1,-2,0,-5,1,-3,-1
1454188509427861,0,1,-1,9,2,-5,-1,-1
1454188509448917,2,0,2,2,-2,-3,1,1
1454188509448917,-2,-2,-7,-7,1,3,-2,0
1454188509450856,-1,-1,1,7,6,1,-1,-1
1454188509450856,-2,-1,-2,-10,-7,-1,-1,0
1454188509462868,-2,-1,-3,-3,-4,-1,-3,-3
1454188509462868,-1,0,-1,1,-4,-2,-2,-2
1454188509471868,1,0,-3,-3,-1,-4,1,-1
1454188509471868,-2,-1,0,4,9,3,-2,-2
1454188509485898,1,-2,1,6,-8,-4,-1,0
1454188509485898,-1,-1,1,-3,-1,3,2,-1
1454188509487891,-2,-2,-1,-2,5,-1,-1,-1
1454188509487891,-1,-2,0,0,-5,-3,-3,-3
1454188509508901,-1,0,-2,-6,2,0,-2,-1
1454188509508901,0,-1,0,-4,-9,-3,1,0
1454188509510920,-1,-1,0,2,7,2,1,0
1454188509510920,-1,0,0,-1,-1,-1,-2,-2
1454188509522928,-1,0,-3,3,0,-1,0,0
1454188509522928,-1,0,-2,-4,-3,-2,-1,-1
1454188509531912,-2,-2,-2,-7,-7,-5,-1,-1
1454188509531912,-1,-4,3,1,-6,-3,-1,-1
1454188509545924,-2,0,-3,-6,-3,-1,-1,-1
1454188509545924,0,-1,-2,6,11,2,-1,-3
1454188509547921,0,2,3,7,1,0,0,1
1454188509547921,-1,0,-1,-6,-3,1,-1,-1
1454188509568938,-2,-1,-2,-4,-5,-5,-2,-2
1454188509568938,-2,-1,0,-4,2,1,-2,-2
1454188509569936,-1,-2,-3,-7,-2,-2,-1,-2
1454188509569936,-1,-2,-3,1,-11,-4,-2,-1
1454188509581965,-1,1,2,1,12,1,-2,-1
1454188509581965,0,-2,0,3,1,2,-3,1
1454188509590963,-1,1,-1,2,-4,1,0,-2
1454188509590963,1,0,-2,-3,0,-1,-1,-1
1454188509605964,-1,-3,-2,-12,-14,0,1,-3
1454188509605964,-1,-1,0,5,-5,-4,-2,1
1454188509607963,-1,-1,0,9,16,-5,-2,0
1454188509607963,-2,0,-2,-9,-2,2,0,2
1454188509628982,1,0,2,6,5,5,0,0
1454188509628982,-1,0,-2,-5,-3,-3,-3,-2
1454188509629979,-1,-2,-1,-2,-8,0,-1,-2
1454188509629979,-1,-2,-2,0,3,-3,0,0
1454188509643001,-1,-3,-3,-3,-3,-7,-2,-1
1454188509643001,-2,-1,0,-5,-7,3,0,-1
1454188509651995,1,1,4,13,11,1,1,0
1454188509651995,1,0,-1,-5,1,2,-1,0
1454188509666024,-1,-1,-2,2,-5,1,0,1
1454188509666024,-1,0,0,-11,-6,-7,0,-1
1454188509668006,-1,0,-4,2,-10,-1,0,-1
1454188509668006,-1,0,2,4,-1,-2,0,0
1454188509689041,-1,-1,-1,11,25,-1,-1,-1
1454188509689041,0,-3,1,-14,-12,-2,0,-1
1454188509690028,-2,-1,-4,-9,-1,-1,-1,-3
1454188509690028,0,-1,2,6,-5,-4,-2,-1
1454188509702032,-2,0,1,4,6,6,-1,-1
1454188509702032,-1,-3,-4,-2,1,-3,-5,-2
1454188509711173,0,-2,-2,-12,-8,0,0,-1
1454188509711173,0,0,-1,15,7,-1,2,-1
1454188509725245,-2,0,-2,-5,-11,-2,-4,-2
1454188509725245,-1,-1,-1,0,1,3,1,-1
1454188509732250,-1,-2,-1,-7,-2,1,-3,-1
1454188509732250,-2,-2,-4,-9,-4,-4,-3,-1
1454188509749261,0,0,3,4,-2,0,2,-1
1454188509749261,0,-1,-2,1,1,0,1,-1
1454188509750203,1,-2,-2,1,-4,-5,-1,-3
1454188509750203,-1,-2,-2,1,-1,0,-4,-2
1454188509762272,-4,-4,-2,-11,2,-3,0,0
1454188509762272,-1,0,2,4,-14,2,1,1
1454188509771355,-1,0,-2,-4,-6,-3,-1,1
1454188509771355,-2,-1,0,-4,0,3,1,-2
1454188509785424,0,0,2,8,0,-4,-2,-1
1454188509785424,-2,0,0,2,7,2,-1,-1
1454188509792382,-1,-3,-1,-1,-1,-3,-2,1
1454188509792382,-1,-1,-3,-6,-7,1,-2,-2
1454188509808382,-1,-2,-4,-13,-7,-3,-3,-1
1454188509808382,-1,1,0,6,8,1,2,1
1454188509810388,-1,-1,0,2,-2,1,-1,2
1454188509810388,-1,-3,-1,-6,1,-5,-3,-2
1454188509822403,0,-2,-3,-5,-11,-1,-1,-1
1454188509822403,1,0,0,15,13,-1,-1,0
1454188509831475,-1,0,0,-11,-20,1,-1,0
1454188509831475,1,0,-1,-3,2,1,0,-3
1454188509846508,-2,-1,-2,-3,-4,-4,-2,0
1454188509846508,-2,-2,-1,-3,-3,-1,0,-1
1454188509847486,-2,-1,-5,-6,8,2,-4,-1
1454188509847486,1,0,-2,8,-4,-3,-1,0
1454188509868566,0,1,1,0,-3,2,1,-1
1454188509868566,0,-1,-2,-3,2,-3,-2,-2
1454188509870502,-2,-1,-3,-4,-2,-4,-2,0
1454188509870502,-2,-2,-2,-8,-7,0,1,-2
1454188509891581,0,-2,1,5,7,4,0,-1
1454188509891581,1,-1,-2,-5,-1,-1,-2,-1
1454188509892521,-1,0,2,7,6,3,0,-1
1454188509892521,-2,-2,0,3,1,-3,-3,1
1454188509906592,-1,-1,-2,-6,-7,-3,-1,-2
1454188509906592,-2,-1,-3,-10,-9,-4,-3,-2
1454188509907529,-1,-2,-2,2,14,-1,1,-3
1454188509907529,-2,0,0,-4,-12,0,-1,0
1454188509928562,0,-1,1,-2,-2,-1,-1,2
1454188509928562,-2,-2,-1,9,9,5,-1,0
1454188509930544,-1,-2,0,-4,1,-4,1,-2
1454188509930544,0,-3,-2,2,-2,-6,-1,-3
1454188509951579,0,-1,-3,1,9,2,0,-1
1454188509951579,-2,0,0,-8,-12,-5,-1,-2
1454188509952573,-2,2,1,6,-4,2,2,-1
1454188509952573,-1,-2,-3,-9,4,0,0,-3
1454188509966696,-1,0,-3,-8,-9,-6,-1,-3
1454188509966696,0,0,4,23,7,3,3,-1
1454188509967637,-1,-2,0,-7,-2,0,-3,0
1454188509967637,-1,0,-1,-1,-4,0,-1,-1
1454188509988711,0,-4,-3,-5,-1,-1,-3,-2
1454188509988711,-2,-1,-3,-7,-5,-7,-2,-1
1454188509990655,-2,-1,-1,-1,-1,-1,-1,-1
1454188509990655,-1,0,1,13,23,-1,-3,-1
1454188510011729,-1,0,0,-6,-15,1,1,-1
1454188510011729,0,0,-2,-1,0,2,1,0
1454188510012669,0,0,-1,-3,-1,-2,-1,-1
1454188510012669,-2,-2,-3,-7,-1,-3,-2,1
1454188510025737,-2,-1,-2,8,2,-5,-2,-2
1454188510025737,-2,-1,1,-5,-6,3,0,0
1454188510032787,0,-2,-4,2,5,-1,-1,0
1454188510032787,0,1,-1,0,-1,0,1,-1
1454188510048835,-2,-5,-1,-2,-4,0,-3,-1
1454188510048835,0,-2,-2,-15,-6,-6,-3,-2
1454188510050794,-1,-3,1,15,-1,-1,-2,-1
1454188510050794,0,0,0,1,5,5,1,1
1454188510071832,0,-1,1,0,-8,-3,1,-1
1454188510071832,-2,-1,-3,-6,2,-7,-2,-2
1454188510072832,-2,0,0,-6,-4,6,0,0
1454188510072832,-1,-1,0,10,-11,-1,3,0
1454188510085882,-1,0,1,-5,6,5,0,1
1454188510085882,1,-1,-2,6,10,-2,0,-2
1454188510092851,-2,-3,-4,-11,-8,-7,-3,-2
1454188510092851,-1,-1,-2,-1,-8,-1,-1,0
1454188510108899,0,1,1,4,7,1,-1,-1
1454188510108899,0,-4,-1,-4,-8,-4,-2,0
1454188510110861,0,-1,-1,-4,3,-2,0,-2
1454188510110861,-1,-2,-2,8,-2,-4,-2,-3
1454188510130876,-2,-1,1,1,10,-1,-2,-1
1454188510130876,-1,-1,1,-1,0,4,-1,0
1454188510132852,0,-4,-2,2,18,-2,-3,-2
1454188510132852,-3,-1,-3,-25,-21,-9,-4,-2
1454188510145926,-2,-1,-3,10,-6,2,0,-2
1454188510145926,-1,1,2,7,11,1,-4,1
1454188510152929,-1,1,-2,-7,-4,0,0,1
1454188510152929,0,0,1,5,11,2,-2,0
1454188510168884,-2,0,-4,-6,-10,-8,-2,-1
1454188510168884,-3,-2,-1,-7,-4,0,1,-1
1454188510170882,-1,-3,-2,-6,-10,1,0,-2
1454188510170882,-1,-3,0,14,8,0,-2,0
1454188510190895,0,1,0,-1,-1,-1,1,2
1454188510190895,-1,-3,-3,0,-2,-2,1,0
1454188510192897,1,0,0,-5,-16,-2,3,-1
1454188510192897,-2,-1,2,-2,0,2,1,-1
1454188510205914,0,2,1,9,7,2,2,1
1454188510205914,-1,-1,-1,-5,-5,-5,-2,-1
1454188510213913,1,-1,-3,-2,-1,-4,-2,0
1454188510213913,-2,0,-4,-15,-4,-2,-4,-2
1454188510228983,0,-2,0,1,-4,-3,-4,-1
1454188510228983,0,1,0,5,-1,-2,-3,-1
1454188510229921,-2,0,0,0,2,0,-1,-1
1454188510229921,-1,-1,0,-5,4,3,0,0
1454188510251000,-1,1,1,13,5,-1,-1,0
1454188510251000,-1,1,-2,-9,-7,-1,-1,-1
1454188510252937,-2,3,-1,1,-5,-4,0,-2
1454188510252937,0,3,-3,-10,-4,1,1,0
1454188510264949,-2,2,-3,-4,-2,-3,0,-3
1454188510264949,-1,4,1,0,2,6,0,0
1454188510274129,-1,3,2,11,-7,2,0,0
1454188510274129,-1,-1,-3,6,23,-2,-2,-2
1454188510289130,-1,-7,-1,-17,-15,-1,-2,0
1454188510289130,-1,-9,-2,5,3,-1,-3,0
1454188510290140,-1,-10,-2,-3,2,-1,-3,-2
1454188510290140,0,-9,-2,1,-6,-2,-1,-3
1454188510311195,-2,-5,-3,-2,2,-4,-1,-2
1454188510311195,-1,0,2,4,-9,-5,-1,-2
1454188510313133,-1,1,0,-7,0,0,0,0
1454188510313133,0,-1,0,2,-1,0,-1,-2
1454188510325206,-3,2,0,-2,-3,0,-2,-1
1454188510325206,-1,0,-1,-5,-7,-1,0,-2
1454188510334283,-1,2,1,5,9,0,-3,-3
1454188510334283,-2,0,-1,-4,-13,-3,0,0
1454188510349459,-2,-1,-3,5,23,2,1,0
1454188510349459,-2,2,-2,-13,-10,-1,1,-1
1454188510351419,-2,1,-1,-3,-4,-2,0,0
1454188510351419,-1,2,-1,-4,-3,-3,0,-2
1454188510371478,-1,2,1,-1,1,4,-4,-4
1454188510371478,-1,-2,-2,5,10,0,-6,-1
1454188510373435,-1,-2,-3,-6,-6,-2,-7,0
1454188510373435,0,-5,2,16,-8,-2,-4,0
1454188510385433,1,-6,-1,0,1,0,1,0
1454188510385433,3,-5,-1,-1,1,-1,-1,-1
1454188510394439,0,-6,-3,-9,-4,0,-3,0
1454188510394439,2,-1,-3,-7,-1,-2,-2,-1
1454188510408456,1,-1,2,6,8,-4,1,-1
1454188510408456,-2,-1,-1,2,1,2,-1,0
1454188510410451,-1,1,0,1,0,-1,-4,0
1454188510410451,1,0,-1,-2,0,1,-2,0
1454188510431470,-1,0,-5,-6,-4,-4,1,-2
1454188510431470,0,-4,-2,-10,0,0,5,-2
1454188510432454,0,-3,2,23,4,-1,4,0
1454188510432454,0,-1,1,-1,4,1,2,2
1454188510445475,0,0,-2,-7,-6,2,1,0
1454188510445475,-2,-1,-2,-2,-5,-4,-1,-1
1454188510453572,-2,-1,-1,-3,-4,-2,-1,-1
1454188510453572,0,0,-1,-2,1,2,0,-1
1454188510468607,-2,-3,-1,0,-5,0,-1,-1
1454188510468607,-1,0,-2,1,-2,-2,-2,0
1454188510470545,1,2,-1,-3,3,-1,0,-3
1454188510470545,-2,0,-2,-2,-1,-1,0,-2
1454188510491625,-1,0,-2,-3,-4,-2,-2,-1
1454188510491625,1,-1,-1,1,-2,-1,-2,0
1454188510492563,-1,-2,-1,-2,-1,0,-1,-2
1454188510492563,0,1,0,-1,1,0,-2,-3
1454188510504632,-1,-1,-1,-3,-5,-2,-3,-2
1454188510504632,-1,-1,1,0,1,0,0,-2
1454188510513712,-2,0,-2,1,0,-1,1,0
1454188510513712,-2,-1,0,-2,-2,-1,-1,0
1454188510528787,-1,-1,1,0,-2,-2,-2,0
1454188510528787,0,-1,-2,0,1,-2,-1,-1
1454188510530723,-1,0,-2,-5,-4,-1,-1,-1
1454188510530723,-3,0,-2,-6,4,-1,-3,-1
1454188510551763,-2,-1,-2,-8,-9,-3,-4,-1
1454188510551763,0,0,3,16,4,0,-2,1
1454188510552743,1,0,0,3,9,4,4,1
1454188510552743,-2,-1,-3,-6,-5,-2,0,-1
1454188510564955,-1,1,2,2,0,-1,4,3
1454188510564955,-3,-1,-5,-9,4,0,-3,-1
1454188510573961,-3,-3,-2,-4,-14,-3,-5,-2
1454188510573961,0,-2,2,7,1,1,-3,-1
1454188510589114,0,-2,-2,1,2,-5,-4,-1
1454188510589114,-1,-3,-4,-7,-4,-4,-5,-2
1454188510590056,-1,0,1,0,6,1,0,0
1454188510590056,1,1,1,6,3,2,1,0
1454188510611131,-1,0,-3,-4,-4,0,-2,-1
1454188510611131,-1,-2,-1,0,-3,-5,0,-3
1454188510613073,-3,-5,-1,-9,-4,-1,-2,-1
1454188510613073,-2,-1,-1,-2,-6,-1,1,0
1454188510625142,0,2,2,5,-9,1,3,-2
1454188510625142,-1,3,1,-3,-1,1,2,-1
1454188510634226,1,-1,-1,-2,2,-3,2,-1
1454188510634226,-1,-2,0,-3,0,1,2,-1
1454188510649275,-2,1,0,3,4,0,1,-1
1454188510649275,0,-2,-2,-2,-3,-2,-2,-2
1454188510650231,-2,-1,-1,0,-4,2,1,-3
1454188510650231,0,-2,-1,4,4,-4,-1,0
1454188510671309,0,-2,-1,-5,-9,-4,-2,-2
1454188510671309,-1,0,2,5,-18,-3,-2,-1
1454188510673251,2,0,0,-3,9,5,2,0
1454188510673251,-2,-1,-3,-6,-2,-2,-3,-2
1454188510685320,-1,0,-3,-2,2,0,-1,-1
1454188510685320,-1,0,-2,2,5,-1,0,-1
1454188510694263,-2,-2,-3,0,-5,-6,-2,-1
1454188510694263,-2,-3,-2,-6,-5,-2,-1,-1
1454188510708316,-2,-1,-1,2,4,4,-3,-1
1454188510708316,0,-1,1,-1,0,-5,-1,0
1454188510716302,0,0,-1,1,-4,-1,-1,1
1454188510716302,0,-1,0,-3,0,-1,-2,0
1454188510731312,-1,-2,-3,-3,1,-2,-5,-3
1454188510731312,-2,1,-3,-4,-1,0,-1,0
1454188510733290,-1,0,-1,3,-2,0,-4,-1
1454188510733290,-2,-1,-1,-1,2,-1,-3,-3
1454188510745360,0,-2,-1,-4,4,2,1,0
1454188510745360,-1,-1,-1,-1,-2,0,-2,-2
1454188510754305,-2,-1,-1,1,-2,-3,-3,-2
1454188510754305,-2,0,0,-6,-2,-1,-2,-2
1454188510768440,-2,-3,0,4,-9,-4,-2,-2
1454188510768440,0,-2,0,-4,5,2,1,-2
1454188510770419,-3,-1,-1,-3,-2,-2,-1,-1
1454188510770419,-2,-3,-3,-2,-4,-1,-1,-2
1454188510791434,0,-1,-2,1,5,-1,2,0
1454188510791434,-1,-1,-2,1,-2,0,0,1
1454188510792440,-2,0,-5,-4,-4,-4,-1,0
1454188510792440,1,-1,0,1,-2,-1,0,0
1454188510813448,0,-2,-1,-2,3,-1,-2,-1
1454188510813448,-1,-1,-3,-1,1,1,0,-2
1454188510815450,0,-2,-3,-5,-2,-4,-2,-4
1454188510815450,-1,-1,-1,2,-2,-1,0,-2
1454188510828476,-2,-2,0,-6,1,-3,-2,-2
1454188510828476,0,-2,-1,4,-4,-1,-2,-1
1454188510834463,1,0,1,1,1,2,-1,0
1454188510834463,0,0,-4,-7,-9,-3,-3,0
1454188510851485,1,-1,0,-3,6,1,-1,0
1454188510851485,0,0,1,7,8,3,1,-1
1454188510852487,1,-1,0,-1,-1,-3,0,-1
1454188510852487,0,1,-3,0,-2,-4,-1,0
1454188510873504,-1,0,0,0,1,1,0,-1
1454188510873504,-1,-3,-1,-13,-9,-4,-3,-1
1454188510875505,1,-3,-2,3,4,3,-2,0
1454188510875505,-1,1,3,7,3,0,0,0
1454188510888513,-3,2,1,-2,-5,1,-2,0
1454188510888513,-1,1,-2,0,-2,-4,-2,0
1454188510894518,-2,1,-3,-3,-7,-1,0,-1
1454188510894518,-1,-1,-3,-7,4,0,-3,-2
1454188510910534,-2,-3,1,0,-4,-5,-5,-2
1454188510910534,-1,0,2,4,7,6,0,0
1454188510918535,-3,2,0,-1,-1,-1,-4,-1
1454188510918535,-1,-1,-4,-4,-13,-1,-2,-2
1454188510933545,-1,1,0,-4,-1,2,3,0
1454188510933545,-3,-6,-3,3,-2,-4,2,-2
1454188510935547,-2,-5,-1,1,0,-3,3,-1
1454188510935547,0,-4,0,0,2,-1,5,-1
1454188510947556,0,-3,-3,0,-1,2,4,-2
1454188510947556,1,-3,0,1,3,-3,2,0
1454188510954558,1,0,0,3,1,0,3,1
1454188510954558,-1,-1,-1,-1,-2,-1,-1,1
1454188510971572,1,-1,-2,-3,-4,-2,-1,-1
1454188510971572,0,-1,-2,-6,-5,1,-1,-1
1454188510972560,-2,-2,0,-5,0,-2,-3,-2
1454188510972560,-2,0,0,6,0,-1,-2,-1
1454188510993588,1,1,-1,1,2,0,-1,-2
1454188510993588,-1,0,-2,1,-1,-2,-1,-1
1454188510995589,0,0,0,-5,-2,-2,-1,0
1454188510995589,0,-2,0,-3,2,-2,-1,-3
1454188511007603,-2,2,3,5,1,0,-2,-1
1454188511007603,-2,-1,-12,-3,0,2,-1,-1
1454188511016604,-1,-2,1,-6,-6,-3,-1,-2
1454188511016604,-2,-2,1,0,1,0,-2,0
1454188511031604,-1,4,-2,8,4,3,-2,-1
1454188511031604,0,0,3,-3,5,-3,1,-1
1454188511032604,0,0,10,-2,-6,-1,-2,-1
1454188511032604,0,-2,-18,-3,1,-2,-2,0
1454188511053631,-1,-1,3,-7,-5,-3,-3,1
1454188511053631,0,3,9,3,-6,-2,-2,-1
1454188511055632,-3,-10,-12,-2,3,1,-1,-3
1454188511055632,2,0,3,-1,-6,-1,0,0
1454188511067641,0,-4,-5,-6,-3,-1,0,-2
1454188511067641,-1,2,1,3,4,1,-2,-2
1454188511076647,0,2,4,4,-5,1,2,-1
1454188511076647,-3,-2,1,0,4,1,-1,-3
1454188511091660,0,-1,-6,1,4,-2,-2,-2
1454188511091660,-2,-3,-3,-9,-8,-5,-2,-2
1454188511092645,-1,-3,-6,0,1,-3,-3,0
1454188511092645,0,-1,1,-2,-2,2,-1,1
1454188511113675,-1,-1,5,6,-2,-4,2,-1
1454188511113675,-2,-3,-5,-8,-3,-2,1,1
1454188511115662,-2,-2,-2,-7,-4,-3,-3,-4
1454188511115662,0,1,1,3,13,3,2,1
1454188511127683,-4,-3,1,-4,-10,-1,1,-4
1454188511127683,-1,0,-3,-3,-2,0,1,3
1454188511136690,0,0,0,0,0,-1,0,1
1454188511136690,-4,-5,-8,1,-3,-5,-3,-3
1454188511151699,-1,-1,-9,3,7,2,-1,-1
1454188511151699,-2,1,3,1,3,2,-1,-2
1454188511152687,-1,3,6,1,1,0,-2,1
1454188511152687,0,4,0,-4,-3,-2,-3,-1
1454188511173715,-2,-7,3,-4,-4,-2,-2,0
1454188511173715,-1,0,-3,0,-3,-1,0,-1
1454188511175717,-1,-2,-4,3,2,0,-2,0
1454188511175717,-2,2,0,-1,1,1,0,-1
1454188511187725,0,-1,-3,-6,-4,-4,1,-1
1454188511187725,-1,-2,-1,4,-3,-1,-2,-1
1454188511196732,-1,0,-1,-1,2,1,2,-2
1454188511196732,1,-1,0,6,9,4,0,1
1454188511211729,1,0,-3,-5,-8,2,-2,0
1454188511211729,-1,-2,3,-14,-6,-3,-3,-2
1454188511212730,-1,-5,-5,4,-1,0,2,-2
1454188511212730,0,-2,2,4,0,-6,-1,0
1454188511233744,-1,0,-2,-1,6,1,0,0
1454188511233744,0,-1,-3,12,15,-1,0,0
1454188511235746,-3,1,-5,-14,4,2,-3,-1
1454188511235746,-1,-1,3,-7,-28,-6,-1,-2
1454188511247754,-1,0,2,4,5,-2,-3,-2
1454188511247754,-1,-2,-3,1,-3,-2,-2,-1
1454188511256761,-1,0,4,2,12,-1,0,0
1454188511256761,-3,-2,-7,-2,-2,4,0,-2
1454188511270774,-3,-3,-1,-3,-5,-4,-3,-2
1454188511270774,-2,-1,1,-6,-7,-1,0,-2
1454188511272772,1,1,-4,5,2,0,0,0
1454188511272772,0,1,5,4,-2,-1,-1,-1
1454188511293789,2,-2,-2,0,-1,-2,1,1
1454188511293789,-6,-2,-3,-1,6,6,-1,-2
1454188511295791,3,2,0,-1,-4,-2,0,-2
1454188511295791,2,-2,0,-3,-7,-4,0,0
1454188511307800,1,-1,-6,-3,4,-1,0,0
1454188511307800,-2,0,-2,2,3,-1,-1,-1
1454188511316804,-4,-2,-1,-3,-6,-3,-1,-1
1454188511316804,0,1,-1,1,5,2,-1,0
1454188511330869,-1,-1,5,-2,-7,-4,-1,-1
1454188511330869,-1,-6,-21,-1,0,-2,-1,-2
1454188511332815,0,1,1,1,-8,-3,1,0
1454188511332815,-4,-3,7,-5,2,2,0,-2
1454188511353830,-4,0,-12,-2,1,-3,0,-2
1454188511353830,1,6,12,-2,-2,3,-1,-2
1454188511355846,-1,-6,-5,1,-3,-2,-3,0
1454188511355846,-1,-4,-7,0,0,-2,-2,-1
1454188511367902,-2,0,-2,1,3,2,2,0
1454188511367902,-1,-2,4,-1,-2,-4,-2,-2
1454188511376887,-3,1,-1,-7,-8,-3,-2,0
1454188511376887,-1,-3,6,0,5,0,-1,-1
1454188511390951,1,-2,7,7,5,3,0,-1
1454188511390951,2,0,-4,-4,-5,0,0,0
1454188511392954,-9,-1,3,5,4,2,0,-3
1454188511392954,1,3,-2,-11,-3,-8,-3,-2
1454188511413957,-1,-4,5,-5,-23,5,1,-2
1454188511413957,5,1,3,6,2,-1,1,2
1454188511414959,-2,-4,-5,-1,5,0,-2,-3
1454188511414959,-2,-3,3,1,-7,-3,-1,-2
1454188511426984,0,-1,-3,-1,2,0,-2,-2
1454188511426984,-1,-4,-10,-7,-2,-4,-2,-1
1454188511435990,1,-1,-2,-3,-8,-1,-3,1
1454188511435990,-1,2,-2,5,6,3,1,0
1454188511451001,-2,2,-4,-4,1,-3,-4,-2
1454188511451001,-1,-3,-4,-8,-11,-4,0,-1
1454188511452998,1,1,6,12,11,3,0,-1
1454188511452998,-1,2,-3,10,13,-2,1,1
1454188511474019,0,2,-2,-10,-7,3,1,1
1454188511474019,-3,0,2,-4,1,1,-2,-1
1454188511475017,-1,-1,-6,-6,-15,-10,-3,-4
1454188511475017,0,-1,-4,-3,-5,2,-1,-1
1454188511487079,0,-2,1,3,12,2,1,1
1454188511487079,-2,-2,2,1,2,-3,-5,-2
1454188511496066,2,-2,-1,-3,0,-1,1,-1
1454188511496066,-2,-2,-2,1,-4,5,-1,-1
1454188511511095,-2,0,-6,-3,0,-8,-2,-2
1454188511511095,-2,1,6,-3,-8,-2,0,-1
1454188511513097,-2,-4,-4,2,4,3,1,1
1454188511513097,-2,-4,-3,1,-2,-3,-2,-1
1454188511534113,2,0,2,2,4,1,0,1
1454188511534113,-2,-2,6,9,3,5,0,0
1454188511535094,-2,1,4,-3,-6,-3,-1,-1
1454188511535094,-1,-1,-2,-11,-23,-3,-2,-1
1454188511547907,-3,-2,0,-8,-4,-5,-1,1
1454188511547907,2,1,1,-1,-11,-7,-2,0
1454188511556916,-1,-2,1,0,11,1,2,-1
1454188511556916,-1,-3,-3,0,-1,-1,1,-1
1454188511570002,-4,0,2,4,0,-1,0,-2
1454188511570002,-3,-3,-2,-2,-2,-1,-2,-2
1454188511578989,1,2,-1,-1,1,-1,0,0
1454188511578989,-2,-1,-2,-6,0,-2,-1,0
1454188511594054,1,-3,-4,-1,-4,-3,-1,1
1454188511594054,-1,1,-1,8,15,6,0,-2
1454188511595054,0,-2,-2,-2,-9,0,-3,0
1454188511595054,-1,0,-2,-5,0,-2,-1,-2
1454188511607028,0,-2,-1,-9,-7,-4,-1,0
1454188511607028,-1,-3,-3,10,-10,-5,-3,-2
1454188511617015,1,0,-3,-3,0,1,-2,0
1454188511617015,-2,0,-2,-1,5,0,-1,1
1454188511631040,-2,-1,-2,2,-3,0,-3,0
1454188511631040,0,-2,-3,-4,-1,-3,0,1
1454188511637031,-2,0,-2,0,-1,-2,-2,-1
1454188511637031,1,-2,0,-1,-3,-2,0,-2
1454188511654132,-2,-1,-4,4,1,-1,0,-2
1454188511654132,0,1,-4,-2,-2,4,0,-1
1454188511655093,-1,-2,-1,-5,-3,0,0,0
1454188511655093,0,2,0,-2,9,2,3,-1
1454188511667087,-1,3,-1,3,-5,0,1,-1
1454188511667087,-3,4,0,-7,10,-1,3,0
1454188511676093,-4,2,-2,0,-1,-3,0,0
1454188511676093,-2,-1,0,-9,-15,0,-2,-3
1454188511690120,0,-3,-1,-1,-3,-2,-2,-1
1454188511690120,0,-3,-1,2,0,0,0,-2
1454188511697127,-1,-2,-2,-2,8,0,-2,-2
1454188511697127,0,-2,-1,5,2,-3,-3,0
1454188511714174,0,-4,-1,-3,1,-1,-4,-2
1454188511714174,1,-3,-2,-8,-8,-2,-2,-1
1454188511715123,-1,-4,-1,11,4,0,0,-1
1454188511715123,0,-3,0,-1,1,3,-1,0
1454188511727185,-1,-2,-2,-8,-3,-6,-2,-3
1454188511727185,-1,1,-2,11,-3,-2,1,0
1454188511736134,0,0,0,-4,1,-2,-3,-1
1454188511736134,-1,2,1,-2,-7,-2,-2,0
1454188511751146,-2,1,-2,-5,5,0,-1,-2
1454188511751146,-1,0,0,-5,1,2,-1,-2
1454188511757170,0,1,-3,2,-7,-1,0,-1
1454188511757170,-2,1,-2,0,5,0,-1,-1
1454188511774162,-1,-1,2,3,1,-1,-1,-1
1454188511774162,-2,-5,4,-6,-4,-3,-2,-2
1454188511775163,1,-4,-28,-4,-4,-3,-1,-2
1454188511775163,0,-4,-3,-3,-1,1,-2,-2
1454188511796196,0,1,6,8,-1,-1,0,0
1454188511796196,-1,1,3,1,5,0,-3,-1
1454188511798197,-1,1,4,-2,-4,-1,-1,-1
1454188511798197,0,-3,0,-4,2,-3,-1,-1
1454188511810206,0,-4,-11,-4,-21,1,-1,-1
1454188511810206,-4,-2,-8,3,6,4,3,1
1454188511817270,-1,0,7,2,1,-2,-1,-1
1454188511817270,-1,-1,-5,-3,-2,-3,-1,0
1454188511834277,-1,-4,-3,-1,3,-2,-3,-2
1454188511834277,1,-2,-3,-6,-5,-7,-3,-2
1454188511835254,-2,0,3,0,-6,3,0,-2
1454188511835254,0,1,1,3,1,-3,1,0
1454188511856341,-2,-1,-3,-4,0,2,-1,1
1454188511856341,1,2,-2,4,6,0,1,0
1454188511858352,-1,0,8,-1,-2,-3,0,-3
1454188511858352,-2,-12,-15,-3,-4,-2,0,-2
1454188511870356,-3,3,6,0,1,0,-1,-2
1454188511870356,0,-1,-1,-6,-4,0,-1,0
1454188511877391,0,1,2,-3,-3,-1,-1,0
1454188511877391,1,2,5,3,-8,-4,-1,0
1454188511893444,-1,-3,-13,0,9,-1,0,0
1454188511893444,1,2,3,3,-1,-1,0,-1
1454188511895436,-4,-8,-2,-3,3,2,-4,-2
1454188511895436,0,4,-15,-5,-4,3,1,-1
1454188511916444,-3,-11,-15,-3,3,-4,-1,-2
1454188511916444,0,1,12,-4,-3,0,0,0
1454188511917491,1,2,0,-2,-1,0,1,0
1454188511917491,1,4,6,7,0,-3,-2,-3
1454188511930455,-4,3,1,3,3,0,1,1
1454188511930455,-1,-1,-5,-9,-3,-1,-4,-2
1454188511946463,-1,-5,-5,-5,-8,-3,-1,-1
1454188511946463,-4,0,2,2,6,-4,-3,-2
1454188511953487,0,1,12,6,1,7,3,0
1454188511953487,0,-4,-1,7,3,2,1,0
1454188511955479,2,1,1,-2,0,0,0,0
1454188511955479,0,2,8,-4,-4,-13,-2,0
1454188511976502,-2,-14,-21,-10,-7,2,-4,-3
1454188511976502,0,3,2,2,0,1,1,-1
1454188511977503,1,4,-1,-1,4,-1,0,1
1454188511977503,-4,-11,-1,8,2,4,-2,0
1454188511989496,-2,0,8,-6,-6,-6,-1,-1
1454188511989496,-2,0,1,-4,-4,-1,-2,0
1454188511999502,-1,-5,-4,-1,-1,-2,-1,-1
1454188511999502,1,-6,4,-3,-2,-1,0,1
1454188512013529,2,5,9,4,1,2,-1,0
1454188512013529,0,-1,0,-4,-6,-5,-2,-1
1454188512015530,-4,1,-5,0,1,-3,0,0
1454188512015530,0,6,9,0,-1,7,-1,-1
1454188512036545,-2,-12,-14,3,3,-1,0,-1
1454188512036545,0,-1,-24,3,3,1,0,0
1454188512038406,2,0,1,-3,-7,-1,-3,-1
1454188512038406,-2,-2,-1,1,3,0,0,0
1454188512049471,1,8,8,0,-1,-4,-1,0
1454188512049471,-3,-3,1,-2,1,-2,-3,-2
1454188512059454,-2,-4,0,-3,-5,-4,1,-1
1454188512059454,-1,-1,-6,-1,1,0,0,-2
1454188512073489,0,1,3,1,1,-2,0,0
1454188512073489,-1,-6,0,-1,-1,-1,-1,-1
1454188512075445,1,1,1,0,-3,2,-1,-1
1454188512075445,0,0,-4,-5,3,0,-1,-1
1454188512096505,-1,1,11,-1,-3,-1,-2,-1
1454188512096505,-1,-3,-20,-1,-2,0,-2,-2
1454188512097505,-2,-1,5,0,-2,-1,0,1
1454188512097505,-2,1,-7,-3,-3,1,0,-1
1454188512110474,2,4,3,2,1,0,1,0
1454188512110474,-6,-5,2,-2,-2,-2,-1,-2
1454188512118484,-1,4,3,0,0,-2,-1,-1
1454188512118484,3,10,-5,-3,-2,0,-1,2
1454188512133496,0,-6,-7,-1,-4,-3,-2,0
1454188512133496,-2,-11,-23,-2,-1,-1,-2,-2
1454188512135478,-1,-9,10,-2,2,1,-3,-1
1454188512135478,-3,-1,5,4,1,-1,1,1
1454188512156511,2,12,2,-1,0,7,-3,-2
1454188512156511,-2,-9,6,-4,-2,-4,4,4
1454188512157512,-2,-4,-1,-1,-4,-1,-2,-4
1454188512157512,-2,-6,-1,0,-1,-2,-2,-3
1454188512169521,0,3,8,4,1,1,0,2
1454188512169521,1,6,7,4,2,1,0,-1
1454188512178528,-1,2,-4,-1,-1,-4,-1,-2
1454188512178528,-3,-5,13,-9,-2,0,-2,-3
1454188512193537,1,2,-10,-1,-4,-4,-3,-2
1454188512193537,-1,1,17,-2,-3,-1,-2,-3
1454188512195538,-4,-7,-15,-5,-2,-5,-1,-1
1454188512195538,1,4,-1,4,0,-1,0,-1
1454188512216631,0,-2,-3,2,1,0,1,1
1454188512216631,-3,0,16,-7,-7,-3,-4,-2
1454188512217583,1,-1,-16,-1,0,0,-1,-2
1454188512217583,-3,-7,-17,-2,-1,-4,-1,-1
1454188512229596,-4,-3,4,-2,-4,1,-2,-3
1454188512229596,3,4,4,0,-3,0,0,-3
1454188512238583,-6,4,6,2,0,-4,-1,-1
1454188512238583,1,2,5,-3,1,6,1,1
1454188512253614,-1,-5,-19,6,5,1,3,1
1454188512253614,-5,1,3,-4,-4,-7,-10,-3
1454188512255607,2,0,1,-4,-3,2,-1,0
1454188512255607,2,-4,-10,3,3,2,-1,0
1454188512276629,-1,10,28,3,2,-2,-1,-3
1454188512276629,0,-10,-32,-1,1,4,1,1
1454188512277624,0,-6,0,-4,-3,-5,-6,-1
1454188512277624,-4,-4,7,-3,-6,3,4,-2
1454188512289675,1,5,1,-3,-1,-3,-3,0
1454188512289675,-2,-1,7,2,1,-1,2,0
1454188512298642,0,-7,-5,1,3,0,0,1
1454188512298642,-5,-3,0,-2,5,-2,-1,0
1454188512313692,-2,-3,4,-4,-11,-4,-2,-2
1454188512313692,5,1,-6,0,-1,1,0,-1
1454188512315640,-1,1,4,3,3,1,3,-1
1454188512315640,-7,-4,-1,-3,-3,-4,-5,-5
1454188512336708,1,-6,-10,2,2,2,-1,0
1454188512336708,1,4,2,-3,3,1,0,1
1454188512337669,0,5,14,2,-3,0,-1,-2
1454188512337669,2,-1,-16,1,-3,-6,-3,0
1454188512349718,-4,-1,13,-4,-3,-2,-3,-1
1454188512349718,-3,-5,-11,-1,-4,-1,-1,-1
1454188512358689,0,4,6,2,0,0,-2,0
1454188512358689,-1,-1,-4,-2,-4,0,-1,1
1454188512373735,0,0,-4,-6,-2,-3,0,0
1454188512373735,-2,1,9,5,7,1,0,-1
1454188512375682,-2,-2,-4,4,0,5,2,1
1454188512375682,1,6,11,3,-3,-1,-1,0
1454188512396707,-3,-6,-32,-10,-4,-3,-1,-2
1454188512396707,-2,-3,4,-4,-4,-2,-3,-2
1454188512397697,1,2,0,-2,-2,-2,-3,0
1454188512397697,1,-1,-1,3,-2,-1,-1,0
1454188512409715,-4,1,7,2,1,1,0,-1
1454188512409715,-6,-1,-2,-5,-3,-4,-2,-2
1454188512418711,-3,-4,-16,-3,0,1,1,-1
1454188512418711,3,-1,1,-2,3,-1,-1,-2
1454188512433725,-5,-1,2,5,0,-2,-1,-3
1454188512433725,1,2,-10,1,1,2,-3,-2
1454188512435723,-1,0,11,-3,-2,-2,0,-3
1454188512435723,-3,-3,-5,-3,-1,-4,-1,1
1454188512456738,-2,1,4,-2,-1,0,-1,-2
1454188512456738,-3,-5,-5,0,-1,-5,0,-1
1454188512457749,3,-6,-17,-6,-2,-1,-2,-1
1454188512457749,-1,3,-4,-6,-5,-2,-1,-2
1454188512469766,2,2,8,5,3,-2,0,0
1454188512469766,-1,6,10,3,4,1,1,0
1454188512478763,-3,-1,-24,-6,-4,3,-2,-1
1454188512478763,-1,-8,4,3,-1,-1,-1,-2
1454188512493783,-1,1,-4,-4,0,-4,2,1
1454188512493783,2,-3,7,-3,-4,0,-1,1
1454188512495780,0,11,10,2,-5,-1,-2,0
1454188512495780,-4,-11,-3,-4,5,-1,0,0
1454188512516796,0,5,-5,-9,-1,7,0,-2
1454188512516796,3,1,1,17,3,-3,1,1
1454188512517783,3,-1,10,0,1,-1,-1,2
1454188512517783,-8,-3,-8,-5,-7,0,-4,-5
1454188512529845,-1,-7,-1,-5,-6,-2,-3,-1
1454188512529845,-2,0,-5,-6,-1,1,1,-1
1454188512538805,-1,-4,22,3,-1,-2,-3,0
1454188512538805,-1,1,-30,-3,1,-2,0,-1
1454188512553861,2,-7,-4,1,-1,-4,0,1
1454188512553861,-3,0,-6,-5,-6,1,-1,-2
1454188512555852,-5,0,-3,2,1,-3,0,-1
1454188512555852,1,6,26,0,0,0,1,0
1454188512583879,-1,-2,-7,-1,-3,-3,-2,-1
1454188512583879,-2,-5,-4,-5,-1,-2,-1,-3
1454188512585840,-2,-3,-12,2,0,-1,0,-2
1454188512585840,4,8,20,2,-1,-1,-1,-2
1454188512589835,0,-1,-14,-2,-1,-3,-2,0
1454188512589835,-3,-5,12,-5,-5,-4,-2,-1
1454188512598852,-1,-1,4,-4,-1,-1,0,-1
1454188512598852,1,1,0,3,-1,1,-1,0
1454188512613904,2,2,15,12,7,3,2,1
1454188512613904,1,8,-1,-4,-2,0,-3,0
1454188512615858,-5,-11,-21,-3,-1,-2,-2,-2
1454188512615858,-1,3,11,-1,-2,-2,-1,1
1454188512635883,-1,-4,-4,-8,-2,-1,-2,-2
1454188512635883,-1,3,-6,-4,-11,-2,0,0
1454188512637865,3,0,4,-2,0,-1,-3,-4
1454188512637865,0,-2,-2,-1,0,1,0,-2
1454188512649929,-2,-2,-4,-4,-4,-2,-2,2
1454188512649929,4,-2,-5,0,3,0,0,1
1454188512658881,1,1,5,5,2,-1,0,0
1454188512658881,-5,-2,-6,0,-3,-2,0,0
1454188512673946,-2,-7,-7,-2,0,-1,-1,-3
1454188512673946,-2,-1,8,-4,-6,-3,-2,-2
1454188512675922,-1,-5,-4,-2,-3,1,1,-2
1454188512675922,1,-1,-5,4,8,1,1,0
1454188512696018,-1,1,10,1,-2,-1,-1,1
1454188512696018,-2,1,-8,-6,-5,-4,-2,-2
1454188512697965,-3,-3,-22,-1,2,1,0,3
1454188512697965,3,0,-8,-2,-2,0,0,-2
1454188512718999,-3,-21,1,2,1,-1,0,-2
1454188512718999,1,4,0,0,6,3,0,-1
1454188512719994,2,5,11,2,-2,-2,-1,0
1454188512719994,-3,-1,23,3,-2,0,-5,-2
1454188512733044,-1,2,-23,-8,-3,-3,-2,-1
1454188512733044,-1,-9,-32,-4,0,-1,-1,-6
1454188512740049,1,1,1,-3,-2,-3,0,4
1454188512740049,1,-1,-1,-1,-3,-1,2,4
1454188512756025,1,6,9,3,2,2,0,-2
1454188512756025,-4,-7,-5,1,0,-2,-3,-7
1454188512758006,0,-1,5,-4,-2,-2,-2,-4
1454188512758006,1,2,-2,1,-3,-1,0,1
1454188512779030,-4,0,7,1,1,0,0,-5
1454188512779030,-5,0,-1,1,1,0,-1,3
1454188512780031,1,-1,-3,0,-3,-2,-1,-1
1454188512780031,2,1,1,-4,-3,-4,-2,-1
1454188512793035,-11,-4,-12,-4,2,0,-1,-1
1454188512793035,0,1,1,-3,-7,-1,0,1
1454188512800040,-4,-4,-2,-3,-3,-2,-1,-1
1454188512800040,2,4,-2,-1,1,-2,-3,-4
1454188512816110,3,2,2,-1,-2,-1,0,0
1454188512816110,2,3,10,4,1,0,-1,2
1454188512818049,-4,2,-9,0,2,3,-2,-3
1454188512818049,-3,-8,-9,-2,-4,-1,0,1
1454188512839123,1,11,30,-3,-4,-4,-2,1
1454188512839123,0,-10,-53,-2,-1,-1,-1,2
1454188512840084,-3,1,17,3,-5,-4,-3,-3
1454188512840084,1,4,-18,-10,2,3,-1,-1
1454188512861101,3,5,0,1,1,0,-1,0
1454188512861101,-1,-3,23,1,1,-1,0,2
1454188512863096,-2,2,-1,0,0,-1,0,0
1454188512863096,-7,-8,-9,-5,-2,-2,-2,-6
1454188512876111,1,-3,-7,-1,-2,0,-1,-2
1454188512876111,0,9,13,-1,-2,1,0,-3
1454188512878107,-2,-5,-16,-8,0,0,0,8
1454188512878107,0,3,17,12,0,-3,-3,-1
1454188512899128,-2,-5,-21,-8,-2,-1,-2,-3
1454188512899128,1,3,3,-3,1,-4,-3,-2
1454188512900109,-1,-1,-2,0,0,0,0,0
1454188512900109,0,-1,-7,-3,-2,-1,0,-2
1454188512912137,-2,-1,4,5,-1,-2,-2,1
1454188512912137,-5,-7,5,-4,0,-2,0,-3
1454188512921214,-1,-3,5,-3,-2,0,-1,-2
1454188512921214,0,2,10,2,-1,0,-2,0
1454188512936197,-2,-6,-2,0,-1,-3,-2,-2
1454188512936197,-1,3,18,1,0,-1,-3,0
1454188512938195,4,10,2,2,2,0,1,-2
1454188512938195,-6,-19,-11,-3,3,0,1,0
1454188512959247,-3,-2,-2,-2,-1,0,0,0
1454188512959247,1,-2,-12,-1,-2,0,-2,-1
1454188512960211,-7,9,23,3,-3,-4,-2,-3
1454188512960211,-3,-6,-18,-6,-4,-3,-3,0
1454188512972276,1,2,4,3,-1,1,4,1
1454188512972276,3,3,13,3,2,0,1,-2
1454188512981256,2,-3,-21,3,1,0,-2,0
1454188512981256,-5,-2,12,-3,-3,-4,-3,-4
1454188512996292,-2,-1,10,-11,-9,-7,-5,-1
1454188512996292,4,4,4,1,-1,-1,-1,1
1454188512998237,2,-3,-10,-4,1,0,1,-1
1454188512998237,-1,-2,0,4,2,1,1,-3
1454188513019257,6,9,4,2,1,0,-1,1
1454188513019257,-11,-12,-5,-8,-5,-5,-4,-5
1454188513020253,4,2,4,-3,2,0,-1,-1
1454188513020253,-2,2,3,1,-5,-5,-1,2
1454188513032319,1,-1,-4,2,3,1,2,0
1454188513032319,-1,-2,-1,-1,1,-1,0,-1
1454188513041296,-2,-2,-7,-2,1,2,0,-2
1454188513041296,-3,-4,-3,-2,-2,-2,-3,-3
1454188513056336,2,-3,-17,-5,-4,-1,-1,0
1454188513056336,-1,-3,-3,-1,-5,-3,-2,3
1454188513058279,2,4,6,2,-1,-1,0,-3
1454188513058279,0,-2,-13,-2,-2,0,-1,-1
1454188513079326,-5,-9,1,-3,0,-3,-2,-1
1454188513079326,-1,0,-10,-1,0,0,1,0
1454188513080296,3,7,14,-1,0,-3,-2,-1
1454188513080296,-3,-9,-16,-3,-3,-4,-1,0
1454188513092361,-1,-2,3,1,0,0,0,0
1454188513092361,-5,-6,-3,-5,-2,0,-1,-2
1454188513101341,-4,-3,8,3,0,1,-1,0
1454188513101341,4,3,-2,2,4,3,4,3
1454188513116378,-5,-4,-7,-3,-1,-1,-3,-3
1454188513116378,0,7,11,3,-1,-1,0,-1
1454188513118322,-2,-9,-12,0,-2,-2,-2,-1
1454188513118322,2,11,6,-1,-2,-2,-2,-2
1454188513139369,-3,-8,-4,-3,-2,1,0,-1
1454188513139369,-2,5,9,6,2,-2,-1,-2
1454188513140338,-2,-9,-10,-6,-1,-1,-1,0
1454188513140338,4,5,-1,-1,-4,-3,0,2
1454188513152375,-2,8,0,0,0,-4,-3,-2
1454188513152375,3,4,8,1,0,-1,0,2
1454188513161383,-5,-11,3,-8,-2,2,0,-1
1454188513161383,-1,4,4,5,3,2,1,-1
1454188513176421,2,7,9,3,1,-2,0,0
1454188513176421,4,6,-16,-1,-2,-2,-2,0
1454188513178370,-2,-4,-9,0,0,-2,1,-1
1454188513178370,-7,-14,2,-5,-5,-2,-1,-2
1454188513199409,2,-2,4,2,1,3,1,0
1454188513199409,-3,-2,8,1,-2,0,-1,0
1454188513200385,-4,-12,-8,-7,-4,-3,-3,-3
1454188513200385,2,3,6,-1,-1,0,0,2
1454188513212445,-1,3,-3,2,-2,-4,-2,-3
1454188513212445,-8,-21,-7,-7,-4,-3,-4,-5
1454188513221402,7,-2,-10,4,4,7,6,3
1454188513221402,5,12,9,1,1,0,-1,4
1454188513236433,-11,-22,-6,-11,-4,-1,-1,-3
1454188513236433,-3,2,2,2,0,-2,1,-3
1454188513238408,-5,1,1,0,-4,-4,-4,-3
1454188513238408,-20,-22,7,-6,-3,-3,-4,-7
1454188513259423,5,-3,-19,0,0,1,1,2
1454188513259423,-1,4,2,2,-1,-2,-3,0
1454188513260429,-4,-19,-4,-7,-1,-1,-1,-2
1454188513260429,5,24,8,4,-1,-1,0,0
1454188513272488,-3,-20,-19,-3,2,3,0,-5
1454188513272488,-1,-2,-7,-8,-4,-2,-2,9
1454188513281467,8,34,18,13,2,-5,-4,-1
1454188513281467,8,-23,-25,0,4,6,2,2
1454188513296505,5,30,31,10,-1,-8,-3,-1
1454188513296505,0,12,2,-2,-5,-8,-4,-3
1454188513297449,5,-8,-12,-4,7,11,8,6
1454188513297449,-1,6,-8,0,2,4,1,1
1454188513318482,0,11,9,0,-5,-3,-3,0
1454188513318482,2,-7,-3,2,4,5,2,-4
1454188513320465,-1,13,20,6,-3,-6,-4,-1
1454188513320465,2,3,4,-1,1,0,0,4
1454188513332532,-3,-11,-12,-6,-2,4,4,1
1454188513332532,-3,-6,-21,-1,-6,-7,-6,-4
1454188513341508,0,-1,-15,-7,-3,2,0,-2
1454188513341508,-5,-9,-6,-7,-1,-3,-2,-5
1454188513356548,4,8,8,8,6,5,1,3
1454188513356548,2,-5,-22,-9,-7,-2,0,-1
1454188513357492,-4,-6,-5,-5,-2,-1,-1,-2
1454188513357492,-3,5,-20,2,-2,-6,-5,-3
1454188513378537,-4,10,47,-5,-6,-4,-4,-4
1454188513378537,-7,-14,7,10,4,1,1,-4
1454188513380507,0,-4,1,5,6,7,4,5
1454188513380507,-4,-10,-15,-4,-3,0,0,-2
1454188513392574,-3,9,39,4,-2,-5,-5,-3
1454188513392574,-2,-11,-34,4,12,13,4,0
1454188513401552,-4,-4,12,-4,-6,-6,-3,-1
1454188513401552,0,9,11,4,2,-1,-1,1
1454188513416590,-6,-10,3,-2,-2,0,1,-2
1454188513416590,-1,3,-5,0,-1,1,0,-3
1454188513417534,-7,1,2,-10,-8,-7,-5,-6
1454188513417534,-4,-10,29,-3,3,5,1,-3
1454188513438606,-3,-1,-28,-3,-7,-13,-8,-4
1454188513438606,1,-8,12,2,12,17,12,8
1454188513440549,-1,4,-16,-2,-4,-4,-4,-3
1454188513440549,-5,-10,0,-2,-5,-5,-3,-4
1454188513452588,-3,7,-15,-3,-6,-6,-4,-4
1454188513452588,-9,-22,6,-5,-4,-1,-1,-3
1454188513461707,0,6,2,4,0,-1,-1,-2
1454188513461707,3,12,17,1,-4,-5,-6,-3
1454188513476745,5,10,-13,5,3,0,1,1
1454188513476745,-6,-11,10,-12,-8,-7,-4,-3
1454188513477691,9,10,-14,8,9,7,5,5
1454188513477691,-7,-1,-4,-9,-9,-6,-4,-7
1454188513498724,3,-4,-19,-1,-1,2,-2,1
1454188513498724,3,15,10,0,-2,-3,-4,-1
1454188513500706,-5,-3,7,-4,-7,-7,-5,-3
1454188513500706,-3,-15,-10,5,3,3,0,0
1454188513512735,-1,-5,-5,-1,3,5,4,2
1454188513512735,2,14,11,-1,-1,-1,-1,-3
1454188513521797,-4,-10,-7,-1,-1,2,-1,-2
1454188513521797,-2,-11,-14,-4,-1,-2,-1,-1
1454188513536803,-6,-10,-9,-8,-2,-2,-2,-3
1454188513536803,4,-6,-10,-6,-2,-2,-1,1
1454188513537800,-5,4,5,-3,-7,-8,-6,-6
1454188513537800,5,4,13,4,0,-1,1,1
1454188513558871,8,6,-15,2,-3,-4,-4,0
1454188513558871,4,2,-13,-3,-2,1,3,3
1454188513560821,-6,3,37,2,-3,-3,-2,-3
1454188513560821,-12,-28,-27,-8,-5,-4,-3,-4
1454188513572882,-6,-17,-30,-6,-2,1,1,-1
1454188513572882,0,2,3,0,1,-1,-1,-3
1454188513581836,3,4,15,2,-3,-1,0,1
1454188513581836,9,23,-4,11,4,-3,-2,5
1454188513596842,1,0,9,-2,0,2,3,1
1454188513596842,2,4,5,1,-4,-6,-3,-1
1454188513597849,-2,-4,-16,1,3,3,-2,-2
1454188513597849,9,15,11,0,-3,0,0,0
1454188513618888,0,-14,-6,-2,2,1,2,0
1454188513618888,7,12,4,0,-1,-1,-1,-1
1454188513620858,0,-3,-6,0,2,-1,0,0
1454188513620858,-4,2,18,5,6,6,2,3
1454188513632897,-8,-18,-15,-14,-5,1,-2,-3
1454188513632897,1,9,18,5,0,-1,0,0
1454188513641883,-2,-12,-14,-2,-2,-3,0,-3
1454188513641883,-2,-1,7,-5,-5,-2,-1,-3
1454188513656914,2,7,14,6,2,0,-2,0
1454188513656914,0,0,-2,1,0,-4,-3,-1
1454188513657885,-5,-5,-17,-1,0,0,-2,-1
1454188513657885,1,11,14,-1,-5,-4,-3,-2
1454188513678903,8,-1,6,1,0,2,2,2
1454188513678903,-3,-1,-8,1,0,0,-1,-2
1454188513684961,-1,-3,7,0,-4,-4,0,-2
1454188513684961,2,-3,-18,-4,0,2,3,-1
1454188513700972,-4,0,2,1,1,-2,0,0
1454188513700972,-5,2,13,-1,-4,-2,-4,-3
1454188513702916,3,5,0,-2,-1,-1,-2,2
1454188513702916,-2,-5,-5,-5,-3,0,-1,-2
1454188513715982,-2,-9,-6,2,1,-1,-1,-2
1454188513715982,-1,-6,-1,-3,-1,-3,0,-1
1454188513717955,1,7,12,-2,0,-1,-1,-2
1454188513717955,-2,-3,-17,-1,-3,-2,0,-1
1454188513739000,-3,4,9,0,-1,-1,-1,0
1454188513739000,-3,-6,7,3,1,-1,0,-1
1454188513740944,1,-4,-12,-6,-4,0,-1,-1
1454188513740944,0,6,8,2,1,0,-2,0
1454188513760957,-3,-3,-1,0,-2,0,-1,-2
1454188513760957,-4,-12,-20,-7,-4,-4,-2,-1
1454188513762987,-1,6,8,2,-2,0,-1,-1
1454188513762987,-1,-11,-24,-8,-2,-1,0,-2
1454188513775968,-2,0,-29,-2,-1,-2,-3,-3
1454188513775968,2,-4,-4,3,0,-1,-1,-2
1454188513777970,4,2,9,2,3,0,0,2
1454188513777970,-1,1,-17,-3,-2,-2,0,0
1454188513799045,0,3,11,-2,0,-2,-2,-2
1454188513799045,0,10,2,-4,-4,-2,0,-2
1454188513799988,-3,-5,-7,3,4,2,2,0
1454188513799988,-2,1,12,3,-1,-2,-2,-1
1454188513821036,0,-2,8,-4,-5,-4,-2,0
1454188513821036,-1,-1,-5,1,1,3,0,-2
1454188513823001,-5,-6,-2,1,2,0,-1,-2
1454188513823001,-3,4,12,0,2,2,0,-1
1454188513836039,-1,-7,-28,-1,0,-2,-1,-1
1454188513836039,-3,4,18,-7,-6,-4,-4,-1
1454188513843046,2,6,3,-1,-1,1,1,-3
1454188513843046,-3,-17,-37,-5,-6,-3,-4,-4
1454188513859087,-1,-3,15,1,-3,1,-1,-1
1454188513859087,0,3,0,0,1,0,-1,-1
1454188513860027,-2,-3,-2,-2,-1,-3,-3,0
1454188513860027,3,11,8,-1,-4,-2,-1,2
1454188513881101,-4,-6,10,1,0,0,-1,-2
1454188513881101,0,-3,-22,-2,-1,0,-2,0
1454188513883047,-2,-3,0,0,-1,-2,-1,-1
1454188513883047,2,0,9,1,3,1,0,-1
1454188513895110,-1,2,-1,-1,-1,-2,-1,-2
1454188513895110,0,-1,-3,-1,2,1,2,2
1454188513904065,-1,-5,-10,-5,-8,-8,-3,-2
1454188513904065,-2,2,15,7,8,9,0,-1
1454188513919126,-1,2,-7,-1,0,4,1,0
1454188513919126,-3,0,4,-2,0,0,0,0
1454188513920071,0,-2,-7,-3,-2,-1,0,0
1454188513920071,-1,-5,-4,-5,-6,-7,0,-1
1454188513941142,1,7,6,1,3,2,1,0
1454188513941142,-1,0,-1,0,-3,-5,-2,-2
1454188513943086,-4,-10,-3,-5,-4,-2,-2,-2
1454188513943086,-1,1,9,2,0,0,-2,-1
1454188513955125,-1,0,-3,0,2,2,-1,-1
1454188513955125,0,7,3,-2,-3,-2,1,-1
1454188513964272,-3,-9,-7,-2,-2,0,-3,-3
1454188513964272,-1,2,-9,0,-1,0,-1,0
1454188513979284,0,-2,-4,-5,-3,-4,-3,-3
1454188513979284,-1,2,-1,3,-1,5,-1,0
1454188513980253,-2,2,11,0,3,-1,0,-2
1454188513980253,-1,-8,-1,-4,-3,-5,-2,-1
1454188514001326,-1,-5,-2,1,0,-1,-1,0
1454188514001326,-1,-4,-21,-3,1,0,-2,-4
1454188514003269,1,3,-2,1,0,-2,0,0
1454188514003269,-2,-6,4,-4,-3,0,1,-1
1454188514015335,0,7,10,2,0,0,-1,-2
1454188514015335,-1,-4,1,0,2,1,1,-1
1454188514024292,-3,-3,-9,1,3,2,-1,-1
1454188514024292,0,-1,-1,-4,-3,-8,0,0
1454188514039322,0,-3,-3,-4,-3,2,-3,-1
1454188514039322,-2,2,2,-2,-3,0,1,-1
1454188514040295,3,3,5,0,-3,-3,0,-2
1454188514040295,1,1,-3,2,3,0,2,0
1454188514061330,-2,-3,0,-1,-2,-2,1,-1
1454188514061330,-2,-3,9,0,-2,-4,-1,2
1454188514063316,-1,-2,1,-1,-1,0,0,-1
1454188514063316,-3,-3,-22,-2,-3,1,-2,-2
1454188514075374,-2,-2,2,-2,-1,-3,-1,0
1454188514075374,2,1,-2,3,0,-2,-2,-1
1454188514084326,0,-3,1,-7,-6,-6,-3,0
1454188514084326,-1,5,0,2,3,4,-1,-1
1454188514099367,-1,-11,-1,-1,0,-4,0,-2
1454188514099367,-2,1,1,-1,-1,-1,1,-1
1454188514100339,-2,0,3,-1,-1,2,-1,0
1454188514100339,-3,0,7,3,2,-3,-1,-1
1454188514121358,-1,5,-1,-1,-1,-2,0,2
1454188514121358,-1,-3,7,-2,-2,-8,-1,-1
1454188514123354,0,1,-6,-1,4,11,0,0
1454188514123354,-2,-11,-2,-4,-1,-1,-1,-2
1454188514135419,-8,1,-1,-1,-5,-1,0,-1
1454188514135419,-2,-2,-3,-1,0,-3,-2,0
1454188514144376,-2,2,-5,-2,-1,-2,-2,-2
1454188514144376,1,6,2,2,1,-2,1,0
1454188514158383,-1,-5,-2,-2,1,-3,-2,0
1454188514158383,-1,-1,-2,-2,-3,0,1,0
1454188514160384,-3,-1,-2,-2,-3,-1,-1,-1
1454188514160384,-3,-1,3,1,-1,1,-3,1
1454188514181452,1,-1,-2,0,-1,1,2,-1
1454188514181452,1,2,-3,-1,-1,-3,-2,-1
1454188514183396,-2,-5,-3,-3,-2,-4,-2,-2
1454188514183396,1,1,-4,-6,-2,-2,-2,-2
1454188514195436,2,0,4,1,4,0,2,-1
1454188514195436,-1,-3,9,-2,-1,3,-2,-1
1454188514204418,-2,-1,-5,-1,0,-1,0,0
1454188514204418,-1,1,3,0,-3,-7,0,0
1454188514219431,0,1,3,-1,0,-1,-4,-2
1454188514219431,-1,0,0,0,-1,3,-1,-1
1454188514220424,1,-3,-1,0,-1,2,0,-1
1454188514220424,-4,-2,0,-2,-3,-3,0,0
1454188514241494,3,4,-3,-2,-3,-4,-2,1
1454188514241494,-1,-6,-4,0,1,-3,0,0
1454188514243439,-1,1,-1,-1,0,-1,0,-1
1454188514243439,1,-4,-5,0,-1,0,-2,-1
1454188514255478,1,1,6,-2,-4,-4,-2,0
1454188514255478,-1,-6,-5,-6,-5,-2,-3,-3
1454188514264461,0,5,4,1,-1,-2,0,-1
1454188514264461,0,-6,-1,2,4,4,1,1
1454188514278523,1,7,-6,0,-1,1,0,0
1454188514278523,-2,-6,16,-5,-2,-5,0,0
1454188514280465,-3,-14,-12,-5,-5,-2,-4,0
1454188514280465,2,5,7,-1,-1,-2,-2,-1
1454188514301538,0,-1,-5,0,0,1,0,-2
1454188514301538,-1,4,-5,4,3,2,0,-2
1454188514302481,2,5,4,-2,-2,-4,-1,-3
1454188514302481,-2,0,3,-4,-4,-6,-1,0
1454188514315520,-4,-3,1,-2,-4,5,-2,0
1454188514315520,-2,-5,-8,1,4,1,0,0
1454188514323645,1,1,0,1,5,1,1,0
1454188514323645,-1,1,-9,-2,-2,1,0,0
1454188514338656,-2,-4,4,-3,-5,-4,-3,-3
1454188514338656,-1,5,1,-5,-5,-3,-2,-1
1454188514340633,-1,0,-6,2,0,3,0,0
1454188514340633,0,2,0,0,-1,0,-1,-2
1454188514361701,-2,-4,-2,-2,1,-2,1,-1
1454188514361701,2,2,2,2,2,1,0,0
1454188514362650,-1,-3,-2,-4,-4,-4,-2,0
1454188514362650,-1,0,-4,-6,-8,-4,-3,-2
1454188514374827,-2,-4,10,4,3,10,1,-2
1454188514374827,0,0,-10,1,2,1,2,0
1454188514383805,-2,3,0,1,1,-1,0,-1
1454188514383805,-2,-6,-2,-3,-1,1,-1,-1
1454188514397842,1,0,0,-1,0,-4,-1,0
1454188514397842,-3,-1,-1,-5,-6,-8,-4,0
1454188514404791,-2,-3,-4,4,4,6,1,1
1454188514404791,1,6,10,2,-2,-4,1,-1
1454188514421802,-2,-7,-35,-2,-1,-3,-2,-1
1454188514421802,-1,0,0,-2,-3,0,-1,1
1454188514422808,0,2,3,1,1,-4,0,0
1454188514422808,0,1,1,-4,-3,-1,-3,0
1454188514434869,-1,4,-1,-5,-3,-1,1,0
1454188514434869,-3,-5,-9,10,5,7,-1,-1
1454188514443832,0,0,-4,-1,1,-3,1,0
1454188514443832,0,4,12,-1,1,3,0,0
1454188514457886,0,2,9,-3,-2,-6,-1,-2
1454188514457886,3,2,-5,-3,-6,-4,-3,0
1454188514464891,1,-2,-1,-2,-2,0,-1,-1
1454188514464891,-5,-3,1,3,0,-1,0,0
1454188514481845,-1,-1,1,0,2,-1,-2,-1
1454188514481845,0,2,-3,-1,0,-1,0,-2
1454188514482852,0,-3,2,-2,-5,-5,-1,-2
1454188514482852,1,-4,-10,-2,-2,-3,-5,-3
1454188514494911,-1,0,3,-2,-3,-3,-3,-2
1454188514494911,0,-1,6,-2,0,3,-1,-1
1454188514503873,1,0,3,-3,-1,-1,0,-1
1454188514503873,-2,0,1,-1,2,-2,1,0
1454188514517928,-3,-6,-10,0,-3,-3,-2,0
1454188514517928,-1,-1,-2,0,0,-2,-1,-2
1454188514526053,0,10,13,5,2,-3,-1,-1
1454188514526053,-3,-17,-24,-4,-2,-3,-1,-3
1454188514541063,-1,5,8,2,1,1,0,0
1454188514541063,-1,0,-2,-4,-5,-2,-1,-1
1454188514543007,0,-2,-4,-6,-4,-2,-3,-3
1454188514543007,-1,2,3,2,2,2,1,-2
1454188514555043,0,-1,-5,0,0,-1,1,-1
1454188514555043,-1,-1,-5,2,-3,-1,-1,1
1454188514564196,-3,-4,-3,-3,-3,0,-1,0
1454188514564196,1,2,-1,-3,-3,0,-2,-3
1454188514579229,2,-2,-2,2,2,2,0,-1
1454188514579229,-4,1,7,-5,-1,-5,-1,-1
1454188514580178,0,-3,-5,3,1,3,-5,-1
1454188514580178,0,-1,-1,2,1,-1,-1,0
1454188514601249,0,0,3,1,1,-1,-1,0
1454188514601249,-3,-2,5,0,1,-1,-1,-1
1454188514603200,-3,-1,-5,-3,-2,-2,0,-2
1454188514603200,-3,-5,-15,-4,-3,-1,-3,-2
1454188514624266,-1,1,5,-4,-4,-6,0,-2
1454188514624266,0,1,4,-1,-1,1,-3,0
1454188514625209,1,-4,2,1,-2,1,-1,-1
1454188514625209,0,3,5,-1,0,0,0,-1
1454188514639336,-1,-1,-6,0,3,3,1,-1
1454188514639336,0,-1,-3,0,1,1,-1,-2
1454188514640341,-3,-2,-9,-4,-6,-4,-2,-1
1454188514640341,0,-1,1,-1,-3,2,0,-1
1454188514661409,1,-2,-5,3,0,1,-1,0
1454188514661409,-1,-1,-8,2,2,-2,-3,-2
1454188514663353,-1,0,-4,-5,0,-1,0,-1
1454188514663353,-1,0,6,5,-1,0,-1,-1
1454188514684398,-1,-2,2,-5,-8,-5,-1,0
1454188514684398,3,1,-8,-4,-1,1,-1,-1
1454188514685369,-1,-1,0,2,2,-3,1,-1
1454188514685369,-2,-3,-6,-1,2,2,-1,0
1454188514699410,-3,1,-3,-2,-1,-1,-3,-1
1454188514699410,2,2,4,1,-1,-1,-1,-1
1454188514700380,-5,-4,-2,-4,-1,-6,-2,-4
1454188514700380,0,0,-1,-4,0,0,0,0
1454188514721403,-1,-1,-1,1,0,1,-1,-1
1454188514721403,1,1,2,0,0,0,-1,1
1454188514723395,0,-1,-1,1,-1,0,0,0
1454188514723395,-1,-3,1,-3,0,-1,-3,-1
1454188514743468,-1,-1,-3,1,0,-1,-3,-1
1454188514743468,-1,-2,-1,-1,-2,-2,0,-3
1454188514745411,2,0,1,1,-1,0,-1,-1
1454188514745411,-2,-1,-2,-2,-1,-1,-1,0
1454188514758598,0,-3,13,-3,-1,0,-1,-2
1454188514758598,-2,-3,-21,-4,-2,2,-1,-1
1454188514760555,0,-4,-1,-4,0,-1,-1,0
1454188514760555,-2,2,3,3,-1,0,0,-2
1454188514781613,0,4,4,-1,2,-2,0,0
1454188514781613,-1,-4,5,-5,-3,-5,0,-2
1454188514787687,-1,-1,-19,-6,-4,1,-3,-2
1454188514787687,1,1,5,1,-1,-1,-1,-2
1454188514803719,-1,-1,0,2,4,2,1,0
1454188514803719,-1,-1,-9,-2,-7,-2,-3,0
1454188514805698,-1,2,5,-2,-1,-2,1,0
1454188514805698,2,0,0,-5,-3,-3,-3,0
1454188514817728,-2,-1,-9,0,-2,-1,-3,-3
1454188514817728,-4,0,10,1,1,1,-1,0
1454188514824735,2,0,0,3,1,-1,2,1
1454188514824735,-3,1,-4,0,-3,-2,-2,-2
1454188514841741,-3,-6,-3,-7,-4,-2,-1,-1
1454188514841741,2,-1,3,2,-1,-2,-1,-2
1454188514842720,0,-2,1,2,-2,0,-2,-1
1454188514842720,-2,0,-1,-2,1,-1,-2,-2
1454188514863744,0,1,5,2,-1,1,-2,0
1454188514863744,-1,-7,-16,-4,1,-2,-2,-1
1454188514865746,-2,-1,5,0,0,0,1,0
1454188514865746,0,-1,-10,-4,0,0,0,-1
1454188514877754,-2,-1,2,3,-3,-1,-3,-1
1454188514877754,-2,1,4,5,3,-1,1,-2
1454188514884759,-2,-1,7,-8,-3,-7,-1,-2
1454188514884759,-1,-3,-3,-3,-5,2,-3,-1
1454188514900796,0,0,0,-6,-2,-1,1,-1
1454188514900796,-2,-3,-2,1,2,0,-1,0
1454188514902761,-1,-1,4,5,1,1,-1,-2
1454188514902761,-2,1,3,0,1,-3,-1,0
1454188514923792,2,-1,0,-5,-5,-2,-1,-2
1454188514923792,-1,-1,3,-2,-4,1,-1,-1
1454188514925793,-2,-2,-3,-4,-1,0,0,-2
1454188514925793,-2,-1,4,0,0,-1,0,-1
1454188514937785,0,-1,-8,1,3,2,1,1
1454188514937785,-1,-1,1,-2,-1,-3,-2,0
1454188514944807,-2,-3,-7,-4,-3,-1,-3,-1
1454188514944807,2,1,-1,-1,-1,-1,-2,-2
1454188514960812,-4,-1,-3,0,-1,-1,0,0
1454188514960812,-4,0,2,-2,-1,-1,-2,-2
1454188514962801,2,0,-2,-1,-2,-1,-1,1
1454188514962801,-1,-4,2,8,3,-1,1,0
1454188514983829,0,-2,-3,-2,0,0,-3,-3
1454188514983829,0,-1,3,-3,0,1,0,-1
1454188514985845,0,0,2,-1,-2,0,-1,-1
1454188514985845,1,0,-3,-3,-3,-4,-1,1
1454188514997839,-1,-2,-4,4,-1,-2,2,0
1454188514997839,-2,1,6,1,1,-1,-2,-2
1454188515004831,-2,0,-5,-2,1,1,-3,0
1454188515004831,-1,-3,-7,-2,3,-1,1,-3
1454188515020855,-2,-2,0,-5,-4,-3,-3,-2
1454188515020855,2,-2,5,-2,-6,-5,0,0
1454188515022845,-2,-2,4,-1,-3,-1,-1,-1
1454188515022845,-1,-4,-18,-1,-2,1,-1,0
1454188515043869,-2,1,2,3,4,2,0,-1
1454188515043869,-1,2,2,-2,2,1,0,-1
1454188515045870,-1,-4,-5,-4,-6,-3,-1,0
1454188515045870,-3,2,11,2,-1,-1,-1,-1
1454188515057881,1,-2,-3,-5,-2,-4,-2,1
1454188515057881,-2,-2,1,3,-1,2,-1,-1
1454188515064886,-1,1,-2,-1,0,1,-1,-2
1454188515064886,-1,0,4,-6,-4,0,-2,-2
1454188515080898,-1,-2,-5,-1,0,0,1,1
1454188515080898,-1,-2,-3,0,-1,-2,-1,-1
1454188515082887,-1,2,0,2,3,1,-1,0
1454188515082887,-2,-1,-2,-4,-5,-4,-1,-1
1454188515103915,0,0,-2,1,1,1,-1,-1
1454188515103915,-2,0,-1,0,-1,0,-1,0
1454188515104926,-1,-2,-4,-2,-2,-1,-2,-1
1454188515104926,0,-2,-3,0,2,0,-1,-1
1454188515117928,-2,0,-1,1,-1,-3,-1,-1
1454188515117928,0,-1,-3,-2,0,1,-2,-1
1454188515124930,0,0,-2,-1,-1,0,-1,0
1454188515124930,-1,-1,1,2,-2,-1,0,0
1454188515140945,-2,1,-3,-5,-6,-2,-2,-2
1454188515140945,-1,0,2,-1,2,-1,1,0
1454188515142964,-1,-4,-13,4,5,2,0,0
1454188515142964,-1,1,3,-3,-4,0,0,-1
1454188515163957,-2,-1,2,0,-1,-2,-2,0
1454188515163957,-4,-1,-3,-4,-3,0,0,-1
1454188515164957,2,-1,0,-3,-3,-3,-1,0
1454188515164957,-1,-1,3,-1,0,0,1,-2
1454188515176965,0,-2,-1,-1,0,-2,0,-1
1454188515176965,1,-1,-1,-2,-1,0,-2,-1
1454188515185971,-2,-1,1,-3,-1,-1,0,-1
1454188515185971,0,-1,2,2,3,-2,-1,1
1454188515200982,-1,0,-6,2,1,2,-2,-2
1454188515200982,-3,-1,1,-1,-2,-3,-1,-1
1454188515202984,-3,-2,-1,-1,-1,-1,-2,-2
1454188515202984,-1,-1,0,-6,-2,-3,-1,-1
1454188515223999,-2,2,10,-2,-1,0,0,1
1454188515223999,-2,-5,-13,-4,-4,0,0,1
1454188515224999,-1,1,4,4,-2,0,-1,-1
1454188515224999,-1,-4,2,2,4,2,-1,-2
1454188515237008,-2,-3,-1,-3,-4,-1,-3,-1
1454188515237008,-1,1,-1,-3,-3,1,-2,-3
1454188515246014,-4,-2,-1,-1,2,0,0,0
1454188515246014,-1,0,-2,2,1,-3,-1,0
1454188515261030,0,-1,-2,0,1,-3,-2,-2
1454188515261030,1,-1,-2,-3,-4,-5,-4,-2
1454188515263031,0,-2,-3,-4,-4,-3,-2,-1
1454188515263031,-1,0,0,2,4,4,0,1
1454188515284046,-1,0,-4,-2,0,0,1,0
1454188515284046,-1,-2,4,0,-1,1,1,0
1454188515285048,-2,-2,-1,1,-2,-1,-2,-2
1454188515285048,-2,-1,-3,-6,-4,-3,-4,-1
1454188515297051,0,-1,-1,1,0,-3,0,2
1454188515297051,0,0,-1,3,4,2,-3,-1
1454188515306057,0,1,7,-1,-1,-1,2,-1
1454188515306057,0,-3,-16,-1,-3,0,0,-1
1454188515321067,1,-1,1,-3,-6,-3,-3,-2
1454188515321067,-3,-2,-1,2,1,0,-1,-1
1454188515323068,-1,-1,1,-1,0,-2,0,-2
1454188515323068,-2,1,2,1,-3,-3,-2,-1
1454188515344083,-1,-1,-1,0,-2,1,-1,-2
1454188515344083,-1,-1,-6,0,-2,-2,2,-1
1454188515345089,1,0,2,-3,-2,-1,-1,0
1454188515345089,-2,-1,-10,-1,0,1,-3,0
1454188515357093,-1,-4,-3,-2,0,0,-2,0
1454188515357093,0,0,0,-2,-2,-2,1,-2
1454188515366104,-1,-2,-2,1,0,-1,-2,1
1454188515366104,0,-1,6,2,1,0,0,-2
1454188515381110,0,0,-2,0,2,1,-1,-1
1454188515381110,-1,-1,-3,-4,-2,-1,-2,-1
1454188515383111,0,0,-4,-3,-1,-2,-2,-1
1454188515383111,2,-2,0,0,0,-1,0,0
1454188515404126,-2,-1,2,1,0,1,1,-1
1454188515404126,1,2,-15,0,0,1,0,0
1454188515405115,0,2,-1,0,-1,-1,-1,-2
1454188515405115,-1,-1,7,-7,-5,0,-3,-3
1454188515417135,-2,-5,-16,-3,-4,-5,-1,-3
1454188515417135,0,-2,4,0,3,4,-1,0
1454188515426129,-1,-1,1,1,0,2,1,-2
1454188515426129,1,0,-3,-1,1,-1,1,-1
1454188515441140,-4,-1,-5,-7,-5,-3,-1,-1
1454188515441140,1,-1,5,4,-2,-3,-1,-2
1454188515443141,-2,0,-6,1,4,1,0,-1
1454188515443141,-1,1,0,-3,-2,-1,-1,-2
1454188515464156,0,-1,1,-1,2,2,-1,-2
1454188515464156,-2,1,0,-2,-3,-2,1,-1
1454188515465160,-2,-2,13,0,-5,-2,-2,0
1454188515465160,-3,-5,-21,-1,-2,-1,0,1
1454188515477165,-1,-1,5,1,0,-2,0,0
1454188515477165,-1,-1,1,-2,-1,-2,-4,0
1454188515486174,1,1,4,2,1,1,1,-2
1454188515486174,-3,0,1,0,-1,-1,-1,-1
1454188515501182,1,-2,-5,-3,-4,-2,-1,-2
1454188515501182,1,-3,3,-1,1,0,0,0
1454188515503183,1,0,-4,-3,-4,-2,-1,0
1454188515503183,-1,-3,0,-3,1,3,0,0
1454188515524200,0,-1,1,8,1,-2,0,-2
1454188515524200,0,0,2,-1,-2,0,-2,-1
1454188515525200,-2,-1,-7,-5,-3,-2,-3,-2
1454188515525200,0,-2,1,-2,-3,-5,-1,-1
1454188515537207,-1,0,4,0,2,3,1,0
1454188515537207,-2,-1,-3,-1,0,0,0,-1
1454188515546214,-2,0,-3,-2,-1,-3,-1,-1
1454188515546214,-2,-1,-3,-3,-2,-3,-1,0
1454188515561224,0,-2,-1,0,-1,0,-1,-1
1454188515561224,-1,0,0,-2,-1,-1,0,-1
1454188515563238,0,0,1,1,0,3,-1,-1
1454188515563238,0,-1,6,-1,-1,-1,-1,0
1454188515583253,-1,-1,-1,-4,-2,-2,-2,-1
1454188515583253,-1,-1,-3,0,2,-1,0,-2
1454188515585254,0,-2,-3,0,-2,-2,-2,-3
1454188515585254,0,1,1,-1,-2,-2,-2,-2
1454188515606264,-2,-4,-1,-2,-4,-1,-2,-1
1454188515606264,0,-2,0,-4,-4,-3,0,0
1454188515608274,-4,-3,-2,-6,1,1,0,0
1454188515608274,0,-1,5,8,3,-1,1,-1
1454188515621266,1,0,6,2,5,-1,0,-1
1454188515621266,-1,-2,-14,0,-3,0,-2,0
1454188515623267,-1,-2,1,-1,-2,-2,-2,-1
1454188515623267,1,-1,-1,-2,-1,-1,-1,0
1454188515643281,-2,3,-4,-5,-3,-1,-1,0
1454188515643281,-3,-3,4,-1,-1,-2,1,-2
1454188515645283,1,-1,-2,2,2,2,0,-1
1454188515645283,-3,-1,-4,-1,-3,-2,-3,-4
1454188515666297,0,2,-1,-2,-2,-1,-1,0
1454188515666297,0,0,-5,1,0,-2,-2,-2
1454188515668299,-2,-3,-6,-3,-3,-3,0,0
1454188515668299,-2,-3,1,-1,-2,-3,0,-2
1454188515680307,0,-1,-2,0,-4,-2,-2,-2
1454188515680307,0,-3,1,-3,-2,-1,0,-2
1454188515687312,2,0,-1,1,3,2,1,0
1454188515687312,-3,-1,-1,4,7,3,0,-1
1454188515703324,-3,-4,-16,-4,0,-2,-1,-3
1454188515703324,1,0,1,-3,-2,-3,0,0
1454188515705325,0,1,2,4,-3,-4,0,-3
1454188515705325,0,0,2,-5,-6,-2,-2,0
1454188515726340,-1,-1,-2,1,-2,-2,-1,0
1454188515726340,-3,-2,4,0,2,1,-1,0
1454188515728342,0,2,-2,-4,-3,-4,0,-1
1454188515728342,0,-2,-6,0,1,2,0,-1
1454188515740350,-2,-2,5,1,1,2,-2,1
1454188515740350,-2,-1,-1,-2,-3,-2,-3,0
1454188515747355,-1,-1,-2,-4,0,-1,-2,-1
1454188515747355,-2,0,-2,-4,-5,-3,-1,-1
1454188515763382,0,1,2,2,2,0,1,0
1454188515763382,-2,-1,-1,1,1,1,1,-1
1454188515765368,-2,-1,-4,-2,0,-1,-3,-2
1454188515765368,-1,0,3,0,0,-4,-2,-1
1454188515786396,0,1,1,2,0,0,1,0
1454188515786396,0,-2,-3,2,0,0,-2,-2
1454188515787397,-4,-4,-2,-1,-3,-2,-2,-2
1454188515787397,0,2,1,-1,-2,1,1,-1
1454188515800411,-3,0,1,-1,1,-1,-1,-1
1454188515800411,0,3,0,-1,0,0,-2,-1
1454188515807415,0,-3,5,-3,0,-3,-1,-1
1454188515807415,2,-1,-4,6,-1,-2,0,1
1454188515823422,-2,-4,3,-2,-1,0,0,-1
1454188515823422,-2,-1,-6,-5,-2,-2,1,-1
1454188515825434,1,2,6,-1,-3,-3,-2,-2
1454188515825434,-2,-1,2,-6,-4,-2,0,-2
1454188515846438,0,-1,2,1,-1,0,-2,-2
1454188515846438,-1,-1,-8,0,2,0,0,0
1454188515847439,-1,1,-4,-1,3,0,0,0
1454188515847439,-2,-2,1,-2,-1,2,-3,0
1454188515860448,-1,-1,-4,-2,-2,-2,-1,-2
1454188515860448,-1,-1,1,-2,-3,-1,-3,-1
1454188515867453,-1,-2,-2,4,2,-1,0,0
1454188515867453,0,2,-2,-5,-1,0,-3,-1
1454188515883464,0,-3,-3,-5,-2,-2,-2,-2
1454188515883464,-1,0,2,3,-1,-1,0,-1
1454188515885477,-1,-1,-4,-2,-1,0,0,-2
1454188515885477,-3,-6,0,1,0,-1,-2,-1
1454188515906481,-3,-3,-5,-3,-1,-1,1,1
1454188515906481,-1,1,-2,-2,-1,-1,-1,0
1454188515907480,0,-2,8,2,0,-1,1,1
1454188515907480,-1,-1,-24,-2,-1,0,0,-2
1454188515920490,1,-3,-6,-3,-1,-1,-3,-1
1454188515920490,-2,-5,5,-4,-5,-3,-2,-1
1454188515927496,-2,-2,-1,-1,-1,-2,-2,-1
1454188515927496,0,0,6,1,0,-1,-1,0
1454188515943507,-1,2,3,1,1,-2,-1,-1
1454188515943507,0,-3,-2,-2,-2,-2,-1,-1
1454188515945511,0,-1,-2,0,-1,0,1,-2
1454188515945511,0,-1,1,-2,1,0,2,-1
1454188515966524,0,1,5,1,-4,-2,0,-2
1454188515966524,0,-1,-1,-6,-4,-4,-4,-2
1454188515967529,-2,1,-4,-2,0,2,-2,-1
1454188515967529,1,0,9,-2,-2,-1,0,-1
1454188515980533,-2,-3,-10,-1,-2,-1,-1,-1
1454188515980533,0,1,4,3,1,1,0,-1
1454188515987538,-1,-5,-7,-2,-2,-1,-2,0
1454188515987538,-1,0,3,0,2,0,-2,-1
1454188516003549,-1,-2,1,0,-2,-1,0,2
1454188516003549,0,0,0,-3,-3,-3,-2,-1
1454188516005551,-1,1,0,-1,-2,-1,0,-2
1454188516005551,-2,0,0,-2,0,1,0,-2
1454188516026565,0,-1,0,-2,-4,-1,-2,-3
1454188516026565,0,-2,4,0,3,4,1,-1
1454188516027560,0,-1,-5,2,1,-3,-2,-3
1454188516027560,-1,1,-4,0,-4,-3,-1,0
1454188516040576,-2,0,2,-1,-1,-2,-1,-3
1454188516040576,-2,0,-2,-1,-1,-1,-1,-1
1454188516047581,-2,-2,-1,-4,-5,-3,-4,0
1454188516047581,-1,-3,-6,1,-1,-3,-2,-1
1454188516063592,-1,-4,-16,-6,0,0,-1,-2
1454188516063592,-1,-2,4,8,5,-1,1,-2
1454188516065593,0,0,0,-1,1,2,0,-1
1454188516065593,-1,0,-1,-3,-6,-2,-2,0
1454188516086608,-2,1,3,1,-1,0,-2,1
1454188516086608,2,0,-6,-4,-1,1,1,0
1454188516087604,0,0,3,0,0,-1,0,0
1454188516087604,-1,-1,-2,-2,0,-1,-2,-2
1454188516099618,-1,-1,3,-2,3,-2,0,-1
1454188516099618,-2,-3,1,2,-2,1,1,-1
1454188516108626,-2,3,5,1,0,-1,0,0
1454188516108626,1,-3,-2,-3,-2,0,-3,-1
1454188516123623,-1,1,1,-3,-1,-1,-1,0
1454188516123623,0,1,-4,-1,-1,-2,-1,0
1454188516125624,-1,-4,-7,-1,-5,-3,-2,0
1454188516125624,-1,-3,-2,1,-1,-3,1,0
1454188516146638,-1,-1,0,4,1,0,1,0
1454188516146638,0,1,-4,-2,-1,-1,-2,-1
1454188516147639,-1,-2,-5,-3,-3,-1,-2,0
1454188516147639,0,0,0,-1,-3,-2,-3,-2
1454188516159648,-1,-1,3,1,0,0,0,-1
1454188516159648,0,0,2,1,1,-1,0,-1
1454188516168654,-2,-3,-5,-5,-2,-1,-2,-1
1454188516168654,-1,-3,2,-1,-2,0,0,0
1454188516183665,1,-1,-3,-2,-1,2,0,0
1454188516183665,-2,-2,2,1,0,-1,-2,0
1454188516185666,-1,-1,-8,1,1,-1,-1,-2
1454188516185666,-1,0,-16,-3,-1,-1,-1,-1
1454188516206681,-3,-2,0,-1,-5,0,-3,-2
1454188516206681,-2,-1,-11,-5,-3,-1,-1,-2
1454188516207686,-2,-2,6,5,3,1,0,-1
1454188516207686,-2,-3,6,1,-1,0,-1,-1
1454188516219689,-1,0,-3,0,1,-2,0,0
1454188516219689,-1,0,-2,-3,-1,-1,-2,0
1454188516228695,1,1,1,-2,-1,-3,-1,-2
1454188516228695,-2,0,-1,-1,-1,4,-1,-1
1454188516243706,-1,-1,3,-1,0,0,-1,0
1454188516243706,-1,-4,2,-1,-1,-1,-1,-1
1454188516245708,-2,0,-5,-1,-3,1,0,0
1454188516245708,-2,1,3,-3,-2,-2,-3,1
1454188516265734,-1,-2,-1,-1,-1,-3,0,1
1454188516265734,2,1,0,2,1,1,0,1
1454188516267724,-1,-1,-3,-4,0,0,-1,-1
1454188516267724,0,-1,0,-2,0,-2,0,-1
1454188516279745,-2,-2,-2,-2,-2,-2,-3,-4
1454188516279745,1,-2,4,0,-1,-1,-1,0
1454188516288738,-3,-3,-15,0,-1,0,-1,0
1454188516288738,-3,1,4,-1,3,1,0,-2
1454188516303761,-1,-4,0,-2,-6,-4,-3,-1
1454188516303761,-1,1,0,1,-3,1,1,-1
1454188516305763,0,1,3,1,0,-2,-2,-1
1454188516305763,0,-1,0,-2,2,-2,0,1
1454188516325782,-2,0,-6,-1,2,1,-1,-2
1454188516325782,-1,-3,0,-3,-5,-4,-2,-2
1454188516333769,1,-1,3,-3,-5,-2,1,-1
1454188516333769,0,-2,-7,3,-1,-2,-1,-1
1454188516339787,0,-1,-1,-2,-1,1,0,-1
1454188516339787,-2,-1,-1,-3,-3,-3,-4,-2
1454188516348781,0,0,2,-1,4,1,0,-1
1454188516348781,-2,-1,7,2,-2,-2,-1,-2
1454188516363804,1,-1,-6,3,0,1,1,0
1454188516363804,-2,1,-5,-7,-5,-4,-2,0
1454188516365806,-1,-2,3,-2,-2,-2,-3,-1
1454188516365806,0,3,13,2,1,0,-2,0
