Starting time:1454188493885317
Ending time:1454188505781679
1454188493885317,-4,-2,4,1,1,-1,0,-2
1454188493885317,0,-4,-4,-2,-1,-5,-3,0
1454188493886318,1,5,3,-3,-2,0,1,2
1454188493886318,-3,-3,1,2,3,1,0,0
1454188493908347,-4,-6,-3,-4,-1,-6,-2,-1
1454188493908347,0,1,8,-1,-2,0,0,0
1454188493909334,-1,-1,4,2,-2,3,1,-1
1454188493909334,1,4,1,0,-2,0,-1,-2
1454188493923355,-2,-1,3,-1,-3,2,-2,-2
1454188493923355,-1,-1,-2,-4,0,-1,-2,-2
1454188493923355,0,-3,-12,-5,-5,-5,-4,-1
1454188493923355,0,-2,1,2,3,0,-1,0
1454188493945371,-1,1,9,-1,2,2,-2,0
1454188493945371,-2,-1,-9,-4,-3,-3,0,0
1454188493946371,-1,0,3,2,0,2,-3,-1
1454188493946371,-3,1,1,0,-3,-1,0,-1
1454188493968387,1,2,2,-2,-1,-1,1,0
1454188493968387,0,-1,-1,-2,1,0,0,2
1454188493969376,-1,-1,-4,-3,-4,-3,0,-2
1454188493969376,-4,-7,1,-5,-5,-1,-3,-2
1454188493983395,0,0,2,2,4,-1,-1,-1
1454188493983395,-1,1,-3,1,0,-2,0,-2
1454188493983395,-4,-2,7,-2,0,-2,-1,2
1454188493983395,0,-2,-6,-2,-1,-2,-2,0
1454188494005418,-2,0,2,-1,-1,1,0,-2
1454188494005418,-2,-3,-9,4,2,-1,0,-1
1454188494006416,0,0,2,0,-1,-1,-1,-2
1454188494006416,0,1,-1,-8,0,-2,-2,-3
1454188494028427,0,-3,-1,0,-2,-2,-1,0
1454188494028427,2,0,1,1,2,3,0,0
1454188494029417,0,-2,-4,-3,-2,-1,1,-1
1454188494029417,1,5,-3,3,4,2,1,-1
1454188494043437,-4,-1,0,-7,-7,-2,-2,-1
1454188494043437,-3,-7,-7,6,-1,0,-2,-1
1454188494043437,0,-3,3,-2,-1,-2,-2,0
1454188494043437,0,0,3,0,-3,-1,-1,0
1454188494065618,-1,2,-10,-4,-1,-1,0,-1
1454188494065618,-1,-5,-5,-2,-1,-1,-1,-2
1454188494066618,-2,-1,1,-4,-4,0,-3,-1
1454188494066618,-1,-3,1,-2,-2,-4,-2,-3
1454188494088634,1,2,12,6,6,4,-1,-1
1454188494088634,0,-4,-26,-5,-2,-1,-3,-2
1454188494089639,-2,-3,1,-3,-1,-2,-1,0
1454188494089639,0,-1,10,4,2,-1,0,-1
1454188494102657,-2,-3,-26,-9,-5,-1,-1,-2
1454188494102657,3,6,11,-3,-2,-3,1,0
1454188494103652,-1,-4,-2,5,3,0,2,-2
1454188494103652,-8,-1,-5,-4,-1,0,0,-2
1454188494133679,1,-3,0,-3,-3,-2,-2,-1
1454188494133679,-2,0,-2,0,-3,-2,-1,-1
1454188494134680,1,1,-4,-1,-1,-2,-1,0
1454188494134680,2,-1,7,2,1,2,1,1
1454188494148690,-3,0,5,0,1,2,-1,-1
1454188494148690,-1,0,-1,-6,-4,-1,-2,0
1454188494149690,0,1,16,-5,-5,-3,-2,-1
1454188494149690,1,-4,-15,0,1,-3,0,-2
1454188494162700,-3,1,12,3,2,2,1,2
1454188494162700,-3,-2,-2,-2,-2,-1,-3,-1
1454188494163689,-3,-1,4,-1,0,1,1,-1
1454188494163689,-1,0,12,2,-3,-1,-2,1
1454188494185722,-2,-4,-20,-5,-3,-4,0,-2
1454188494185722,-2,2,14,0,-1,-1,-2,-1
1454188494186721,0,1,-9,0,2,-1,-3,0
1454188494186721,-1,-3,6,-3,-1,0,-1,2
1454188494208738,0,-3,-1,10,2,-1,-1,0
1454188494208738,-1,0,-1,-5,-1,1,1,1
1454188494209734,-1,0,-4,-1,-2,-1,0,-1
1454188494209734,-2,6,-8,-3,-2,-1,0,0
1454188494222743,-3,-13,1,0,-2,-1,-4,-2
1454188494222743,-1,-1,-3,-2,-1,-1,-1,-3
1454188494223730,2,0,-2,0,1,0,-2,1
1454188494223730,-2,-1,-2,6,4,0,-1,0
1454188494245758,2,3,-3,-5,-4,1,0,-1
1454188494245758,0,2,6,0,-2,-1,-2,0
1454188494246759,0,-3,-7,0,1,0,-2,-2
1454188494246759,0,-2,-2,-4,-3,-2,0,1
1454188494268775,-2,1,-7,-3,-3,-3,-2,-1
1454188494268775,0,-2,-12,0,0,0,1,-1
1454188494269763,-3,-5,7,0,0,-1,0,-3
1454188494269763,1,-1,-13,-2,-3,-2,1,-1
1454188494282784,1,1,-10,0,2,-2,0,-1
1454188494282784,-1,-3,3,3,1,-1,-1,-1
1454188494283772,-1,0,-2,-4,1,0,0,-2
1454188494283772,-2,-3,3,-4,-4,-3,-2,0
1454188494305799,2,2,7,-2,-4,-4,1,-1
1454188494305799,0,-1,-1,0,0,-2,0,-2
1454188494306790,0,-3,-8,-2,-6,0,-2,1
1454188494306790,1,-2,1,2,1,-2,-2,-1
1454188494327817,-2,1,1,1,1,0,1,-1
1454188494327817,-5,-2,0,2,-2,0,-1,-2
1454188494328806,1,0,2,-3,-2,-2,0,-1
1454188494328806,-7,-2,-5,-5,-2,-1,-1,-4
1454188494342827,2,-1,0,-3,-5,-4,-1,1
1454188494342827,4,-1,1,0,-3,-2,-2,1
1454188494343814,-5,0,1,0,1,3,-1,-2
1454188494343814,-3,-1,-3,2,1,-1,0,-1
1454188494365844,-1,-2,1,-2,-1,-2,-1,-1
1454188494365844,0,-2,3,-2,1,1,-1,-1
1454188494365844,2,1,-2,0,-4,-5,-1,-1
1454188494365844,1,1,-1,-1,-3,-1,-1,-2
1454188494387858,-1,-1,6,-2,2,2,-1,-1
1454188494387858,-1,5,7,-2,-1,0,-1,-2
1454188494388848,-2,-6,-2,5,1,-1,-3,0
1454188494388848,-3,-8,4,-2,-5,-3,-1,0
1454188494402857,-2,3,-3,0,1,-2,-1,0
1454188494402857,0,0,2,-3,-3,-1,1,-2
1454188494410872,-2,2,-5,-1,0,-1,1,-1
1454188494410872,2,3,3,0,-2,-2,-1,-1
1454188494425883,-2,-4,-7,-3,-3,-3,-2,0
1454188494425883,-3,-5,-5,-2,1,-1,0,0
1454188494425883,-2,-2,-5,-2,-2,0,-1,-1
1454188494425883,2,-2,-1,0,0,0,-2,2
1454188494447898,-2,0,4,1,1,0,0,-2
1454188494447898,-2,-2,-5,0,1,0,-3,0
1454188494448900,1,0,2,1,0,-2,-1,-2
1454188494448900,2,0,-5,-6,-4,-2,-2,-1
1454188494461908,-1,-2,0,0,-3,-1,-1,-1
1454188494461908,0,-2,2,2,2,0,0,-1
1454188494470914,1,-1,-2,-2,-1,-1,-1,0
1454188494470914,0,1,-4,-1,-1,-1,0,-1
1454188494485930,-1,1,-3,-1,-2,-2,-2,-1
1454188494485930,-2,-1,-1,-2,-4,-2,0,-2
1454188494485930,-1,0,-2,0,-1,-2,1,0
1454188494485930,0,0,-4,-1,1,1,0,-1
1454188494507945,-3,1,4,-1,-1,0,-1,-1
1454188494507945,1,1,-2,-1,-1,-4,1,-2
1454188494508946,-1,-2,0,0,-1,1,2,-1
1454188494508946,0,-1,0,0,0,-1,-1,-1
1454188494521951,1,-1,-2,0,-1,-1,-2,0
1454188494521951,-2,-2,0,-1,0,-2,-2,-1
1454188494537962,-2,-2,-1,-2,-3,-3,-1,1
1454188494537962,0,-2,0,-1,0,1,-2,-2
1454188494545968,-1,-3,-1,-1,0,-3,1,1
1454188494545968,0,0,-3,-1,-1,-1,0,-1
1454188494545968,1,0,-2,0,-1,-2,-1,-2
1454188494545968,-2,-1,-1,-1,0,-1,-1,-1
1454188494567983,0,-2,-1,-1,-1,1,-2,-1
1454188494567983,-1,-3,1,0,-1,-1,-1,0
1454188494568989,-1,-1,0,-1,-1,0,-4,0
1454188494568989,-2,0,-1,1,0,0,-1,-1
1454188494581993,-1,-1,0,0,-2,-1,-1,-2
1454188494581993,-1,0,1,-2,-1,0,-2,-1
1454188494591001,-1,-1,-1,-2,-1,0,-1,-2
1454188494591001,-1,1,-1,0,-1,0,0,-1
1454188494606051,0,0,0,-3,-1,-2,0,-1
1454188494606051,0,-4,-4,-4,-3,-2,-1,-1
1454188494606051,0,-1,0,-1,-1,1,-1,-3
1454188494606051,2,0,-1,4,2,1,-1,1
1454188494628026,-2,-2,0,-1,0,0,-2,-2
1454188494628026,-2,-2,-2,-1,-2,0,-1,0
1454188494629027,-2,-2,-3,-4,-2,-2,-3,-1
1454188494629027,-1,-1,-1,-4,-4,-2,-1,-2
1454188494642035,-2,-3,-1,-3,-5,-1,-1,-2
1454188494642035,-1,-1,0,0,-2,-2,-1,-2
1454188494650041,-1,0,2,5,3,2,1,0
1454188494650041,0,1,-5,0,0,-2,-1,-2
1454188494665052,-1,-2,-1,-5,-1,-1,0,0
1454188494665052,-4,0,-4,1,-2,-1,0,-3
1454188494666043,-1,0,-1,-9,-6,-4,-2,-1
1454188494666043,-1,-2,1,-1,5,4,3,-1
1454188494688068,-1,2,5,8,3,-1,-1,1
1454188494688068,0,-1,-1,-1,0,-1,-2,-1
1454188494689073,2,1,-2,-1,-1,-1,-2,-1
1454188494689073,-1,-1,-4,-6,-3,-5,-2,-1
1454188494711091,-1,0,-3,-3,-2,-2,-2,0
1454188494711091,-2,0,0,-1,0,-2,-1,1
1454188494712075,-1,0,-3,1,1,-1,-2,1
1454188494712075,2,-3,1,-2,-2,-2,-2,-1
1454188494725094,1,-1,-1,0,-1,1,1,-2
1454188494725094,-3,2,2,2,1,-2,-2,-1
1454188494726086,-3,-3,-7,-4,-2,-2,-2,-1
1454188494726086,3,0,0,-2,-3,-3,-2,0
1454188494748110,-1,1,0,-1,-2,-1,-2,-1
1454188494748110,2,0,-2,-1,1,2,1,0
1454188494749111,-3,-2,1,0,3,0,1,-2
1454188494749111,-3,1,0,4,2,1,-3,-1
1454188494771130,0,-1,-3,0,-2,-1,-2,0
1454188494771130,1,-3,-1,-5,-5,-2,-3,-1
1454188494772130,1,0,0,-1,-2,-1,0,-1
1454188494772130,-2,-1,-2,-2,-3,-2,1,0
1454188494785126,-1,-1,0,1,1,3,1,-2
1454188494785126,-2,-4,-1,2,2,2,1,-2
1454188494786127,-2,-3,0,1,0,-1,0,1
1454188494786127,-2,-1,-1,-3,-5,-2,-1,-1
1454188494808142,-1,0,-2,-2,-3,0,-3,0
1454188494808142,1,1,-1,3,3,1,1,0
1454188494809143,0,0,-1,1,-1,-1,-1,-2
1454188494809143,-2,-1,-1,1,1,2,-1,-1
1454188494831158,-2,-1,-3,0,0,-2,-1,-2
1454188494831158,-1,0,0,-3,-3,-1,-2,-1
1454188494832159,-2,-2,-1,-2,-3,-1,-3,-1
1454188494832159,-1,0,0,-3,-2,-1,-2,0
1454188494845168,0,0,-1,-2,-1,-1,-2,-1
1454188494845168,-1,1,1,0,0,-1,0,-1
1454188494846169,-2,1,-1,-1,0,1,2,0
1454188494846169,0,-2,-1,-3,-3,-1,-1,-1
1454188494868184,-1,-1,-3,-4,-5,-2,0,1
1454188494868184,-1,-1,1,3,0,1,0,-2
1454188494869186,2,-1,1,5,3,1,-1,0
1454188494869186,-2,-2,-1,1,1,0,-1,-1
1454188494891201,1,-1,0,-3,-2,-1,-2,-2
1454188494891201,-1,-2,-3,-9,-6,-3,-4,0
1454188494892202,0,-2,-1,-3,-2,-1,1,0
1454188494892202,1,1,0,3,4,3,0,1
1454188494905211,-2,0,-2,0,-1,-1,0,0
1454188494905211,1,-1,-2,-1,-2,-1,-2,0
1454188494906212,-2,0,-2,-1,-3,-4,-2,-3
1454188494906212,-5,-2,-1,-3,-3,-3,-1,-3
1454188494928240,1,-1,-2,2,1,1,0,-2
1454188494928240,1,-1,-2,1,0,-1,0,0
1454188494929241,0,-2,-3,-1,-1,-1,0,1
1454188494929241,-2,-1,1,-1,-1,0,-1,-2
1454188494951254,-3,-2,-2,-3,-2,-3,-2,0
1454188494951254,0,-3,-4,-5,-6,-2,-2,-2
1454188494952255,-1,1,4,1,3,1,1,-1
1454188494952255,-2,0,0,5,1,-1,1,-1
1454188494965263,-3,0,1,1,4,2,-1,0
1454188494965263,-1,-2,-3,-5,-4,-3,-3,0
1454188494966255,-4,-2,-3,-7,-4,-1,-3,-1
1454188494966255,0,-1,-1,-2,-3,-1,-1,-5
1454188494988280,1,0,-1,4,0,-1,-3,-1
1454188494988280,-2,0,0,1,0,0,0,-1
1454188494989282,-2,-1,-3,-3,-5,-1,-1,0
1454188494989282,0,-2,-3,-3,-2,-2,0,0
1454188495010298,-1,-1,-2,-4,-2,-2,-2,-1
1454188495010298,-1,2,-1,2,2,-1,-1,-1
1454188495011288,1,0,-1,2,-1,-2,0,-1
1454188495011288,-5,-2,0,-2,-3,0,-2,0
1454188495025309,-2,-3,-2,-1,0,-1,0,0
1454188495025309,1,-2,0,0,-1,0,0,-1
1454188495026298,-1,1,-2,2,0,-1,0,-2
1454188495026298,-1,-2,-1,-1,-1,-2,-3,0
1454188495048331,-2,-2,1,-1,-2,-2,-2,-2
1454188495048331,0,0,0,1,-3,-1,1,-2
1454188495048331,-1,-1,0,-2,-3,-1,-3,-2
1454188495048331,2,-2,0,-1,0,0,0,-2
1454188495070341,-1,-2,-1,0,-1,0,1,-1
1454188495070341,-2,1,0,3,1,0,0,1
1454188495071330,-2,-1,-3,0,-2,-1,0,0
1454188495071330,-1,-1,-2,1,-3,-2,-3,-1
1454188495085352,0,-1,-2,-4,-1,-2,-1,-1
1454188495085352,-1,-1,-1,-4,-3,-2,-1,-1
1454188495086357,-1,-2,0,-1,-1,-3,-1,0
1454188495086357,1,-2,-3,0,2,2,0,1
1454188495108373,-1,0,2,3,0,-1,0,0
1454188495108373,-3,-2,-2,-4,-2,-1,-3,-1
1454188495108373,1,-1,-1,-3,-2,-1,-1,-1
1454188495108373,-2,-2,-3,-5,-3,-4,-3,-2
1454188495130383,-1,-1,0,1,-1,0,-2,-3
1454188495130383,-3,-1,1,1,1,0,0,-1
1454188495131373,-2,-2,0,-1,0,1,-2,0
1454188495131373,-3,0,0,-1,-2,-2,-1,-1
1454188495145385,0,-4,-2,-3,-2,-2,-1,0
1454188495145385,-1,0,-2,0,-1,-2,-1,0
1454188495153399,-1,1,0,-1,2,-1,-1,-2
1454188495153399,1,0,0,1,-1,1,0,0
1454188495168411,0,-1,0,-3,-1,-1,0,-1
1454188495168411,-1,-2,-1,-1,0,-1,0,0
1454188495168411,-2,0,-4,-1,-1,0,1,-1
1454188495168411,-1,-2,1,-1,-2,-3,-1,-1
1454188495190414,-3,-1,-3,-4,-2,-1,-1,-1
1454188495190414,0,0,-1,1,0,-1,-3,0
1454188495191415,-2,-1,0,0,-1,0,-2,0
1454188495191415,1,0,-2,0,-1,-1,0,0
1454188495205473,-2,1,-2,-3,-2,-1,-1,-1
1454188495205473,-1,0,0,-2,-1,-2,-1,0
1454188495206471,1,-2,2,0,-1,-1,-1,-2
1454188495206471,-1,1,0,-1,-2,-1,-1,-2
1454188495228538,-1,-1,-5,1,-1,-1,-2,-2
1454188495228538,0,-3,-1,-1,-2,-2,-2,-3
1454188495228538,0,1,0,-2,0,-2,0,-1
1454188495228538,0,-1,0,-2,-1,-1,-2,-1
1454188495250557,-2,0,0,-1,-1,0,0,0
1454188495250557,0,-2,1,2,-1,0,-2,0
1454188495251504,0,-1,-2,0,-1,0,-2,0
1454188495251504,-2,-2,0,-2,-1,-1,1,0
1454188495265569,0,-2,-1,0,-2,-1,1,0
1454188495265569,0,-2,-2,-2,-2,0,0,0
1454188495266569,0,-1,-3,-3,1,-1,0,0
1454188495266569,0,2,2,-1,-1,-1,0,-1
1454188495288601,-2,-2,-1,-3,1,0,-3,-3
1454188495288601,-2,-1,0,0,-2,0,-2,-2
1454188495288601,-2,-1,0,-1,-1,-1,0,-1
1454188495288601,-2,-2,-1,-2,-2,-1,-2,-1
1454188495310636,0,-1,0,0,-3,-2,-2,-1
1454188495310636,0,-1,-1,-1,0,-1,0,1
1454188495311672,-1,-2,-2,0,0,0,-3,0
1454188495311672,-1,-2,-3,0,-2,-1,-1,-1
1454188495324697,0,-1,-1,0,-3,-1,-3,-1
1454188495324697,-3,0,1,-1,1,-1,-1,-3
1454188495332759,-1,1,1,-2,-1,-2,0,-1
1454188495332759,-1,0,-6,1,0,-2,-1,-1
1454188495347769,-1,-1,2,-3,1,0,-1,0
1454188495347769,0,-2,-2,-3,-1,0,0,-1
1454188495348730,1,-2,0,-1,-1,0,-1,-1
1454188495348730,0,3,-1,0,0,0,-1,-1
1454188495370866,0,-1,0,0,-2,-3,-1,0
1454188495370866,0,1,-2,-2,-1,-1,-3,-1
1454188495371860,-1,-1,-1,-1,-1,0,-2,-2
1454188495371860,0,-2,0,-3,-3,0,-2,-2
1454188495384959,-1,0,-1,-2,-2,0,0,-2
1454188495384959,-1,-2,0,-1,-2,-2,0,-1
1454188495392960,-2,0,-1,1,0,-3,0,0
1454188495392960,-1,0,0,0,-2,-2,-4,0
1454188495408005,-2,0,-1,-1,-1,0,-1,0
1454188495408005,-1,-1,0,-2,-2,-1,-1,0
1454188495409005,-1,-1,-1,-1,0,0,-1,-2
1454188495409005,1,0,0,0,0,-2,1,-2
1454188495431084,0,0,-1,0,0,-2,0,-1
1454188495431084,-3,1,-3,-2,-1,-1,1,-1
1454188495431084,-1,-2,-1,-1,-3,-1,-1,1
1454188495431084,-1,-2,0,0,0,0,-3,0
1454188495445291,0,-1,0,-2,-3,-2,0,0
1454188495445291,0,-1,-3,-1,0,1,1,-1
1454188495453297,-1,1,-1,0,0,0,-1,-2
1454188495453297,-1,-2,-1,-2,0,-1,-1,-1
1454188495468307,-1,-2,0,-1,1,-2,-3,-1
1454188495468307,-2,-3,0,1,-1,-1,-2,0
1454188495469297,-1,-1,-1,0,-1,-2,-2,0
1454188495469297,-1,0,-1,-1,0,0,-1,1
1454188495490287,0,-2,0,0,-1,-1,-1,0
1454188495490287,-2,-1,1,0,0,-1,-1,-1
1454188495491268,-2,-2,0,-2,-3,-1,-3,-1
1454188495491268,0,-1,0,0,-1,0,-1,-1
1454188495505367,-3,1,1,1,-1,-1,0,-2
1454188495505367,0,0,-3,-2,-1,-2,0,-1
1454188495513453,0,-1,0,-1,-2,-1,1,-2
1454188495513453,-2,-1,-3,-1,0,0,-2,0
1454188495528499,-1,-3,-1,-2,0,0,0,1
1454188495528499,1,-1,-1,0,-1,1,-1,-1
1454188495528499,-2,-1,-1,0,0,-3,-1,-1
1454188495528499,-1,0,-1,0,-2,-2,-2,-2
1454188495550564,-3,-2,-1,-2,-2,0,-1,0
1454188495550564,0,-1,0,-1,-3,-3,-1,-1
1454188495551511,-1,-1,-2,-2,0,-1,1,-2
1454188495551511,-1,-1,0,-1,-3,-1,0,-1
1454188495564573,-1,1,-3,-2,0,-2,2,-2
1454188495564573,-1,-2,-2,-1,-1,-1,-3,-1
1454188495573579,-1,0,-2,-2,-1,0,-1,-2
1454188495573579,1,-1,1,-2,-1,-1,-2,-2
1454188495588556,1,-2,-1,-1,-1,0,-3,-2
1454188495588556,0,0,-1,-1,0,1,-2,-2
1454188495588556,0,-3,0,-1,0,-1,-3,0
1454188495588556,-2,-2,-1,-3,-1,0,1,-2
1454188495610570,0,0,-1,-1,-1,-1,-2,1
1454188495610570,-1,-2,0,0,-1,0,-2,0
1454188495611570,-1,-2,-1,-1,-1,-2,-2,-2
1454188495611570,0,0,0,-1,-1,0,-1,1
1454188495624627,0,0,-1,0,-2,-1,-1,-1
1454188495624627,-2,0,-2,-2,-1,-1,-2,0
1454188495633637,-1,0,-1,-2,-3,0,-1,0
1454188495633637,-2,-2,-2,-3,-1,0,-1,-1
1454188495648648,-1,0,2,-1,0,0,1,-3
1454188495648648,0,-2,-2,-1,2,-1,0,-1
1454188495649643,-2,-1,-1,0,-1,-2,-1,0
1454188495649643,-1,-1,-1,0,1,-3,0,0
1454188495670665,-1,-1,-2,-1,-1,0,-2,0
1454188495670665,-1,0,-1,-1,-2,-1,0,-2
1454188495671666,0,-1,0,-1,-2,-1,-1,-1
1454188495671666,-1,0,-4,-1,-1,-3,-1,0
1454188495693751,-1,-1,0,-1,-3,-2,1,-2
1454188495693751,-1,-2,0,-3,2,-1,-1,-1
1454188495694709,0,-2,-1,3,5,2,-1,0
1454188495694709,1,1,1,3,-1,1,-2,-1
1454188495707707,1,-4,-2,0,2,-3,0,-2
1454188495707707,-1,-1,-3,-2,-4,-1,-2,-2
1454188495708708,-2,0,-1,-4,-3,-2,-1,-1
1454188495708708,-2,2,-1,0,-1,0,0,-2
1454188495730828,-2,-1,-2,2,-2,-1,0,0
1454188495730828,-1,0,0,-1,-2,-2,1,0
1454188495731831,0,-3,1,-1,0,-2,-1,-3
1454188495731831,-1,-1,0,-4,-2,-2,-1,-1
1454188495753896,0,0,2,-1,0,-2,-1,1
1454188495753896,-1,-2,-2,0,0,-1,0,-1
1454188495754879,-1,-3,0,7,0,0,-1,-1
1454188495754879,0,-2,0,-1,0,-1,1,-1
1454188495767906,0,0,0,1,0,0,-1,-2
1454188495767906,-2,-2,-1,-2,-2,-2,0,0
1454188495768852,-2,-1,-3,-4,0,-1,1,-1
1454188495768852,-2,-3,-3,-3,-7,-5,-3,-2
1454188495790887,-2,-2,-2,-1,1,2,-1,-2
1454188495790887,0,2,2,5,4,0,2,0
1454188495790887,1,-1,1,5,3,4,-1,-3
1454188495790887,0,-1,0,-1,-1,0,-1,-2
1454188495813989,0,-1,-5,-8,-7,-3,-1,0
1454188495813989,-2,-1,-2,-3,-5,-3,-3,-1
1454188495814989,0,-1,-3,-3,-3,-2,-1,-2
1454188495814989,0,-1,-2,1,-2,-1,-1,0
1454188495827962,0,1,1,-1,-1,-1,0,-1
1454188495827962,-1,-3,0,-1,0,-2,-2,-1
1454188495828963,-1,0,0,-3,-2,-2,0,0
1454188495828963,-2,-2,-2,0,1,1,0,-1
1454188495850978,1,0,-3,0,0,-2,0,-1
1454188495850978,0,1,-1,0,0,2,-1,-2
1454188495850978,-3,0,-1,-2,-2,-1,-1,1
1454188495850978,-2,0,-1,0,-2,0,0,-1
1454188495874081,-2,-1,-1,0,-2,-2,-2,0
1454188495874081,0,-1,0,-1,-1,0,-1,0
1454188495875028,-1,-2,-1,-2,-2,0,-1,-1
1454188495875028,1,-1,0,0,0,0,1,-1
1454188495888049,-2,0,1,0,1,-2,-1,-1
1454188495888049,-2,0,-2,-2,-2,-2,-3,0
1454188495889050,-1,0,-3,-2,-2,-1,-1,-1
1454188495889050,-2,0,-3,-1,0,-1,-1,0
1454188495911052,-2,-2,-2,-1,-1,1,0,2
1454188495911052,-2,-1,0,-3,-3,0,1,-1
1454188495912069,0,-2,-1,-1,-1,-1,1,-2
1454188495912069,-2,0,0,-1,0,-2,-2,-1
1454188495934080,1,-1,-2,0,0,-2,-3,-2
1454188495934080,-1,-1,0,-2,0,-2,-1,0
1454188495934080,-1,0,-1,-1,-1,-1,1,-1
1454188495934080,1,-2,-2,-1,0,-1,0,0
1454188495948078,-2,0,0,-3,1,0,0,-1
1454188495948078,0,-2,0,0,-1,-2,-1,-1
1454188495949101,0,1,-2,0,-2,-1,-1,-3
1454188495949101,-1,-2,-1,-1,-1,-2,0,-2
1454188495970194,-1,-2,0,1,-2,1,0,-2
1454188495970194,-1,-1,-3,-3,1,0,-1,-1
1454188495971140,-1,1,-1,-3,-2,-2,0,1
1454188495971140,-1,-1,-1,-1,0,0,0,-3
1454188495994177,0,2,0,-1,-1,0,-1,0
1454188495994177,-3,1,-1,0,-2,-2,-1,-2
1454188495994177,-2,-2,-1,1,-1,-1,-2,0
1454188495994177,-3,1,0,-1,0,0,-1,-2
1454188496008230,-2,-2,-1,-1,-1,-2,-1,-1
1454188496008230,0,0,-1,-2,0,0,0,0
1454188496009229,-2,0,1,-3,-1,0,0,1
1454188496009229,2,-4,-2,-2,-2,-1,-2,1
1454188496030310,-1,-2,0,0,-2,0,-2,-1
1454188496030310,0,-2,-2,0,-2,-1,-1,0
1454188496031252,-1,-1,-2,0,0,-2,-2,-3
1454188496031252,-1,-1,0,-1,-2,-1,0,0
1454188496054287,-1,0,0,-2,-1,-2,-1,0
1454188496054287,1,0,-3,0,-1,-2,-1,-1
1454188496054287,-1,-1,0,-3,-1,-1,0,-1
1454188496054287,-1,-1,-3,0,-2,0,-1,-3
1454188496068482,-1,0,-1,-1,-1,-2,-1,1
1454188496068482,-1,-2,0,1,-1,-2,-2,0
1454188496068482,1,0,-1,-2,-1,2,0,-2
1454188496068482,-1,-1,-2,0,-2,-2,-4,1
1454188496090497,0,-1,-1,-1,-3,-1,-1,-2
1454188496090497,-2,-2,-2,-1,-1,1,-2,-1
1454188496091438,-1,-1,0,0,0,-1,-3,-1
1454188496091438,-1,0,-1,0,0,-1,-2,-1
1454188496113512,-2,0,-3,0,-2,-3,0,0
1454188496113512,-1,0,-1,-1,-2,-1,0,-2
1454188496113512,-1,-2,-4,0,-3,-2,-3,-2
1454188496113512,-1,0,1,-4,0,-2,-1,-1
1454188496128528,-1,0,-2,-1,0,-1,-1,-2
1454188496128528,-1,-1,-2,-2,-1,0,0,-3
1454188496128528,-1,0,1,-1,-1,-1,-1,-1
1454188496128528,0,0,0,0,0,0,-1,0
1454188496150493,1,-2,-1,-2,0,-1,1,-2
1454188496150493,0,0,-2,-4,-2,-2,0,-1
1454188496151499,-1,-2,-2,0,-1,0,0,1
1454188496151499,-2,-4,-1,-1,-3,0,-1,-2
1454188496173543,-1,-1,-2,-1,-2,0,-1,-1
1454188496173543,-1,-2,-2,-1,-1,-1,-1,1
1454188496173543,-1,-1,-1,-2,-2,0,0,0
1454188496173543,0,-1,-1,0,-1,-2,-1,-1
1454188496188543,-1,-3,-1,0,-1,0,-2,-2
1454188496188543,-1,-2,-2,-1,-2,0,1,-2
1454188496188543,0,-2,-3,-1,-2,-1,-1,-2
1454188496188543,0,0,-3,1,0,-1,0,2
1454188496210539,0,-2,0,-1,-2,-2,0,-1
1454188496210539,0,1,0,-1,-2,-2,0,0
1454188496211520,-1,-1,-1,-1,-3,-2,-2,-1
1454188496211520,-3,-1,-2,-2,0,0,-2,-3
1454188496232542,-2,-1,-2,-1,1,-1,-1,0
1454188496232542,0,-1,0,1,-2,-1,-1,-1
1454188496233543,-2,-1,-1,-1,-3,0,0,-1
1454188496233543,0,0,-1,-3,-3,0,-1,2
1454188496247555,-1,-1,-2,-1,0,-1,0,0
1454188496247555,-1,0,1,-2,-1,0,0,-1
1454188496255585,0,0,-1,-2,1,-3,-3,-2
1454188496255585,-2,-1,0,-1,-2,0,-1,-2
1454188496270585,-1,-1,0,0,-2,-1,-1,-1
1454188496270585,-1,-1,0,-1,0,-2,0,-1
1454188496271576,0,0,-1,-1,0,-2,-1,-2
1454188496271576,-1,-2,0,-2,-1,-1,-2,0
1454188496292593,-2,-1,-2,0,-1,-1,-1,-1
1454188496292593,0,-1,-1,-1,1,-1,-2,-2
1454188496293586,0,-2,-1,-2,0,0,1,1
1454188496293586,0,-1,0,-1,0,-1,-1,-2
1454188496307639,1,-2,0,0,-2,0,-2,0
1454188496307639,-2,0,0,0,-1,-3,-1,-2
1454188496315644,-3,0,-1,0,-1,-2,0,-3
1454188496315644,0,0,1,-1,2,-1,0,-1
1454188496330746,-1,-2,0,-4,1,-1,-1,0
1454188496330746,0,-1,-2,0,-1,-3,-1,0
1454188496331744,0,-2,-2,0,0,0,1,0
1454188496331744,0,-1,-1,0,0,-1,-1,-2
1454188496352812,0,-2,-1,-3,-2,-3,-1,0
1454188496352812,-3,-2,-1,-2,-3,0,-2,-1
1454188496353774,-1,-2,1,-1,1,1,-1,0
1454188496353774,0,2,-1,-2,-2,-1,-1,0
1454188496367786,2,0,0,0,-2,-1,0,-1
1454188496367786,0,-1,0,0,3,-1,-1,-3
1454188496375780,-1,0,-4,-1,0,-1,0,-1
1454188496375780,-1,-2,-3,1,-2,0,1,-2
1454188496390855,-1,-2,-1,-1,1,-1,0,-3
1454188496390855,-1,-1,2,-1,-1,0,1,-1
1454188496391847,-2,-1,-1,-1,1,-2,0,0
1454188496391847,-2,0,-1,-2,-1,-2,-2,0
1454188496412872,1,-1,-2,-2,-2,-1,-1,0
1454188496412872,0,0,-3,-1,0,1,-2,-1
1454188496413853,-1,0,0,-1,-2,0,-2,0
1454188496413853,-2,-1,-2,-3,-2,-1,-1,-2
1454188496435889,-2,0,0,1,0,-2,-1,-1
1454188496435889,-1,-4,-1,-1,0,-2,0,-1
1454188496436870,-1,-3,-1,1,-2,-2,-1,-2
1454188496436870,-1,-1,-2,-3,-1,0,-1,-1
1454188496450938,0,0,-1,-3,-1,-1,-2,0
1454188496450938,-2,0,-1,-2,-2,-1,-2,-2
1454188496451897,-3,-1,0,0,-2,-1,-1,0
1454188496451897,-1,-1,-1,1,-1,-3,-1,-2
1454188496472951,0,0,-2,0,-2,0,-2,0
1454188496472951,-1,-1,-2,-1,-1,0,-1,-1
1454188496473895,-1,-1,-1,-1,-1,0,-1,-2
1454188496473895,-1,-3,1,-1,-1,-1,0,-2
1454188496487915,-4,-1,-1,0,-2,0,-1,-1
1454188496487915,0,0,-2,0,-1,-1,-1,0
1454188496495992,0,-1,0,-3,0,0,-2,0
1454188496495992,0,-1,-3,-1,0,-1,-1,-1
1454188496511072,-2,-3,-1,-2,0,-1,-1,-1
1454188496511072,-1,-1,-2,0,-1,-2,-1,-1
1454188496511072,-1,-1,-1,-1,-2,-1,-1,-2
1454188496511072,-2,0,-1,-1,-1,-1,0,0
1454188496533141,-1,-1,1,-1,1,0,0,-1
1454188496533141,0,-2,-2,-1,-1,-1,0,0
1454188496534123,-1,-2,-1,-3,-2,-1,-1,-2
1454188496534123,-1,-2,-1,1,-1,0,0,-1
1454188496547236,0,2,-1,0,-2,-2,-3,0
1454188496547236,-2,-2,-1,-3,-2,-2,0,-1
1454188496555239,1,1,-1,-2,-1,-3,0,0
1454188496555239,0,0,0,1,-2,-3,-1,0
1454188496570249,-1,-1,-1,-2,-1,-1,-1,-2
1454188496570249,-1,1,-1,-2,0,1,-1,1
1454188496571196,-1,-1,1,-1,-1,-2,-2,-1
1454188496571196,-1,1,-2,-1,0,-1,-1,0
1454188496593218,-2,-3,0,1,0,-2,1,-2
1454188496593218,-1,-1,-1,-2,0,0,0,-1
1454188496594210,-1,0,-2,-2,-2,-1,0,1
1454188496594210,0,0,-1,-2,-2,-2,-2,-2
1454188496616238,1,-1,-2,-1,0,-1,-1,-2
1454188496616238,-2,-3,-3,0,-1,0,-2,1
1454188496617238,0,-1,-2,1,0,0,-1,-1
1454188496617238,0,-1,-1,-1,-2,0,-1,1
1454188496630247,0,0,-1,-1,0,-1,0,-1
1454188496630247,-1,1,1,-2,-4,-2,0,-2
1454188496631236,-3,-2,-3,0,-2,0,-1,-2
1454188496631236,1,-1,-1,-1,-1,-2,0,0
1454188496661312,0,-1,0,-1,-2,-1,-2,0
1454188496661312,-1,0,-1,0,-2,-1,0,-2
1454188496662273,-1,-1,-1,0,2,-1,-1,0
1454188496662273,-2,0,0,-1,0,0,1,-1
1454188496676269,-1,-1,-2,-1,-2,0,-1,-1
1454188496676269,-1,-2,0,0,-1,-1,-3,-2
1454188496677269,1,-1,-1,-1,-1,-1,-1,-3
1454188496677269,-1,-1,-1,1,-1,0,-2,0
1454188496706356,-1,0,0,0,0,-1,-1,-1
1454188496706356,-1,-2,-2,-1,0,-2,0,2
1454188496707297,-2,-1,0,-2,-1,0,0,-1
1454188496707297,-1,0,-2,-2,-1,-2,2,-1
1454188496713360,0,-1,-1,-3,-3,-1,-1,-1
1454188496713360,-1,-3,-1,-1,-1,-1,-1,-1
1454188496714295,0,0,0,-3,-2,-2,1,1
1454188496714295,-1,-2,1,0,-2,0,-1,0
1454188496736482,-2,0,0,-1,0,-2,-2,-2
1454188496736482,-1,-3,-1,-1,-1,0,0,-1
1454188496737417,0,-2,0,-2,0,-4,-2,1
1454188496737417,-1,-2,0,0,0,-2,-2,-2
1454188496751491,-2,-2,-2,0,-2,-2,-1,1
1454188496751491,0,0,1,0,-2,-2,-1,-2
1454188496751491,-3,0,-1,0,-1,0,0,0
1454188496751491,0,1,0,0,0,-2,-1,-3
1454188496773506,0,0,1,-2,0,0,0,-1
1454188496773506,-1,0,0,-1,1,0,-1,-2
1454188496773506,-1,-2,-1,-1,-2,0,-2,0
1454188496773506,-2,-1,-1,-1,0,0,0,-2
1454188496796527,-1,-1,-2,-1,-2,-1,1,-1
1454188496796527,0,1,-3,-1,-1,-2,-2,-1
1454188496797460,-2,-2,0,0,-1,-1,0,-2
1454188496797460,-1,-2,-2,-2,-1,-2,-1,0
1454188496810474,-2,-2,-1,-1,-1,0,-2,-1
1454188496810474,-2,-1,0,-2,-3,0,-1,-2
1454188496811493,-1,0,0,0,-1,-2,-1,-2
1454188496811493,-2,-1,-1,-1,-1,-2,-1,0
1454188496833641,-1,-2,-4,-1,0,-1,2,0
1454188496833641,-2,0,-2,-2,0,0,-1,0
1454188496833641,-2,-3,-2,0,-1,-2,-1,-2
1454188496833641,0,0,0,-2,0,0,0,-1
1454188496856694,0,-3,-1,-2,-1,-1,-2,-1
1454188496856694,0,-1,-3,1,-1,-1,-1,-1
1454188496856694,1,0,-3,1,-1,0,-1,0
1454188496856694,-1,1,-2,-1,-2,-1,-2,-3
1454188496870703,0,0,-1,-2,-1,-2,0,-2
1454188496870703,-1,-2,0,-1,-1,-2,0,1
1454188496871638,-2,-1,-1,0,-1,-1,0,-1
1454188496871638,-1,-2,0,-1,0,0,-2,0
1454188496892684,1,-1,0,0,0,1,0,-2
1454188496892684,-1,-1,0,-1,-1,-2,-1,0
1454188496893679,0,0,0,-1,-1,0,0,-1
1454188496893679,-1,-3,-1,0,-2,-1,0,0
1454188496916690,-1,1,0,-1,-3,-1,-1,-1
1454188496916690,-2,-2,0,-1,-1,-2,-2,-1
1454188496916690,-2,0,-1,-2,0,-1,-1,-2
1454188496916690,-1,-2,-1,-3,0,-1,-1,-1
1454188496930700,-3,0,-2,0,0,-3,-1,-1
1454188496930700,0,-2,0,0,-1,-2,-1,-1
1454188496931680,-1,-1,-1,-1,-1,1,-2,-2
1454188496931680,1,1,-2,-2,-1,-3,-2,-2
1454188496952783,-1,-1,-1,-3,0,-1,0,0
1454188496952783,1,-1,-1,0,-3,-1,0,1
1454188496953783,0,-3,-2,-1,-2,-2,-1,-1
1454188496953783,0,-2,-1,0,-2,-2,-2,0
1454188496976800,-2,0,0,0,-1,1,-1,0
1454188496976800,0,3,-1,-1,0,-1,0,-1
1454188496976800,0,-2,-2,-1,-2,-1,-2,0
1454188496976800,-3,-2,0,0,0,1,-2,-2
1454188496998815,-1,-2,-1,1,-1,-2,-1,0
1454188496998815,-2,-3,-1,-1,0,0,0,-2
1454188496999818,-1,3,-1,-1,-1,-2,-1,-1
1454188496999818,0,-1,-1,-1,0,-1,-1,-1
1454188497012825,1,-2,-1,0,-2,0,-4,-1
1454188497012825,-2,-1,-2,-1,0,-1,-1,-2
1454188497013825,-1,-3,-1,-2,-1,-2,0,0
1454188497013825,-1,-1,-2,-1,1,-1,-2,-2
1454188497035841,-1,0,0,-1,-2,-1,0,-2
1454188497035841,1,-1,0,-2,1,-1,0,-1
1454188497036840,-1,-1,-2,-3,-1,-1,-1,-1
1454188497036840,-1,0,0,1,-3,0,0,-1
1454188497050851,-1,-3,-2,-1,1,-2,-1,1
1454188497050851,-2,-1,-1,0,-1,0,-2,-2
1454188497050851,-1,1,-1,-1,-1,-3,-2,-2
1454188497050851,0,-1,1,-2,-1,-1,-1,-1
1454188497072906,-2,-1,-2,-2,-2,-1,-3,-2
1454188497072906,1,0,0,0,0,-1,0,-2
1454188497073869,0,-2,1,0,0,-1,0,0
1454188497073869,-1,0,-1,-1,0,-1,1,0
1454188497095938,-2,0,0,0,-2,1,-1,-1
1454188497095938,-1,-1,1,-1,-2,0,-2,0
1454188497096890,-2,-1,-2,-1,0,0,0,-2
1454188497096890,1,-1,-1,-1,-2,-1,-2,-1
1454188497110895,0,0,0,-2,-2,-2,0,0
1454188497110895,-1,0,0,-2,-2,-2,-2,-1
1454188497110895,-1,0,0,-2,-3,0,-1,-1
1454188497110895,-3,-1,1,-2,-2,-3,0,-1
1454188497140926,0,-2,-3,-2,0,-1,0,0
1454188497140926,-1,-1,-1,-2,-2,0,1,0
1454188497141916,0,-1,-1,1,0,0,0,-1
1454188497141916,-3,-1,-2,-2,0,1,-1,0
1454188497155924,-1,-2,-1,0,-3,-1,-2,-4
1454188497155924,-1,-1,-3,-2,-2,-2,-1,-1
1454188497156925,-1,-2,-1,0,-2,-1,-1,2
1454188497156925,0,0,-3,1,-2,0,0,-1
1454188497170935,1,0,0,-1,0,-1,-2,1
1454188497170935,-1,-2,-3,1,0,0,-1,-1
1454188497170935,0,-2,-1,-1,-2,1,-1,-1
1454188497170935,0,-2,-3,-1,-1,0,-2,-2
1454188497200957,-2,-2,1,-2,-1,-2,0,0
1454188497200957,-1,0,0,-1,0,-1,-2,-1
1454188497201959,-1,0,-1,0,1,-2,-1,-1
1454188497201959,0,-1,-2,-1,1,-3,-1,-1
1454188497215969,-1,-2,-2,-1,1,-1,-1,-2
1454188497215969,0,-1,0,-1,-1,0,-3,-1
1454188497215969,-1,-2,0,0,-2,-2,-2,-1
1454188497215969,-1,-2,0,-3,-1,2,-1,0
1454188497229979,2,-2,-1,-1,0,-2,0,0
1454188497229979,0,-2,-1,-2,0,0,0,-1
1454188497237983,-1,-1,-1,-2,-2,0,0,-2
1454188497237983,-1,1,1,2,-2,-1,-1,-2
1454188497261013,0,-1,0,1,-2,-1,-1,-1
1454188497261013,-2,-1,-1,0,0,-1,-1,0
1454188497262002,-1,0,-2,-1,0,0,-1,-2
1454188497262002,-1,-1,-1,-2,-1,1,-2,-1
1454188497276025,-3,2,-1,-3,-2,0,0,0
1454188497276025,-1,-3,-1,-1,-2,-2,0,0
1454188497277011,-1,-2,-1,-1,0,0,-2,-2
1454188497277011,-1,-2,0,-2,-2,-3,-1,0
1454188497290021,0,0,0,-2,-2,-1,-2,-1
1454188497290021,-1,0,-1,0,-2,0,-1,-2
1454188497306051,-2,0,0,-1,0,-3,-1,-1
1454188497306051,-1,-1,-1,0,-1,-1,0,1
1454188497313143,0,-2,-3,0,0,0,-1,-1
1454188497313143,-3,-2,-1,-2,-1,-2,-3,0
1454188497314143,0,-1,-2,1,0,-1,-1,0
1454188497314143,-2,1,-1,0,-1,-1,-2,-1
1454188497336243,0,-2,0,-3,-1,-1,2,-1
1454188497336243,-1,1,-2,0,-2,-1,-1,-1
1454188497337191,1,-3,-1,-1,-1,-1,-2,0
1454188497337191,0,-2,0,-2,-1,-1,-2,-1
1454188497350216,-1,-1,-2,0,-1,-2,-1,0
1454188497350216,-1,-2,0,-2,0,-1,0,-1
1454188497358541,-2,0,-3,-2,0,-2,1,-2
1454188497358541,0,1,-1,-1,0,-1,0,-2
1454188497372563,-1,-1,2,0,0,-1,-1,0
1454188497372563,1,-1,-1,-2,-1,-1,-1,0
1454188497373573,-2,-1,0,-1,-2,-1,-2,-1
1454188497373573,-2,-3,-2,-1,1,-1,-1,-1
1454188497396589,-1,-3,0,0,-2,-1,-1,-2
1454188497396589,0,0,-3,-2,0,0,0,-2
1454188497397585,-1,-3,-1,0,-1,-1,0,-2
1454188497397585,-1,1,-2,-2,-2,-1,0,-2
1454188497409634,0,0,-1,-1,-1,-1,-1,-2
1454188497409634,-1,-1,-2,0,-1,-1,-2,0
1454188497418603,-1,-2,-1,-3,-1,0,-2,-2
1454188497418603,0,-1,-2,-1,-1,-2,-1,-2
1454188497432653,-2,-2,-3,-2,1,0,1,0
1454188497432653,0,0,-1,-1,-1,-1,0,0
1454188497433613,-1,0,-1,0,-4,0,1,-1
1454188497433613,1,-1,-2,2,0,-2,-2,1
1454188497456624,-1,-2,-1,0,-2,-2,-2,-1
1454188497456624,-1,0,-1,-1,0,-1,-1,-1
1454188497456624,0,-1,0,-2,-2,0,-1,-1
1454188497456624,0,-1,-1,-3,-4,-1,0,0
1454188497469623,-1,-1,-3,1,2,-1,1,0
1454188497469623,0,0,0,3,3,0,1,0
1454188497477637,-1,0,1,0,2,-2,-2,0
1454188497477637,-1,0,-1,-1,-1,0,0,-1
1454188497493639,-2,-1,0,-5,-2,-1,-1,-2
1454188497493639,-4,-3,0,-2,-1,-3,-3,-2
1454188497493639,-1,-1,-3,-2,-1,0,-1,-1
1454188497493639,-1,0,-1,-2,-1,0,1,-1
1454188497516675,0,0,-1,-1,-1,-1,-3,0
1454188497516675,-3,-3,-1,-4,-3,0,1,-1
1454188497516675,0,-2,0,-1,-1,0,-1,1
1454188497516675,0,-1,-1,-1,0,-1,-3,-1
1454188497529683,1,0,-2,0,0,-2,0,-1
1454188497529683,-1,0,0,-3,0,0,-2,0
1454188497537672,-1,0,-1,0,-2,-1,0,0
1454188497537672,0,-1,-2,0,0,-1,0,-2
1454188497552690,-1,1,1,-2,-2,0,-1,-2
1454188497552690,1,-2,-2,-1,-2,-3,-2,0
1454188497553681,-1,-2,-1,-1,-2,-1,-1,-3
1454188497553681,-1,-1,-2,-1,-1,0,0,0
1454188497576717,-2,-2,-2,-2,0,0,-1,-1
1454188497576717,-1,-2,-2,0,-3,0,0,-1
1454188497576717,-2,0,-2,-10,-4,-1,0,1
1454188497576717,-1,-2,0,7,2,-2,-1,1
1454188497599723,0,-1,0,4,2,0,-1,-2
1454188497599723,1,0,1,0,3,0,-1,-2
1454188497599723,0,-2,-3,-1,1,-1,-2,-3
1454188497599723,-3,-1,-3,-9,-11,-3,-3,-1
1454188497612742,-1,-2,-1,1,0,-2,0,-2
1454188497612742,-1,-1,0,1,-2,-2,-1,0
1454188497613733,-1,-2,-2,1,0,-1,-3,0
1454188497613733,-2,-3,0,-5,-1,-2,-2,-2
1454188497635759,-2,-1,-1,-5,0,-3,-1,0
1454188497635759,-1,-1,-2,3,-1,-1,-2,-3
1454188497636760,1,0,1,4,-2,0,-1,-1
1454188497636760,0,-1,1,1,4,2,0,-1
1454188497658811,0,1,-2,-4,-3,-1,-1,-1
1454188497658811,-1,1,1,-5,-4,-2,0,0
1454188497659793,1,0,0,-2,-3,-3,2,0
1454188497659793,-1,-1,0,2,0,1,-2,-1
1454188497672825,-2,0,-1,-2,2,0,-3,1
1454188497672825,0,-2,-2,-3,2,-1,-1,1
1454188497673816,-1,-1,-1,0,-6,0,-1,-1
1454188497673816,-2,-2,0,-5,2,-5,-2,-1
1454188497695841,-1,-1,0,6,-7,-2,0,-1
1454188497695841,0,-1,-1,-1,3,-3,0,1
1454188497696832,-2,-1,-3,1,2,2,0,0
1454188497696832,-2,-2,-3,-5,-1,2,-1,-1
1454188497718847,-1,0,0,-4,-7,-1,-4,0
1454188497718847,-1,1,-1,3,-6,-4,-1,-2
1454188497719848,-2,-2,0,-4,-2,-2,-1,0
1454188497719848,1,0,0,4,4,0,0,0
1454188497740864,-2,-1,1,1,3,-2,0,-1
1454188497740864,-1,1,-2,-4,-4,1,0,-1
1454188497741864,0,-2,-3,-4,0,-2,-1,-3
1454188497741864,0,-2,-2,1,-6,0,0,0
1454188497755874,-1,0,-1,6,6,4,1,0
1454188497755874,-1,1,1,0,1,-1,-1,0
1454188497755874,-1,1,-1,-5,-3,-3,-2,-1
1454188497755874,0,-3,-2,-6,-3,-3,-2,-3
1454188497778905,0,-1,0,-2,-5,-1,-3,-1
1454188497778905,-1,0,-1,-5,-7,-1,-2,-1
1454188497779893,-1,0,0,3,1,1,-1,1
1454188497779893,-1,1,1,3,6,0,-1,-1
1454188497792900,-1,-1,-1,-2,2,-1,-2,-2
1454188497792900,0,0,-2,-4,-2,-1,-3,-2
1454188497793911,-1,0,0,-4,-4,0,-1,0
1454188497793911,0,2,0,-3,1,-2,-1,2
1454188497815918,-1,-1,-1,3,-1,0,1,-3
1454188497815918,-1,-2,0,-2,-3,-3,-1,-1
1454188497815918,-1,0,0,4,3,-1,-2,-2
1454188497815918,-1,-2,-4,-4,5,0,-1,0
1454188497838934,-1,-2,-2,-7,-11,-3,0,1
1454188497838934,1,-1,-1,-4,6,2,1,0
1454188497839934,0,0,4,8,4,2,3,1
1454188497839934,-3,-1,-3,2,1,-2,-2,-2
1454188497852943,-2,-1,-1,-7,-4,-5,-1,-1
1454188497852943,-1,-3,-2,-3,-10,-3,1,-1
1454188497853943,0,-1,-2,0,2,-1,0,-2
1454188497853943,1,0,1,1,-4,0,1,1
1454188497875960,0,-1,-2,-1,6,2,-2,-1
1454188497875960,-1,-2,-2,0,0,1,-2,-2
1454188497875960,-2,-2,-3,-7,2,0,-3,-2
1454188497875960,0,-1,0,0,-7,-1,0,2
1454188497898975,-2,0,1,6,0,-4,-1,1
1454188497898975,-1,0,1,-3,6,4,0,-1
1454188497899975,1,-3,-2,-3,-1,-5,-2,-2
1454188497899975,-2,-2,-2,0,-6,0,0,-1
1454188497912986,0,-2,-3,-8,-1,1,-3,-2
1454188497912986,-4,0,-1,-1,2,-3,-3,-3
1454188497913986,-1,-3,-1,1,1,0,-2,-1
1454188497913986,2,-1,3,-9,-1,-3,1,-1
1454188497936001,0,0,7,15,-4,-2,-1,1
1454188497936001,-1,-2,-12,0,6,-3,1,-2
1454188497936001,-4,-1,-4,-11,-5,-2,-4,-3
1454188497936001,-1,-4,-2,-6,6,-3,-3,-3
1454188497959018,1,1,3,12,6,1,2,0
1454188497959018,-2,0,7,16,-6,3,0,1
1454188497960019,-1,0,-3,-4,-1,-2,0,-2
1454188497960019,-1,-1,-3,-15,-5,-3,-4,-3
1454188497973029,-1,-2,-3,-17,-7,1,-1,-3
1454188497973029,-2,-3,0,5,0,-6,-1,-1
1454188497974029,0,0,-3,-3,-6,1,-1,-2
1454188497974029,1,2,2,4,-13,-1,2,0
1454188497995043,-1,-1,-4,-1,6,0,0,-2
1454188497995043,1,0,-2,-3,5,1,-2,1
1454188497996044,-1,0,3,7,4,3,1,0
1454188497996044,-1,-1,-1,-4,3,2,-2,-2
1454188498019060,-2,0,0,4,-10,-6,-2,0
1454188498019060,3,1,0,-3,-12,0,0,-1
1454188498020062,-1,-2,-1,-19,-2,-2,0,-1
1454188498020062,0,-2,-4,20,7,4,-1,-2
1454188498033070,0,-1,-3,-17,-4,-2,3,-1
1454188498033070,1,-1,1,1,4,2,-1,-1
1454188498034071,-1,-2,2,23,0,2,-1,-1
1454188498034071,-1,1,-2,-14,-3,-4,-2,-1
1454188498055086,-1,-3,-7,-8,-5,-10,-3,-2
1454188498055086,-1,0,1,-11,-12,0,0,1
1454188498056086,1,1,-2,6,-5,2,1,0
1454188498056086,1,0,1,-4,11,0,0,0
1454188498079103,1,0,0,4,-4,0,-1,-1
1454188498079103,-3,-2,0,18,7,-1,-4,-2
1454188498079103,-2,-1,-1,-2,3,-4,-2,-1
1454188498079103,-3,-1,-4,-27,-17,-4,-3,-2
1454188498093112,1,0,1,5,5,3,-2,0
1454188498093112,1,-2,2,9,10,5,-1,1
1454188498094112,-1,2,3,12,4,-3,1,1
1454188498094112,-1,-1,-3,0,-3,-2,0,-1
1454188498115128,-4,-3,-6,-26,-20,0,-6,-1
1454188498115128,-1,-3,-3,-6,-1,-7,-1,-2
1454188498116128,1,2,3,2,-3,-4,1,2
1454188498116128,-1,-1,0,-3,-10,1,0,-2
1454188498139145,-2,0,0,26,27,10,0,-1
1454188498139145,-2,-4,-2,-6,-5,-6,-2,-1
1454188498139145,-1,-2,-2,-9,-2,-1,0,-1
1454188498139145,0,1,-1,5,5,-2,-1,0
1454188498152153,0,0,-1,9,4,2,2,0
1454188498152153,-1,0,-6,-11,-4,2,-1,1
1454188498160172,-2,-2,-3,-18,-15,-10,-3,-2
1454188498160172,-1,-3,1,22,4,-2,-1,0
1454188498175171,-1,1,4,-2,-2,-1,1,0
1454188498175171,-1,0,-1,-8,-3,0,0,-1
1454188498176170,-1,-3,-8,-8,-5,-1,-1,-2
1454188498176170,-2,-1,0,4,-1,1,-2,-1
1454188498199187,-2,-1,-1,-1,-3,-3,-1,-1
1454188498199187,0,1,2,5,6,2,0,-3
1454188498199187,-2,-2,2,2,2,3,-1,-1
1454188498199187,0,-3,0,-2,-1,-2,-3,-3
1454188498212199,-1,0,-2,-1,-6,2,1,1
1454188498212199,-1,-2,-4,-7,-8,-4,-1,0
1454188498220202,0,-2,1,5,0,0,-2,-1
1454188498220202,-3,0,-4,1,7,1,0,0
1454188498235214,-1,-1,1,-7,-4,-1,2,-1
1454188498235214,1,1,1,2,-7,-2,-1,0
1454188498236212,-1,-1,-4,4,19,-1,-2,0
1454188498236212,0,0,0,-8,-19,0,1,1
1454188498259230,-1,-4,0,-1,10,0,-2,-3
1454188498259230,-3,-1,-3,-3,-6,-6,-2,-2
1454188498259230,0,1,1,0,-1,-2,0,0
1454188498259230,-1,0,-2,2,5,-5,-2,-1
1454188498272251,1,-1,-1,-5,-5,-2,-2,-1
1454188498272251,-1,0,1,-1,-1,-4,1,0
1454188498280256,-2,-1,-1,-1,-3,1,-3,0
1454188498280256,-2,-1,-3,0,2,3,0,-2
1454188498296268,-3,-2,-2,-8,-10,-8,-5,-2
1454188498296268,-1,-3,-3,-13,-5,1,-1,-1
1454188498297269,1,2,4,26,8,4,3,2
1454188498297269,1,-1,2,3,13,3,-1,1
1454188498318284,-2,-1,-4,-7,-3,-2,-2,-1
1454188498318284,-3,-3,-2,-8,-6,-5,-2,-1
1454188498319272,-1,-3,-3,-11,-5,-2,-1,-2
1454188498319272,1,0,1,6,-5,-2,1,-2
1454188498332282,-2,-1,1,9,2,-5,-1,0
1454188498332282,-1,-1,-1,-4,3,3,-1,-1
1454188498340288,-1,-1,4,-5,-7,-7,-2,0
1454188498340288,-1,-1,-2,0,-2,0,-1,-1
1454188498355308,0,0,-1,-2,3,4,2,-2
1454188498355308,-1,-2,-1,2,-5,-1,-2,0
1454188498356299,0,0,-6,-7,-4,-2,-1,-1
1454188498356299,-1,-4,-3,-8,-4,-5,-1,-1
1454188498378314,-1,0,0,1,-5,-5,0,1
1454188498378314,-1,1,3,10,15,6,0,0
1454188498378314,-2,-2,-3,-5,-3,0,-1,-2
1454188498378314,-4,-3,-2,-3,-4,-4,-3,0
1454188498392341,-1,0,-2,-3,-8,-3,2,0
1454188498392341,1,-1,0,5,8,8,-2,-2
1454188498400342,-1,-1,-1,0,-2,-1,0,-3
1454188498400342,-2,-1,-4,3,3,1,-1,-1
1454188498415350,-1,-3,0,0,0,-4,-1,-1
1454188498415350,0,1,0,-2,-1,-1,1,1
1454188498416340,0,-1,1,0,3,2,-1,0
1454188498416340,0,0,-1,-1,-4,-2,-2,-1
1454188498438368,-2,-1,-2,-1,-9,-3,-2,-1
1454188498438368,-2,-3,-3,-4,-2,-5,-2,-3
1454188498439357,0,-1,-3,-13,-4,2,-2,-2
1454188498439357,0,1,5,23,12,3,3,0
1454188498452383,0,-1,0,-1,6,2,-1,0
1454188498452383,-2,1,0,-6,-7,-5,0,-2
1454188498460390,-3,-2,-6,-3,-4,-3,-2,-2
1454188498460390,0,-1,-1,-11,-5,0,-4,-4
1454188498475400,3,0,-1,-2,-2,1,-3,-3
1454188498475400,1,0,3,8,8,7,2,0
1454188498476400,-2,-2,0,0,-1,-2,-1,0
1454188498476400,-1,-3,-2,-5,-8,-5,-1,-2
1454188498498417,-3,-1,-3,-6,-1,-1,-1,-1
1454188498498417,1,-2,0,4,0,-4,-1,0
1454188498498417,-1,0,1,-4,-2,-3,-1,-1
1454188498498417,0,0,2,6,4,2,0,0
1454188498521432,-2,-1,-2,-8,-3,-1,-1,-1
1454188498521432,-1,-2,-2,2,-6,-4,-5,-4
1454188498522421,-1,-1,1,6,4,3,2,1
1454188498522421,-1,-1,-1,-10,-4,-7,-5,-1
1454188498535437,2,1,0,-1,5,2,-1,1
1454188498535437,-2,-2,-3,-1,-1,-4,-1,-1
1454188498536438,-2,-2,-2,0,-5,1,-1,-1
1454188498536438,-2,1,-1,-1,-1,-2,-1,-1
1454188498558453,0,0,0,-3,-3,2,0,-2
1454188498558453,0,0,-2,3,8,-2,-1,-1
1454188498558453,-1,0,-3,0,-6,1,0,-1
1454188498558453,0,-2,2,-7,-2,-2,-1,0
1454188498581475,-2,-3,-1,6,1,0,-1,-2
1454188498581475,-2,-2,-4,-10,-5,-2,0,-3
1454188498582475,1,-1,-2,4,-1,-6,-2,-1
1454188498582475,-1,0,-2,0,1,2,0,-2
1454188498595467,-1,1,0,0,1,-2,0,-2
1454188498595467,-1,-3,1,4,2,0,-1,-1
1454188498596485,-3,1,0,-2,-2,-4,-1,-1
1454188498596485,-1,-3,-3,-3,-1,0,0,-2
1454188498618501,-2,0,-1,0,0,1,-1,-1
1454188498618501,-1,-1,-3,-6,-9,-5,1,-2
1454188498618501,1,-1,-1,-3,4,0,-2,-1
1454188498618501,0,0,-1,0,4,4,1,0
1454188498641512,-1,-2,1,5,1,-5,-1,-1
1454188498641512,0,0,0,-5,0,3,1,0
1454188498642508,-1,-2,0,-1,-7,-4,-3,-1
1454188498642508,-1,-1,0,2,5,3,0,-1
1454188498655521,-1,-2,-2,-10,0,-1,-3,0
1454188498655521,-2,1,-2,4,-6,-6,-1,1
1454188498656523,-1,-2,-1,1,0,3,-1,-2
1454188498656523,0,0,-1,-3,0,2,-1,-3
1454188498678526,0,0,0,-1,2,-1,-2,-1
1454188498678526,-1,0,-1,-6,-6,-3,-2,0
1454188498678526,-1,-1,-3,-3,1,-3,1,-1
1454188498678526,0,-2,0,4,-6,-1,0,0
1454188498700559,-1,-1,-4,-3,-4,-1,-2,-2
1454188498700559,0,-1,1,-4,1,1,0,-1
1454188498701543,-1,-1,-2,-1,-6,-4,-3,-1
1454188498701543,-3,-1,-1,-2,-3,-3,-2,-2
1454188498715569,-2,-1,-2,1,3,1,0,0
1454188498715569,-3,-2,-3,-5,-4,-2,-3,-1
1454188498716570,-1,0,-1,3,0,-1,1,0
1454188498716570,-3,-2,-1,-3,-6,-2,-4,-2
1454188498737581,-3,-3,-2,-3,-1,-1,0,0
1454188498737581,-1,-1,-2,1,-1,0,-1,-1
1454188498738568,0,-2,0,-5,0,-2,-1,-1
1454188498738568,1,0,-2,2,-3,-2,0,-1
1454188498761596,1,-3,1,0,-4,-3,0,-2
1454188498761596,-2,-1,-2,-1,5,-1,-1,-2
1454188498761596,-1,0,-1,2,2,1,-2,-1
1454188498761596,-1,-1,-1,2,-3,-3,1,0
1454188498775612,-2,-1,-4,1,5,0,-2,-2
1454188498775612,-1,-1,-1,-4,-8,-5,-3,0
1454188498776612,1,-4,-3,-6,2,2,-2,-1
1454188498776612,0,-1,-2,-3,-11,-7,-1,0
1454188498797627,-1,-3,6,3,7,3,-1,-1
1454188498797627,-2,-2,0,9,-4,-1,0,-2
1454188498798610,-1,1,0,-1,0,0,-2,-1
1454188498798610,0,0,-1,-4,1,0,-1,-2
1454188498821639,2,-2,-2,-4,-5,-3,-1,-1
1454188498821639,-1,-2,0,-1,-3,-2,-1,0
1454188498821639,-2,-1,1,5,1,1,-2,-2
1454188498821639,0,1,-2,0,1,-4,-1,-1
1454188498835650,-2,-2,-2,-2,-3,1,-2,-1
1454188498835650,1,-1,2,2,2,1,-1,-1
1454188498836650,-1,0,-2,-3,-6,-5,-1,-1
1454188498836650,-3,-1,-2,-2,-2,-1,-1,-1
1454188498857665,-1,1,0,3,1,2,0,-1
1454188498857665,0,0,-2,-5,-3,-2,-1,-2
1454188498858670,0,-1,1,-3,0,-1,1,0
1454188498858670,0,-1,-1,1,-1,-4,-1,0
1454188498881670,-2,-2,-3,-7,4,3,-3,0
1454188498881670,-1,-1,-1,4,-6,-1,-1,-1
1454188498881670,0,-1,0,-1,5,5,-1,0
1454188498881670,-1,-1,1,-1,2,0,-3,0
1454188498895680,1,3,-2,3,-2,-3,-2,-1
1454188498895680,-1,-1,-2,-10,-3,-2,-3,-2
1454188498896681,-3,-3,-1,1,0,-1,-1,-1
1454188498896681,0,-3,-2,2,5,0,0,-1
1454188498917695,-1,0,0,0,-1,0,0,0
1454188498917695,-1,0,1,-1,-3,-1,0,-2
1454188498918695,-2,-1,-2,-4,-3,-3,-1,0
1454188498918695,-2,-4,-2,-1,-2,0,-2,-1
1454188498941711,-1,-2,-3,1,-3,-4,0,1
1454188498941711,-2,0,-2,1,2,1,0,-1
1454188498941711,0,-1,1,1,11,3,2,-1
1454188498941711,0,-2,-2,4,-7,-3,-1,-1
1454188498955722,-1,-2,0,-3,-5,-1,-2,-1
1454188498955722,0,1,-1,3,6,2,0,0
1454188498956723,-1,-1,-1,-2,-1,-5,-1,-1
1454188498956723,-1,0,-1,-4,4,2,-1,-1
1454188498977737,-3,-3,-2,-3,-7,-6,-1,-1
1454188498977737,-2,-3,1,-2,0,0,-3,-1
1454188498978737,-1,-3,0,0,1,0,0,0
1454188498978737,-1,0,-2,0,-1,0,-2,-2
1454188499001754,-1,0,0,-3,-3,-3,2,1
1454188499001754,0,-2,0,3,3,0,0,0
1454188499001754,0,0,-3,-4,-5,-3,-1,0
1454188499001754,-3,-1,1,-3,-3,1,1,-1
1454188499015766,0,0,-1,0,-2,1,0,-2
1454188499015766,0,0,-4,1,12,0,0,0
1454188499016765,-1,0,-1,-6,-7,0,0,-2
1454188499016765,-2,-3,-1,2,-7,-2,1,-2
1454188499037780,-1,-2,0,8,7,2,-1,0
1454188499037780,-1,1,0,-5,-2,0,-2,1
1454188499038779,-2,-1,-2,-6,-7,-2,-3,-3
1454188499038779,1,1,-1,-2,0,1,-3,-3
1454188499060796,1,-1,1,3,-2,-4,-1,-1
1454188499060796,0,0,-2,-1,-2,0,-2,-1
1454188499061807,-3,-1,-1,0,0,-3,-2,0
1454188499061807,-1,-1,-1,-5,-4,-1,-2,0
1454188499075807,-1,-2,-4,-4,-5,0,-2,-3
1454188499075807,-2,-3,1,3,5,-1,0,-1
1454188499076806,0,0,0,1,0,-2,-1,0
1454188499076806,-1,-2,-1,-1,-1,-3,-2,0
1454188499097822,0,-1,-1,-5,-3,-1,-2,-2
1454188499097822,1,0,-1,1,-1,1,0,-1
1454188499098822,-1,-1,1,3,2,1,-1,-2
1454188499098822,0,1,-1,1,-3,-1,-2,-1
1454188499120839,-1,-2,-4,-11,-5,-3,-1,-1
1454188499120839,0,-3,-1,0,-5,-3,-1,-3
1454188499121839,0,0,0,6,7,-1,1,0
1454188499121839,2,0,-1,0,-1,2,0,0
1454188499134848,-2,1,1,-2,5,4,-1,-2
1454188499134848,0,-2,-2,-3,-2,-1,-3,-1
1454188499142854,-2,-3,-4,-5,-6,-4,-1,0
1454188499142854,-1,0,-1,-1,0,-2,0,-1
1454188499157865,0,-1,1,1,0,-2,-1,1
1454188499157865,-1,-3,-7,-8,-1,-1,-1,-1
1454188499158866,0,1,2,6,-1,-1,-1,1
1454188499158866,-2,-2,2,0,2,1,2,0
1454188499180881,-1,-1,1,-2,-5,-1,-2,-2
1454188499180881,-1,-2,1,0,-2,-2,-1,0
1454188499181882,-1,-3,-1,-5,-5,-3,-3,-2
1454188499181882,0,-2,-4,-1,4,1,0,-2
1454188499194891,-2,0,0,4,2,1,-1,0
1454188499194891,-1,-1,1,-3,-3,-2,0,-1
1454188499202897,-1,0,-1,3,-1,-2,0,0
1454188499202897,-3,0,-3,-7,-2,0,-2,0
1454188499217907,-1,-3,2,6,0,-3,-3,-3
1454188499217907,1,-2,-3,-2,-5,-1,0,-1
1454188499218908,0,-1,-1,4,7,-2,0,1
1454188499218908,-2,0,2,0,-5,4,-1,-1
1454188499240923,-2,-1,-4,-6,-5,-5,-2,-1
1454188499240923,-2,0,1,-1,-2,-7,-3,-1
1454188499240923,-1,-2,1,-3,2,4,0,-1
1454188499240923,0,2,-1,0,1,-5,-2,-1
1454188499254933,0,-6,-5,-4,-3,-2,0,0
1454188499254933,-2,-1,2,2,0,0,-1,-1
1454188499262939,-1,-1,-2,0,-6,1,-1,0
1454188499262939,0,4,-2,-3,6,0,-1,0
1454188499277950,1,10,1,3,0,-3,-1,1
1454188499277950,-6,-22,-10,-8,0,0,-1,-4
1454188499278950,-1,-1,0,-3,-4,-5,-3,-2
1454188499278950,1,10,6,9,-1,1,-1,-1
1454188499300965,1,-6,-3,-1,4,2,0,0
1454188499300965,-1,6,-1,1,-5,-1,0,0
1454188499301966,0,3,1,-7,-2,-1,-2,-4
1454188499301966,2,-9,-2,-2,-3,-2,2,0
1454188499314975,-1,5,-1,-1,0,-3,-2,-1
1454188499314975,1,2,3,0,0,-1,-1,0
1454188499322981,-2,-4,-3,-3,-1,2,0,-1
1454188499322981,-1,4,0,-3,-1,-3,-2,0
1454188499338004,-1,-3,-3,1,2,1,0,-2
1454188499338004,-1,-3,0,2,1,2,-1,-1
1454188499339004,0,4,-1,0,-4,-1,-1,0
1454188499339004,-1,-5,1,-4,-2,-4,-2,-1
1454188499361021,-1,-4,-2,1,-2,-2,0,-1
1454188499361021,-1,3,-2,3,1,0,0,0
1454188499362008,-1,-4,-2,0,1,-2,-1,1
1454188499362008,0,-4,5,0,-1,0,-1,-2
1454188499375035,-1,-6,-11,-6,-5,-1,-3,-1
1454188499375035,0,5,8,1,-1,0,-1,-1
1454188499383040,0,-1,9,-3,-3,-2,0,0
1454188499383040,-1,-3,-8,1,-1,-2,-1,-1
1454188499398051,-4,-4,2,1,0,1,0,-1
1454188499398051,-1,2,1,-5,-1,-1,-1,0
1454188499399052,-2,-1,-8,5,0,-1,-1,0
1454188499399052,-4,-5,2,-5,-1,-3,-1,-2
1454188499421067,-1,2,0,-2,-2,-1,-1,0
1454188499421067,1,3,3,-1,-3,-1,-2,0
1454188499422051,-3,-6,-6,-2,-2,1,-1,-2
1454188499422051,0,2,-6,2,8,2,0,0
1454188499435073,-1,-4,-3,-2,-10,-4,-1,0
1454188499435073,-2,1,6,-2,0,2,-1,0
1454188499443066,-1,2,1,-2,-3,-2,-1,-2
1454188499443066,-1,-2,1,-2,-5,-3,-1,0
1454188499458077,0,4,-3,-5,-2,-1,-2,-3
1454188499458077,-1,-8,-6,7,3,0,-1,0
1454188499459078,1,1,4,3,8,2,0,0
1454188499459078,0,1,1,-1,-3,1,-2,1
1454188499480091,-1,-5,-18,-7,-3,-2,-1,0
1454188499480091,0,1,-3,-7,-8,-2,-3,-2
1454188499481094,-4,-6,6,4,-1,-1,-2,-1
1454188499481094,-1,0,4,1,3,0,1,0
1454188499504109,0,1,11,1,5,-1,-1,-1
1454188499504109,0,-2,-9,-6,0,-2,-3,-2
1454188499504109,1,-1,-12,-4,-17,-7,-2,-2
1454188499504109,-1,1,3,3,3,1,1,-2
1454188499518119,0,2,8,2,5,2,-1,-2
1454188499518119,-1,-7,-8,-3,1,-1,2,-1
1454188499519120,0,0,-1,-8,1,-1,-3,0
1454188499519120,1,-4,-3,-3,-12,-4,-2,-1
1454188499540134,2,0,7,4,2,-1,-1,0
1454188499540134,0,-1,3,6,0,-1,-1,-1
1454188499541148,-2,0,-5,-2,0,-1,0,-2
1454188499541148,-2,0,-3,1,-2,-1,1,0
1454188499564151,-1,-2,-3,-5,0,0,-1,1
1454188499564151,-2,-4,-4,5,-5,-3,-1,-3
1454188499564151,-2,1,-1,-4,1,-3,-3,-1
1454188499564151,-2,-3,-7,1,4,3,-1,-2
1454188499578160,0,6,4,1,-1,-1,-1,-3
1454188499578160,0,2,1,-2,-1,-1,-1,0
1454188499579174,0,-4,-6,-4,-4,-1,-2,-2
1454188499579174,-3,-2,0,1,1,-2,-1,-2
1454188499600191,-1,-4,-1,6,1,0,0,-1
1454188499600191,0,0,3,0,0,2,0,0
1454188499601177,-1,-1,0,-7,-9,-3,-2,-1
1454188499601177,0,-1,-4,-8,-6,-5,-1,-1
1454188499624199,-1,-2,-1,1,1,3,-1,-2
1454188499624199,-1,3,0,1,2,0,-1,-1
1454188499624199,1,-2,-5,1,2,-1,0,0
1454188499624199,1,-3,-13,-4,-3,-1,0,-1
1454188499638218,-2,3,-4,0,1,0,-1,0
1454188499638218,0,0,-1,-5,0,-1,-1,-2
1454188499639217,-2,1,0,-1,-1,-1,1,0
1454188499639217,0,-2,4,1,-1,-2,-2,-1
1454188499660232,-1,-2,-4,-3,0,-1,-1,-2
1454188499660232,0,0,-10,1,0,-2,-1,0
1454188499661219,-2,1,2,0,0,0,1,-3
1454188499661219,-2,0,3,-1,-1,0,-1,-2
1454188499684235,0,-1,9,4,-4,-3,-1,-1
1454188499684235,-1,0,7,-3,-3,-4,-1,0
1454188499684235,0,1,2,0,1,-1,-1,-1
1454188499684235,0,-2,-3,-1,1,1,1,-2
1454188499698246,0,0,-1,-3,-5,-1,-1,-1
1454188499698246,0,-2,-3,-6,-3,-3,0,-1
1454188499699248,0,-1,-4,4,0,-2,-2,0
1454188499699248,-2,4,1,-6,3,-3,-2,0
1454188499720262,-2,0,0,-2,-5,-1,1,-1
1454188499720262,0,0,-3,5,6,1,0,-3
1454188499721270,-2,0,-5,-5,-3,2,-2,-3
1454188499721270,0,1,7,3,1,0,-1,0
1454188499743278,-1,-3,-4,-1,2,-3,-2,-1
1454188499743278,-3,-2,-3,-2,-6,-1,0,0
1454188499744279,-1,0,2,-2,0,0,-1,-1
1454188499744279,-2,-2,-4,3,-8,-3,-1,-1
1454188499758289,-2,-2,0,-2,0,0,-1,0
1454188499758289,-1,1,1,-2,5,1,-1,1
1454188499759290,-1,-1,-1,2,6,1,-1,-1
1454188499759290,-2,-3,-4,-7,-8,-3,-3,0
1454188499780303,-3,-1,0,1,1,0,0,-1
1454188499780303,-1,2,7,2,-1,-3,-1,-1
1454188499781304,-2,-6,-1,-6,-6,0,-2,-2
1454188499781304,-2,-5,-22,1,5,0,1,1
1454188499803320,0,1,0,1,3,-1,-2,-1
1454188499803320,0,0,5,-6,-12,-1,-3,0
1454188499804321,0,0,9,5,7,1,0,1
1454188499804321,0,2,1,-2,1,1,0,-2
1454188499818331,0,-3,-8,-4,-4,-3,-2,-1
1454188499818331,1,-3,-7,-3,-1,-2,0,-1
1454188499818331,-2,-3,-7,1,-6,-5,-1,-2
1454188499818331,-3,-1,2,0,2,3,-2,-1
1454188499840359,1,0,0,1,8,5,2,1
1454188499840359,-1,0,0,-3,-5,-3,-3,-2
1454188499841348,0,-2,-4,-5,-6,-3,-1,-1
1454188499841348,0,-2,4,2,-2,-4,-2,-1
1454188499863375,-3,-2,-1,-1,0,-2,-1,-1
1454188499863375,-1,-4,-5,3,2,0,0,0
1454188499864363,-1,-2,-7,-2,3,-1,-1,1
1454188499864363,0,-3,2,1,-2,-3,1,0
1454188499878386,-1,2,0,-4,-6,-2,-1,-1
1454188499878386,-1,-2,-3,2,0,1,0,-2
1454188499878386,-1,-1,0,-1,-4,-1,-2,-1
1454188499878386,0,0,0,-1,-1,2,1,0
1454188499900402,-1,-3,0,-2,3,-1,-1,-1
1454188499900402,0,0,-1,8,5,-1,0,-2
1454188499901391,-1,0,-10,-3,0,0,0,-1
1454188499901391,0,-1,-7,0,-5,1,-2,-2
1454188499923415,1,1,6,-3,-5,-3,-2,-1
1454188499923415,-2,-3,-7,-4,0,-2,1,1
1454188499924405,0,0,6,5,4,0,0,-1
1454188499924405,-3,-3,-1,-5,-4,-2,-2,-2
1454188499938426,-1,-2,-1,-2,4,2,0,-2
1454188499938426,-3,-1,2,2,-3,-3,-1,-2
1454188499938426,-1,0,2,-2,-2,-2,0,-1
1454188499938426,-2,-3,1,-5,3,-1,-2,-2
1454188499960444,0,0,-1,3,-10,1,0,-1
1454188499960444,0,-2,1,-2,4,1,-2,1
1454188499961444,-1,-2,-2,0,1,-1,-2,0
1454188499961444,1,0,1,-5,0,-4,-2,-3
1454188499983466,-1,-2,-3,-7,-6,-2,-2,-1
1454188499983466,-3,0,-1,5,-2,2,-1,0
1454188499984447,0,1,1,0,-1,-3,-2,-1
1454188499984447,0,-1,1,-1,1,4,-2,-1
1454188499998457,-3,-1,-2,0,-1,-1,0,-3
1454188499998457,-1,-1,-1,-6,-4,-4,-1,-1
1454188499998457,0,-4,-1,1,1,0,-1,-2
1454188499998457,-1,2,3,-3,-4,-3,-1,-1
1454188500020859,0,-4,-8,-1,-1,-3,0,-1
1454188500020859,0,-2,-1,-1,1,-3,0,-1
1454188500021851,-1,3,2,1,1,4,0,-1
1454188500021851,-1,1,1,6,6,2,2,1
1454188500043957,-2,-1,-2,-3,-2,0,-1,0
1454188500043957,-2,-3,0,-2,-1,-1,0,-2
1454188500044992,-2,-2,-3,-5,-11,-1,-1,0
1454188500044992,-3,0,-3,-5,-4,-4,-3,0
1454188500057011,-2,1,1,9,2,-1,0,0
1454188500057011,-2,0,-2,-5,-3,-3,-1,0
1454188500066008,-1,1,0,3,5,1,1,1
1454188500066008,-1,-2,0,1,-1,-1,-1,-2
1454188500081017,0,-3,-2,-7,-8,-3,-4,-2
1454188500081017,0,-1,0,-1,0,3,0,-1
1454188500081017,-1,-1,-2,-3,-4,-4,0,0
1454188500081017,1,1,0,2,1,1,1,-1
1454188500104052,0,0,-3,-5,-3,-2,0,0
1454188500104052,0,-2,1,7,3,0,-1,-2
1454188500105035,0,-1,1,1,-1,2,-1,1
1454188500105035,-1,-2,-2,0,-1,0,-1,-1
1454188500117056,1,-1,3,-2,0,-1,-1,-1
1454188500117056,-1,2,-3,-6,-2,1,-2,-1
1454188500126049,-1,-1,-1,-1,-2,-4,-2,-2
1454188500126049,1,0,-3,-1,-5,-3,0,-1
1454188500140073,-3,-2,-3,-4,4,-2,-2,-1
1454188500140073,1,1,1,2,-8,-2,-1,1
1454188500141060,-2,0,0,-2,2,0,-3,-2
1454188500141060,-2,-1,0,2,0,-2,0,1
1454188500171094,0,-1,-2,-6,-2,-1,-2,-2
1454188500171094,0,1,-3,1,1,0,-1,-1
1454188500172082,0,1,-2,4,2,2,-1,-2
1454188500172082,0,-2,0,-4,-4,-3,-1,-2
1454188500177099,0,-1,-2,1,0,1,0,-1
1454188500177099,-1,-1,0,-3,-3,0,-2,-2
1454188500185105,-2,-1,0,-3,-4,-4,1,-2
1454188500185105,0,-3,-3,-3,0,-1,-1,1
1454188500200120,0,-1,3,3,-3,0,-1,0
1454188500200120,-1,-1,-3,-3,2,1,-1,-1
1454188500201103,-1,0,0,-2,-1,-3,-1,-1
1454188500201103,0,-2,-2,-5,0,-2,-2,-1
1454188500224132,0,-1,-1,6,-2,-2,-1,-3
1454188500224132,-1,-4,-2,-4,1,-2,-2,0
1454188500224132,-3,-2,0,1,-2,1,-1,0
1454188500224132,-2,0,0,1,5,0,0,-1
1454188500237141,-2,0,0,-3,-8,-1,0,-2
1454188500237141,-2,-1,-2,-1,-1,-5,0,0
1454188500245146,-2,0,-1,-5,-2,2,-2,0
1454188500245146,-2,-2,1,2,-1,-1,0,-1
1454188500260157,-1,-2,-3,3,6,2,0,-1
1454188500260157,-2,1,2,-2,-2,0,0,-1
1454188500261145,-1,-3,-5,0,0,-1,0,-1
1454188500261145,-1,1,0,-1,-3,3,-1,0
1454188500284175,0,-1,-5,-5,-4,-4,0,-1
1454188500284175,-1,0,0,-4,-5,-3,-2,-2
1454188500284175,1,0,1,-1,-2,-2,0,-2
1454188500284175,-2,1,-2,1,-1,2,0,-1
1454188500297184,-1,-1,0,2,3,-1,1,-2
1454188500297184,-1,-3,-2,1,1,3,1,0
1454188500305194,-1,-1,-2,-1,-2,-3,0,1
1454188500305194,-1,-1,-4,-3,-6,-4,-4,0
1454188500320200,-1,-4,-2,-2,3,-1,0,-1
1454188500320200,-1,0,0,-2,1,0,0,-1
1454188500321187,0,1,-1,-6,-4,-2,0,-1
1454188500321187,-1,-2,0,0,0,-2,-3,-1
1454188500344212,-2,1,1,3,4,4,1,1
1454188500344212,-1,-3,-2,-1,-1,-2,-3,-2
1454188500344212,-1,-2,-3,-1,2,0,-1,0
1454188500344212,-2,-2,-3,-4,-2,-2,-1,-2
1454188500357226,0,0,1,0,-3,0,-2,0
1454188500357226,1,-3,0,-1,1,0,-1,-1
1454188500365222,-1,-1,-3,-6,-2,-3,-2,-1
1454188500365222,0,0,1,0,-7,1,-1,-1
1454188500380242,-1,0,0,4,6,0,-2,-1
1454188500380242,-1,1,-1,-1,-1,0,-1,1
1454188500381230,-2,-2,0,2,-2,-5,1,-1
1454188500381230,-1,-2,0,3,4,2,0,-1
1454188500403246,-1,-1,-2,-5,-2,-1,0,0
1454188500403246,-1,-2,-3,2,0,-1,-1,-1
1454188500404246,-1,-3,3,-1,-1,0,-2,-2
1454188500404246,0,0,-1,-3,-2,-5,-1,-1
1454188500426275,-1,0,-1,-2,-4,4,-2,0
1454188500426275,-2,-2,-1,-2,0,-2,-2,-2
1454188500427276,0,-2,-1,-1,-2,0,-2,-1
1454188500427276,0,-2,1,-2,0,-1,0,0
1454188500440284,-1,0,-3,-4,0,-2,-1,-3
1454188500440284,0,0,-1,-2,-3,-2,0,-1
1454188500441272,0,1,0,2,2,2,-1,-2
1454188500441272,-1,0,-3,5,2,1,-1,1
1454188500463298,0,-1,0,-4,3,-4,-1,0
1454188500463298,-1,-1,-2,-6,-9,-5,-2,-2
1454188500464288,-1,-3,-2,-1,-2,1,-3,0
1454188500464288,0,0,-2,3,12,2,1,0
1454188500486322,-1,0,-1,-1,-11,-2,-3,-1
1454188500486322,-2,-2,-2,-3,-1,-1,-1,-1
1454188500487323,-1,0,-1,0,0,-1,-1,-2
1454188500487323,0,-2,-2,-7,-6,-4,-1,1
1454188500500332,0,-2,0,2,-1,-1,0,0
1454188500500332,-3,-1,1,-3,-2,-2,-2,-1
1454188500501315,-1,0,-3,-3,-2,-1,-2,-1
1454188500501315,-3,-1,1,1,-2,2,0,-2
1454188500523340,0,-2,0,0,3,-2,1,2
1454188500523340,-1,-1,-1,-4,0,-1,0,-2
1454188500524331,0,1,0,8,2,2,0,0
1454188500524331,1,0,0,-4,-6,-2,0,-1
1454188500546361,-1,-2,-1,-4,-3,-2,-2,-1
1454188500546361,0,0,-3,3,2,-1,-2,0
1454188500547360,-1,-2,-2,-6,-1,-1,0,-1
1454188500547360,-1,-3,-2,-1,1,-2,2,-2
1454188500560357,-4,0,0,0,-5,2,-2,-1
1454188500560357,0,-1,0,7,4,-1,1,-1
1454188500561358,-2,1,1,-4,-3,-1,-1,0
1454188500561358,-3,-1,-4,-3,-3,-4,-2,0
1454188500583393,0,0,-2,2,1,-1,-1,0
1454188500583393,-2,-2,-2,-1,-1,0,-1,1
1454188500584374,1,-4,-2,1,4,-1,0,-1
1454188500584374,0,-1,0,-4,-10,-2,-1,-1
1454188500606399,0,-1,-2,-3,0,-5,0,-2
1454188500606399,0,-2,-1,0,-2,3,-3,-2
1454188500607400,0,0,6,3,1,0,-1,-2
1454188500607400,-2,-4,-4,-5,-3,0,-2,-2
1454188500620409,-2,-3,-3,-7,-7,-3,1,-2
1454188500620409,0,1,4,11,8,4,1,0
1454188500621400,-1,-2,-2,1,3,-2,-1,0
1454188500621400,-1,1,4,2,0,-3,-2,-1
1454188500642957,-1,-1,-10,-4,-5,-4,-3,-2
1454188500642957,-1,-1,-5,-7,-4,-3,-1,-1
1454188500650963,-2,-1,7,-6,-5,-3,0,0
1454188500650963,0,-1,0,-1,-2,0,-1,0
1454188500665961,0,-1,8,7,7,5,1,0
1454188500665961,-1,0,-3,2,2,-8,0,-1
1454188500666961,-1,0,-7,-3,-3,4,-3,-1
1454188500666961,-3,-6,-4,-5,-3,-3,-2,0
1454188500681011,-1,0,7,1,-3,-1,-2,-1
1454188500681011,-2,-4,5,1,-2,2,-2,1
1454188500681011,0,6,4,5,3,2,0,-1
1454188500681011,0,-7,-15,-4,-2,-7,-2,-3
1454188500702987,-2,-3,4,-8,-6,-3,-1,-1
1454188500702987,0,6,3,3,4,-2,-3,-3
1454188500704001,-2,-6,-3,-7,-9,-6,0,-1
1454188500704001,1,6,-2,6,6,3,-1,-1
1454188500726007,1,-1,-4,-1,-2,-1,0,-2
1454188500726007,-5,-4,2,-1,-3,0,1,-1
1454188500727009,-1,-4,-2,4,-1,-4,-2,0
1454188500727009,0,2,3,-3,0,-1,-2,-1
1454188500741052,-1,-1,-3,0,0,2,-4,-1
1454188500741052,1,-4,-4,-5,-8,-10,0,-1
1454188500741052,1,13,-4,0,1,5,-1,-2
1454188500741052,-3,-11,-7,0,-1,-2,-1,-1
1454188500763050,3,3,4,-1,-1,-3,-1,0
1454188500763050,0,2,-20,-1,-2,-1,-2,0
1454188500764031,-3,0,7,-3,-2,-2,-1,-2
1454188500764031,2,4,19,5,3,0,0,-1
1454188500786065,2,11,-36,-2,3,0,0,2
1454188500786065,-5,-30,1,-2,-4,2,-2,-2
1454188500787046,1,1,-2,2,1,-3,1,-1
1454188500787046,-3,-3,-11,-4,-2,-2,-3,0
1454188500801067,-4,-7,-10,-3,-4,2,-2,-3
1454188500801067,1,8,6,-3,-1,2,0,-1
1454188500801067,-1,-4,4,0,0,0,-3,0
1454188500801067,3,0,1,4,1,0,1,0
1454188500823091,-1,-1,7,5,2,-1,1,-1
1454188500823091,1,2,-8,-4,-1,-1,-3,-3
1454188500824073,-3,-5,2,-3,-1,3,-2,-3
1454188500824073,0,0,-5,-4,-3,-3,-1,-2
1454188500846111,0,-5,0,-3,-3,-1,0,0
1454188500846111,-4,1,0,-4,-4,-4,-2,-4
1454188500847088,1,0,1,6,5,2,1,1
1454188500847088,-1,8,5,3,1,1,-1,0
1454188500860156,-1,4,5,-2,0,1,0,-2
1454188500860156,0,-5,12,-2,-2,0,0,0
1454188500861105,0,-3,-12,-2,-5,-3,-2,-2
1454188500861105,-3,-6,-19,-4,-3,1,-1,0
1454188500883183,2,-2,2,1,0,-6,-1,1
1454188500883183,-2,9,20,-5,-2,1,-3,1
1454188500884189,-3,-1,-4,-2,-2,-2,1,-1
1454188500884189,2,2,14,0,-3,6,-2,-1
1454188500906186,-2,-3,3,4,1,0,0,-2
1454188500906186,0,-7,-14,0,1,-1,-1,-1
1454188500907166,-1,-3,2,-1,-3,-5,0,0
1454188500907166,-2,0,-1,-7,-1,-1,2,-3
1454188500920233,-2,0,2,5,-1,-9,-6,-3
1454188500920233,-2,3,-2,-4,0,1,-1,0
1454188500921178,0,-1,-4,-3,-5,-3,-3,-2
1454188500921178,-2,-1,-1,-2,2,0,-1,-3
1454188500943329,1,-2,-3,0,1,2,1,1
1454188500943329,0,-2,-5,2,-1,-3,0,0
1454188500944330,-3,-1,1,-3,-4,-1,0,1
1454188500944330,-8,2,-6,1,-4,-1,-2,-3
1454188500966305,-1,-5,30,-3,1,-3,-3,-2
1454188500966305,2,4,-23,0,1,0,1,0
1454188500967329,2,-1,2,-6,-3,-4,-3,-2
1454188500967329,-1,-6,0,-1,0,-2,-2,0
1454188500980318,-3,2,18,-3,-3,0,-2,-4
1454188500980318,-1,-18,-32,-2,-3,2,0,0
1454188500981298,0,7,4,3,2,-1,1,0
1454188500981298,0,-5,5,3,2,-2,-1,0
1454188501003405,-4,0,-5,-7,-2,-2,-1,-3
1454188501003405,1,3,11,-1,-3,1,-2,-2
1454188501004368,-4,-3,-23,0,0,-3,-1,0
1454188501004368,3,4,-2,1,-3,0,-1,0
1454188501026474,-5,-20,-8,3,2,1,2,1
1454188501026474,-4,8,9,-1,-2,-4,0,-2
1454188501027459,-2,-6,-4,-4,-3,4,-2,-2
1454188501027459,2,5,8,-1,-1,-2,0,0
1454188501040437,1,1,-12,-3,-2,0,-3,-2
1454188501040437,-2,-1,11,-1,-3,-2,-1,-1
1454188501048451,0,-6,0,5,6,1,3,-2
1454188501048451,1,0,-3,0,1,2,-1,1
1454188501063463,-3,0,-4,-2,-1,-3,-3,-1
1454188501063463,2,-2,8,2,-2,-1,1,0
1454188501063463,-2,-5,6,-16,-9,-3,-5,-3
1454188501063463,-1,-6,13,-4,-3,-1,1,-2
1454188501086479,4,1,-8,4,1,-2,1,2
1454188501086479,1,6,12,4,6,1,0,0
1454188501087459,-4,2,-2,-1,-12,-5,-2,-2
1454188501087459,-2,1,4,-8,-1,-1,-1,-2
1454188501099470,2,-1,-1,4,2,-2,-1,-1
1454188501099470,0,1,-6,-2,0,-2,0,-2
1454188501108531,0,-3,-3,3,6,3,0,-1
1454188501108531,-2,-8,-9,-5,-7,-5,-3,-1
1454188501123518,-1,5,-3,-3,-6,2,0,-2
1454188501123518,-2,-2,-4,-1,-1,3,-2,-3
1454188501123518,6,-1,-3,3,1,-2,-1,4
1454188501123518,-10,2,5,-4,-1,-2,-3,-4
1454188501146558,-2,-2,-6,-5,-5,-5,-4,-4
1454188501146558,1,-3,5,2,-3,1,-2,0
1454188501147543,-3,-4,-18,-5,-2,-3,-1,-1
1454188501147543,5,-1,-1,4,4,5,-1,1
1454188501159566,-2,3,1,-5,-3,-4,0,-2
1454188501159566,-3,-2,5,0,5,7,-1,-2
1454188501168559,0,0,1,3,-7,2,0,-1
1454188501168559,-2,2,-3,-4,-4,-5,0,1
1454188501183543,-6,-4,-20,2,2,-1,-1,-2
1454188501183543,0,-4,-11,-5,-4,-5,-3,-1
1454188501183543,-3,-3,-1,-6,0,-1,-2,-4
1454188501183543,-3,2,6,6,1,1,2,-1
1454188501206600,1,3,3,-2,-3,3,-1,1
1454188501206600,-2,-2,-7,-3,-6,-6,-2,-1
1454188501207564,0,-3,-8,2,4,1,-1,-1
1454188501207564,0,-1,-7,0,-3,-3,0,-1
1454188501219573,-4,-1,11,0,0,-2,-2,-2
1454188501219573,-4,-3,-7,-1,0,4,-1,0
1454188501228561,-2,2,2,-1,-2,-5,-1,-2
1454188501228561,3,-2,-1,-6,0,-1,1,-1
1454188501243581,1,-4,-22,7,1,0,0,1
1454188501243581,-2,2,9,1,-1,-5,-3,-2
1454188501243581,1,2,4,-3,1,1,-3,0
1454188501243581,0,-2,-9,-3,-2,-1,-1,0
1454188501266587,-1,-4,2,-2,-1,-2,-2,-1
1454188501266587,3,5,1,-1,-4,-3,2,1
1454188501267588,1,0,-10,3,0,0,-1,-2
1454188501267588,0,-10,8,-2,1,-4,-3,0
1454188501279652,1,8,12,-3,-3,1,-1,0
1454188501279652,0,2,10,3,1,-1,-1,-1
1454188501288617,-3,-5,-19,-8,-1,-2,0,0
1454188501288617,-3,6,2,1,-4,-3,-3,-3
1454188501302632,0,-7,-6,-13,-3,0,0,0
1454188501302632,-1,0,3,15,3,-1,-1,0
1454188501303623,0,1,11,-1,0,0,1,0
1454188501303623,-3,3,-6,1,-1,1,-1,-1
1454188501326649,-2,-7,2,-2,-1,0,0,-1
1454188501326649,-1,-9,-5,-7,-5,-3,0,-1
1454188501326649,-2,0,2,1,1,1,-1,-1
1454188501326649,-2,-2,-4,0,0,-2,-2,0
1454188501348645,0,2,0,1,-1,-1,-1,0
1454188501348645,-1,-1,-7,-2,-1,1,-2,-1
1454188501349646,-3,-5,9,-2,-5,-7,-2,-2
1454188501349646,-2,2,-7,0,0,7,-1,-2
1454188501362710,2,5,0,3,0,-2,0,0
1454188501362710,-6,-13,-24,-8,-1,-3,0,-3
1454188501363658,-1,5,8,2,1,-4,-1,1
1454188501363658,2,-1,7,1,3,6,1,2
1454188501386695,0,0,-2,-1,-1,-3,-2,0
1454188501386695,-1,1,7,-2,-2,-2,1,-2
1454188501386695,-5,-1,-8,0,1,-2,0,-2
1454188501386695,-1,2,-2,-1,-4,-5,0,-1
1454188501408692,-2,-3,9,1,0,0,0,-2
1454188501408692,1,6,-2,-3,-2,-4,-1,1
1454188501409691,-2,-6,1,2,1,5,-2,0
1454188501409691,0,-2,5,-1,-4,-3,-1,-1
1454188501422753,-1,-3,-16,-4,2,1,0,-2
1454188501422753,-1,-1,-1,-2,1,1,1,-3
1454188501423700,2,-3,-3,-1,-3,-2,0,-1
1454188501423700,2,-2,-8,0,-5,-7,-1,-1
1454188501446759,-1,6,6,1,1,0,0,0
1454188501446759,-2,-1,-4,-4,-5,-3,-3,-2
1454188501446759,1,0,12,1,4,2,0,0
1454188501446759,0,-4,-22,0,2,0,-1,0
1454188501468786,0,-2,0,-6,4,-6,0,0
1454188501468786,2,5,5,4,-10,-1,-2,3
1454188501469734,1,4,-1,1,0,2,0,-2
1454188501469734,-2,5,5,-3,-2,-2,-1,0
1454188501482795,-2,-9,-5,1,-1,-5,-1,-3
1454188501482795,-4,-3,0,-8,0,-4,-1,-3
1454188501483756,3,-1,8,0,-1,-1,-1,1
1454188501483756,-3,-1,-2,3,1,0,-2,-2
1454188501506772,-5,4,2,0,-7,0,-2,-1
1454188501506772,0,-4,2,1,-3,-1,-1,1
1454188501506772,0,9,-1,-4,-3,-3,0,0
1454188501506772,-2,-12,-14,-7,-1,-4,-2,-3
1454188501528792,1,0,-2,6,2,2,-2,-1
1454188501528792,1,0,2,-1,4,1,-3,-2
1454188501529792,-2,4,0,-2,-3,-6,-1,-2
1454188501529792,1,0,7,-1,-2,3,1,0
1454188501542802,-1,-4,-5,-4,-5,0,-2,-1
1454188501542802,-2,-2,-8,-2,1,0,0,-1
1454188501543798,0,1,7,1,3,2,1,-1
1454188501543798,-1,0,1,3,1,-2,-1,-3
1454188501565817,1,-1,4,-4,-1,-3,-2,-2
1454188501565817,-7,-1,0,2,1,3,-1,-2
1454188501566800,0,2,5,1,-4,-5,-3,-1
1454188501566800,-4,-7,-22,-8,0,1,-3,-1
1454188501588870,1,-5,9,11,0,2,2,-1
1454188501588870,0,2,-9,-7,-2,-1,1,-1
1454188501589852,1,-4,4,-2,1,-2,-1,0
1454188501589852,1,1,4,1,0,0,-1,1
1454188501602827,-4,-1,-2,-5,-3,-3,0,-1
1454188501602827,3,0,7,0,1,-1,0,1
1454188501603825,-5,-9,-3,-3,-3,0,-2,-3
1454188501603825,-1,-1,5,-4,-3,-4,-1,0
1454188501625896,0,7,-7,-5,0,3,-2,2
1454188501625896,2,-7,4,5,-1,-2,-1,0
1454188501626858,0,-2,-10,-1,1,0,-1,-1
1454188501626858,-2,6,9,2,1,-1,0,-2
1454188501648917,-1,-3,9,-5,-4,-1,-2,-1
1454188501648917,0,-4,-15,-4,-1,-1,0,-2
1454188501649896,-3,0,16,-2,-1,1,-2,0
1454188501649896,-3,-1,-7,-3,-3,-3,0,1
1454188501662960,1,-8,-1,3,0,-1,-1,1
1454188501662960,-1,6,15,1,-2,0,0,-1
1454188501663903,-4,-5,-6,2,4,-3,-2,-2
1454188501663903,2,1,4,4,0,3,1,0
1454188501686055,-3,-4,-4,-6,0,-1,-2,-5
1454188501686055,3,3,-1,2,3,1,0,0
1454188501687003,-3,-8,-9,-4,-5,-4,-1,-3
1454188501687003,-3,0,2,-2,-3,-1,-1,-2
1454188501709077,4,3,-6,-5,-3,3,-2,1
1454188501709077,0,-1,-3,6,1,-2,-1,-1
1454188501710073,-1,5,-1,2,1,1,2,0
1454188501710073,-2,-6,-3,0,2,-1,-1,0
1454188501723048,-1,2,0,0,-3,-2,-1,-1
1454188501723048,-5,-6,-8,-8,-5,-3,-4,-3
1454188501724048,2,6,9,2,-3,1,-1,1
1454188501724048,1,-4,-16,-2,-1,-1,0,-2
1454188501746152,-4,0,5,-1,-1,-2,-2,-1
1454188501746152,-2,3,3,-1,0,-2,-4,-2
1454188501747096,1,-3,-5,2,-1,0,0,-1
1454188501747096,-2,-2,-3,-4,-3,-4,-1,-2
1454188501769176,-2,-1,9,5,3,2,2,-1
1454188501769176,-1,-2,-10,-1,0,0,-1,1
1454188501769176,-3,-4,2,-2,-3,0,-1,-2
1454188501769176,2,2,0,-7,-1,0,-1,-2
1454188501783178,1,1,6,8,8,-1,-1,0
1454188501783178,0,0,1,-2,-6,-2,0,-1
1454188501784125,-4,-3,-10,-4,0,0,-1,-2
1454188501784125,-4,-5,3,-3,-4,-4,-2,0
1454188501805192,2,-5,-10,-2,-3,-1,-1,1
1454188501805192,0,4,-1,-3,-2,-1,-1,-1
1454188501806146,1,1,-10,-4,-1,-2,-1,-1
1454188501806146,0,1,9,12,6,2,0,0
1454188501829270,-2,-1,-1,-3,-1,-2,0,-2
1454188501829270,0,-2,-3,-1,-2,1,0,1
1454188501829270,-3,-3,-4,-2,-5,0,-1,-1
1454188501829270,-1,-1,12,-2,-2,-3,-1,-3
1454188501843270,-3,0,-20,-3,-3,-2,-1,-2
1454188501843270,0,0,8,1,-1,-3,1,-2
1454188501844272,-1,-4,-22,-3,-1,-1,-1,-2
1454188501844272,1,2,4,3,1,1,-3,-1
1454188501865428,-3,-7,5,4,-1,-2,-2,-2
1454188501865428,-5,-7,-6,-4,1,-2,-2,0
1454188501866383,-1,2,5,-2,-2,0,-1,-1
1454188501866383,0,-2,-9,-1,-3,0,-2,0
1454188501888530,-1,2,-1,0,0,-1,-1,-1
1454188501888530,0,2,10,5,1,0,-1,2
1454188501889490,-4,-10,-9,-5,-1,-1,-1,-2
1454188501889490,0,5,3,-3,-3,-3,-2,1
1454188501911509,-3,-3,4,0,-4,-5,-2,-2
1454188501911509,2,6,-8,-7,2,3,1,-2
1454188501912508,-3,-1,2,0,-2,-2,-4,-1
1454188501912508,-2,-5,10,6,0,0,0,-2
1454188501925612,-4,-3,-8,-9,-3,-1,-2,-1
1454188501925612,0,-5,-1,0,-2,-2,-1,-2
1454188501926555,0,2,3,-1,-2,-2,1,2
1454188501926555,-2,-3,1,-4,-2,-3,0,-3
1454188501948584,2,0,7,8,3,1,-3,1
1454188501948584,-3,2,-6,-2,-2,-2,-3,-3
1454188501949570,-2,1,-1,-3,-1,-1,-1,-1
1454188501949570,0,5,12,3,1,1,2,0
1454188501962599,7,2,3,-1,-1,-3,1,0
1454188501962599,-9,-15,-12,1,0,0,1,-4
1454188501970660,1,-4,-11,-4,-5,-2,-1,-1
1454188501970660,1,1,2,2,0,-2,-1,0
1454188501985667,-2,7,-6,-12,-8,3,0,-1
1454188501985667,3,3,-3,7,1,-2,0,1
1454188501986670,-4,-9,9,3,0,-3,-1,-3
1454188501986670,-2,6,8,-3,-1,-1,-1,0
1454188502008685,0,-3,-30,-3,-1,-3,-2,-1
1454188502008685,2,1,1,-1,-1,0,-2,2
1454188502009664,-3,-3,13,4,1,0,0,-3
1454188502009664,2,3,-7,-8,0,0,-2,-1
1454188502022692,-8,-1,9,2,-1,-1,0,-3
1454188502022692,1,-6,0,-5,-3,-2,-2,-2
1454188502037702,2,0,3,3,1,0,1,1
1454188502037702,-5,-8,-16,-4,-4,-3,-2,-1
1454188502045709,2,0,12,1,0,1,1,-1
1454188502045709,1,3,-13,-2,-3,-3,-1,0
1454188502046708,0,1,4,3,1,2,-1,-1
1454188502046708,-3,-6,14,0,-2,0,-1,-1
1454188502068775,-4,-7,-16,-4,-3,-2,-2,-2
1454188502068775,-2,-2,8,-5,-3,0,-2,-1
1454188502069773,3,1,-11,-2,-2,-3,-1,-1
1454188502069773,-1,4,-4,3,-1,1,-1,-1
1454188502082839,-5,-6,15,5,1,0,-1,-1
1454188502082839,-1,-5,-17,0,-1,0,0,-2
1454188502090808,-3,2,7,0,-1,-1,1,0
1454188502090808,-4,-4,-43,-5,-4,-1,0,-2
1454188502105818,-1,2,6,-3,-3,-4,-4,-1
1454188502105818,-1,-2,-3,0,-1,-1,-2,-2
1454188502106810,3,4,-11,3,2,2,-2,0
1454188502106810,-2,0,4,-3,-4,-5,-3,-1
1454188502128907,-2,-5,-7,1,0,1,-1,0
1454188502128907,-3,-4,19,-6,-1,1,1,-3
1454188502129907,2,5,-20,-5,-4,-4,-1,3
1454188502129907,-2,-9,2,4,1,2,2,-2
1454188502142911,8,31,18,1,-3,-1,0,1
1454188502142911,2,-11,-2,1,2,1,0,-2
1454188502150934,-1,1,4,-1,1,3,0,0
1454188502150934,-5,3,11,3,-3,-5,-4,-2
1454188502165969,10,8,-21,-9,2,4,3,2
1454188502165969,5,13,6,6,2,-2,-2,-2
1454188502165969,-2,-5,6,-4,0,1,1,1
1454188502165969,1,2,-16,-5,0,-1,-4,-1
1454188502188998,0,0,40,5,-1,0,-1,-2
1454188502188998,-6,-6,-25,-6,-7,-4,-1,-3
1454188502190000,4,13,19,2,-6,-9,-4,1
1454188502190000,10,-3,4,1,5,6,4,4
1454188502201952,-10,-18,-26,1,-1,1,1,-3
1454188502201952,-1,-11,6,-14,-5,-2,0,0
1454188502210978,-3,6,23,-1,-3,-4,-2,-3
1454188502210978,5,9,2,3,-1,-5,-3,0
1454188502225989,6,8,-12,6,4,0,-3,1
1454188502225989,-2,-1,-10,1,2,1,0,1
1454188502226872,-4,-4,3,0,-4,-3,-4,-4
1454188502226872,-6,-17,-35,-9,0,3,2,-2
1454188502248947,-3,-3,22,-2,1,0,-2,-1
1454188502248947,-8,-7,-1,-5,-5,-4,-3,-6
1454188502249946,3,-7,-17,-3,4,5,4,2
1454188502249946,-3,0,-4,-3,-3,-1,-2,-1
1454188502262915,-5,-9,-10,-7,-4,-3,0,-2
1454188502262915,-4,11,39,10,1,-1,-2,-3
1454188502270925,-4,-17,-39,-13,-8,-9,-7,-7
1454188502270925,1,-1,-1,5,3,2,0,0
1454188502286019,-4,5,14,4,-1,-5,-2,-3
1454188502286019,7,12,14,-3,-1,3,6,5
1454188502286019,3,7,-3,2,1,2,0,-3
1454188502286019,-5,-6,18,-4,-8,-8,-6,-8
1454188502309121,-8,-9,-17,-9,-4,-4,-4,-4
1454188502309121,-1,-1,-6,8,3,-2,0,0
1454188502310082,-4,-2,0,-8,0,2,1,2
1454188502310082,-1,15,30,8,3,-2,-2,-1
1454188502331136,-1,-23,-12,-2,4,12,6,1
1454188502331136,-3,-6,-10,-4,-2,-2,-2,0
1454188502332082,3,12,-5,2,1,-1,-3,0
1454188502332082,3,8,32,4,-2,-4,-1,-1
1454188502346108,1,3,-6,-3,-3,-4,-3,0
1454188502346108,-1,-8,-6,3,4,3,1,-1
1454188502346108,1,8,5,4,0,-1,-2,2
1454188502346108,5,-3,-16,-9,-5,0,-2,-2
1454188502369209,-3,-10,-11,-6,-1,2,3,0
1454188502369209,2,11,2,2,0,0,-1,-1
1454188502369209,-4,-20,3,-1,0,0,-1,-2
1454188502369209,8,5,-37,-4,-1,0,3,2
1454188502391229,-2,-8,5,-2,-5,-5,-4,-1
1454188502391229,-4,-10,18,-1,1,5,3,1
1454188502392211,1,10,2,3,-1,-4,-1,-1
1454188502392211,-13,-26,10,-5,0,3,-1,-3
1454188502405276,4,12,-14,3,4,2,2,4
1454188502405276,-17,-28,-9,-8,-11,-10,-10,-7
1454188502406237,5,-6,7,-4,5,7,6,4
1454188502406237,0,7,-6,-1,5,7,5,3
1454188502428377,3,5,-2,-4,-8,-5,-6,-4
1454188502428377,-1,7,6,0,-1,-3,-1,-3
1454188502429323,-9,-2,16,7,-1,-2,-4,-5
1454188502429323,3,0,-14,-5,-4,0,0,2
1454188502451363,1,-6,6,7,6,4,0,1
1454188502451363,9,18,18,2,-3,-6,-3,-1
1454188502452341,-3,13,1,3,1,1,1,1
1454188502452341,6,4,-18,5,6,6,4,2
1454188502465367,-8,-11,10,0,-2,-1,-2,-3
1454188502465367,3,8,5,3,-1,-1,-3,0
1454188502466350,6,17,-7,14,1,-6,-7,-4
1454188502466350,8,10,-7,-15,-6,-2,1,0
1454188502488384,6,22,9,4,-6,-9,-4,-1
1454188502488384,0,0,-28,-3,2,1,2,0
1454188502489365,4,6,8,6,7,4,3,2
1454188502489365,-4,-3,23,3,2,-1,-2,2
1454188502511401,-11,-8,-7,5,-2,-4,-5,-5
1454188502511401,-5,-19,-14,-8,-4,1,0,1
1454188502512419,-2,-4,3,-11,-6,-2,-1,-2
1454188502512419,-2,11,7,5,-5,-9,-7,-4
1454188502525496,1,4,-11,-7,1,1,5,2
1454188502525496,-3,5,8,5,0,-2,-3,-1
1454188502526444,-11,-44,-33,-18,-4,4,2,-3
1454188502526444,-4,-1,5,2,-3,-3,-1,0
1454188502548598,-11,-23,-13,-11,-6,-5,-4,-5
1454188502548598,2,7,-12,-2,3,6,1,3
1454188502549556,-1,-3,-2,-2,-4,-3,-4,-4
1454188502549556,5,2,3,-3,-1,-1,0,0
1454188502571579,-9,-1,33,-2,-12,-14,-10,-7
1454188502571579,5,-14,-26,-6,11,17,12,7
1454188502572561,1,12,31,1,-1,1,0,1
1454188502572561,1,14,-4,11,2,0,-1,1
1454188502585569,-13,-21,51,-15,-11,-8,-6,-6
1454188502585569,-1,4,16,9,1,-3,-2,-2
1454188502586569,7,1,-24,-6,-3,-1,0,3
1454188502586569,-4,0,21,2,0,-1,0,-2
1454188502608605,14,7,-19,10,13,11,8,6
1454188502608605,3,6,-1,-4,-5,-3,-2,0
1454188502609596,-6,-10,1,1,1,1,-1,-1
1454188502609596,9,9,-9,-4,-4,-6,-5,-1
1454188502631620,12,4,-20,-9,0,2,1,4
1454188502631620,-11,-5,4,-5,-6,-5,-7,-5
1454188502631620,6,8,2,8,6,6,2,3
1454188502631620,-4,0,-5,1,-1,-4,-2,-4
1454188502645720,6,-1,-13,3,8,6,6,5
1454188502645720,5,7,1,0,-1,-1,0,3
1454188502646702,-8,-3,-1,1,1,0,-2,-4
1454188502646702,-6,-8,-11,-7,-4,0,0,-2
1454188502668767,1,10,10,5,0,1,-1,1
1454188502668767,2,-2,-4,2,0,-4,-1,-2
1454188502669805,-8,-14,-1,-7,-4,-2,-1,-3
1454188502669805,-9,-16,0,-6,-3,-1,-2,-1
1454188502691799,3,15,-5,9,3,1,0,2
1454188502691799,4,3,8,-4,-4,-7,-3,-1
1454188502691799,-1,1,-11,-4,-2,-1,1,-1
1454188502691799,-3,-6,23,1,0,1,1,-2
1454188502704812,-3,-4,-36,-7,-3,-2,-2,-1
1454188502704812,0,4,5,1,-1,0,-2,-3
1454188502712816,1,-8,-3,-1,-1,-2,0,0
1454188502712816,-3,-6,-3,-2,0,-1,-1,0
1454188502728829,1,0,-1,4,1,0,0,-1
1454188502728829,-1,1,5,-2,-5,0,-1,-2
1454188502729829,3,4,-4,-3,-5,-5,-4,-1
1454188502729829,-5,-7,-9,-1,2,0,0,-2
1454188502750880,-4,0,6,1,-3,-3,-2,-3
1454188502750880,-1,-1,-20,-3,-2,0,1,0
1454188502751824,1,3,2,-6,-3,-3,-1,0
1454188502751824,-4,-7,3,1,-1,2,-1,-2
1454188502765890,-4,-2,-9,-1,0,0,-2,-4
1454188502765890,0,5,7,1,3,0,2,1
1454188502766851,1,1,-25,3,-1,-1,0,0
1454188502766851,-1,-1,0,-1,0,2,-1,0
1454188502788871,0,1,-1,-3,-4,-4,-1,-2
1454188502788871,-3,-4,-1,-4,-3,-1,-4,-2
1454188502789872,0,1,17,2,-1,-2,-1,-3
1454188502789872,-1,-2,-6,-2,-1,0,0,0
1454188502810885,2,4,2,-1,-1,-1,0,0
1454188502810885,-2,-7,-14,0,-1,-3,-5,-3
1454188502811868,-3,1,5,0,3,1,-2,-1
1454188502811868,-5,-3,-12,-2,-4,-3,-2,-2
1454188502825896,-3,-8,-4,-3,-2,-1,1,-3
1454188502825896,-1,0,8,1,-3,-3,-2,0
1454188502826889,-4,-12,-8,-2,-1,0,-3,-2
1454188502826889,-2,2,2,1,0,-2,-3,-3
1454188502847911,-2,-3,3,-2,-4,-1,-1,-2
1454188502847911,7,1,-4,2,1,-1,0,-2
1454188502848893,-6,-4,-7,-3,-4,-2,-1,-1
1454188502848893,2,0,6,-1,1,0,1,0
1454188502871013,-15,-9,-12,-2,-1,-1,-3,-3
1454188502871013,3,3,1,-1,-1,-1,0,-1
1454188502871973,5,8,19,2,-1,-3,0,1
1454188502871973,-1,-1,-7,-2,0,2,0,0
1454188502885991,3,2,8,-2,-1,-6,-2,0
1454188502885991,-4,-2,-14,-4,-3,-4,-2,-2
1454188502885991,-1,8,19,4,1,3,0,-2
1454188502885991,1,-4,-5,1,1,-1,0,2
1454188502908040,3,2,-17,-3,-2,0,0,-2
1454188502908040,-3,-6,9,-2,2,-1,-1,0
1454188502908985,2,-2,-1,-6,-5,-6,-1,-2
1454188502908985,-3,1,-3,2,1,2,-1,0
1454188502931140,3,4,4,-1,-1,1,-1,2
1454188502931140,-1,-1,-1,-2,-2,-4,0,-2
1454188502932086,0,0,3,1,-2,-1,-4,0
1454188502932086,-1,0,3,0,0,0,1,-1
1454188502945150,-4,-3,4,1,-1,-2,0,0
1454188502945150,0,2,-2,0,-2,6,1,-1
1454188502953202,0,0,-5,-1,-3,-2,-4,0
1454188502953202,-2,2,13,-5,-7,-8,-2,-1
1454188502968205,3,0,7,6,6,2,1,0
1454188502968205,0,8,9,1,-1,-2,1,0
1454188502969213,2,0,-24,-3,2,2,0,-1
1454188502969213,-3,-1,-3,1,-3,-6,-1,-1
1454188502991269,2,-5,1,-2,-2,-2,-2,0
1454188502991269,-2,-3,-1,-3,-6,-3,-2,-1
1454188502992214,0,-3,3,2,0,-5,2,-1
1454188502992214,0,0,-7,2,4,3,1,0
1454188503014239,-4,1,5,-3,0,4,-2,-2
1454188503014239,-1,0,-2,2,1,0,-1,-2
1454188503014239,-4,-1,-14,-4,-5,-6,-4,0
1454188503014239,1,-5,3,-1,-5,-8,1,-1
1454188503028332,1,3,-3,0,0,7,-2,0
1454188503028332,-2,-2,-3,-3,-1,0,1,-2
1454188503029334,0,0,4,1,2,2,0,1
1454188503029334,2,0,-3,1,-3,-2,-2,0
1454188503051348,1,0,-4,-2,-4,1,-2,-1
1454188503051348,-3,-4,1,1,0,0,-1,-1
1454188503052308,2,3,1,-3,-3,1,1,0
1454188503052308,1,4,-18,-5,-2,-2,-1,-3
1454188503065323,-9,-1,1,-2,-4,-6,1,-2
1454188503065323,11,5,2,4,0,1,-2,1
1454188503073327,2,1,3,-2,-4,0,1,-2
1454188503073327,-1,-2,11,-5,-1,-1,-1,-1
1454188503088321,5,7,10,5,2,11,-4,-1
1454188503088321,-7,-6,-30,-4,1,0,1,1
1454188503089331,-5,-3,-2,-2,-3,0,-1,-3
1454188503089331,6,-3,2,3,2,2,-3,-1
1454188503111355,-3,-1,4,-1,-2,-5,1,-1
1454188503111355,-3,-1,4,-1,0,-5,-3,-1
1454188503112356,-1,-3,-2,-3,0,2,-2,1
1454188503112356,-5,-4,-8,-2,-2,-3,-1,-1
1454188503125399,0,-7,-6,-3,-2,-2,-1,-3
1454188503125399,0,-3,1,0,-1,-2,-1,-2
1454188503140413,-5,-2,1,-4,-3,-4,2,-3
1454188503140413,-11,0,2,7,4,4,1,0
1454188503148451,11,-2,-9,-3,0,-7,-3,0
1454188503148451,-5,7,9,-6,-5,-2,-1,-2
1454188503149412,-10,-7,-6,1,0,-1,0,-2
1454188503149412,-2,-8,1,-4,-4,4,-4,-3
1454188503171569,1,-1,15,-1,0,0,-8,0
1454188503171569,-2,5,3,3,8,7,4,-3
1454188503172523,0,0,6,3,-2,-2,-8,0
1454188503172523,3,4,1,-1,-2,0,2,-3
1454188503184631,-5,-1,5,0,-2,-4,40,8
1454188503184631,-1,-2,4,-7,-5,-1,-6,-2
1454188503193633,-6,2,-17,-1,2,1,38,0
1454188503193633,6,11,-5,-2,-2,-4,-34,-3
1454188503207657,-1,-17,3,-3,-2,-2,-10,-2
1454188503207657,-1,-2,-3,0,0,-2,-6,-2
1454188503209319,-4,4,-3,-1,-2,2,-1,-4
1454188503209319,-6,-10,10,-1,-3,-8,5,-2
1454188503231391,3,14,-17,6,10,9,-1,-2
1454188503231391,2,-8,-7,-5,-2,-4,-1,1
1454188503232374,6,-2,8,-3,-3,-1,-12,-1
1454188503232374,1,1,-2,-2,-1,-2,5,1
1454188503253353,-2,3,-1,0,-2,-4,-5,-2
1454188503253353,10,8,23,4,-1,-3,-1,0
1454188503254353,2,-5,-42,-1,-1,-1,-7,-1
1454188503254353,2,4,16,-3,-2,2,5,-2
1454188503268425,-4,-1,6,1,1,-1,-4,-3
1454188503268425,-6,2,-3,3,3,-3,-2,0
1454188503269364,-11,-11,10,-1,-3,-4,-4,-1
1454188503269364,-1,-2,-9,-1,-1,-6,-1,-2
1454188503291398,-7,-6,-14,-6,-6,-8,-8,-4
1454188503291398,0,0,6,4,-3,5,0,-1
1454188503292400,4,-1,-19,-2,1,0,-7,0
1454188503292400,-1,-5,-1,3,1,1,4,3
1454188503313450,1,3,5,-1,-2,0,-2,-1
1454188503313450,-6,-2,-9,-2,0,-3,-1,-2
1454188503314410,-1,-6,1,-1,-4,-4,-2,-1
1454188503314410,-2,1,28,-1,0,9,-1,-2
1454188503328508,-3,1,-7,-5,-2,-3,-1,-1
1454188503328508,-5,1,-4,4,2,0,1,1
1454188503328508,5,-2,10,1,-3,-2,-5,0
1454188503328508,5,4,-11,1,4,3,3,1
1454188503351613,12,10,24,0,-5,0,-5,-2
1454188503351613,-4,-13,-21,-6,-3,0,-2,-2
1454188503352575,4,9,30,4,0,0,-1,1
1454188503352575,-1,-10,-56,-6,-3,-7,3,1
1454188503373629,-3,0,-1,-3,-4,-2,-1,1
1454188503373629,0,-6,-6,-1,-2,-11,0,-3
1454188503374578,17,1,11,1,4,8,-4,-1
1454188503374578,-2,-11,1,-5,-9,-2,-3,-1
1454188503388600,2,15,-7,-1,3,9,1,1
1454188503388600,-10,-28,-6,-4,-5,-3,-2,-2
1454188503388600,-12,7,3,-2,-1,-1,0,-5
1454188503388600,-2,2,2,2,4,3,1,0
1454188503411706,-1,-1,-1,-2,1,-4,-2,-3
1454188503411706,-4,5,5,2,-1,1,0,1
1454188503411706,-1,-3,-4,-4,-2,0,-1,1
1454188503411706,-1,0,11,0,-2,-4,-3,-1
1454188503433685,-7,-4,-13,-2,0,-4,-1,-3
1454188503433685,0,-10,0,0,2,3,0,-1
1454188503434667,-3,-3,-3,-1,-2,-4,-1,0
1454188503434667,-15,0,2,2,2,3,0,-1
1454188503447694,-3,-9,4,-1,-3,-1,-1,0
1454188503447694,0,4,-7,-2,-5,-7,0,0
1454188503448686,2,4,4,0,-4,-3,-6,-2
1454188503448686,-1,-4,3,8,9,9,-5,-5
1454188503471742,3,-3,5,-2,-3,-2,1,1
1454188503471742,-9,6,-17,-4,-3,-1,1,-2
1454188503471742,-4,-8,1,-5,-5,-3,0,-2
1454188503471742,-3,-3,-14,-11,-7,-8,-1,-1
1454188503493811,1,-4,12,14,3,-1,-2,-1
1454188503493811,2,3,-21,-2,-1,2,0,2
1454188503494759,-3,-2,26,-2,1,-2,0,-1
1454188503494759,-5,-2,2,-6,-3,-1,0,0
1454188503507786,0,-4,-11,7,1,1,2,1
1454188503507786,10,2,14,0,0,-3,-2,0
1454188503508766,-10,1,-12,1,2,3,-1,-1
1454188503508766,5,-1,-1,-4,-1,-3,0,-1
1454188503530851,-2,2,1,-7,-4,-8,-1,-3
1454188503530851,1,4,4,1,-1,4,-3,-1
1454188503531833,-3,-3,-4,3,6,1,2,0
1454188503531833,0,-1,-2,-1,-4,-1,-1,-2
1454188503553849,8,-5,-7,-3,-2,-7,-3,1
1454188503553849,2,0,-2,-6,-6,-7,0,-2
1454188503554868,-1,1,1,-3,-2,0,0,0
1454188503554868,4,-2,1,1,-3,-4,1,0
1454188503568542,-3,-3,4,1,3,4,-2,0
1454188503568542,-7,-13,-13,-2,-1,2,-2,-2
1454188503568542,1,2,5,-2,-2,-1,-3,-2
1454188503568542,0,0,-3,-6,-4,-7,1,-2
1454188503591615,-4,1,1,4,1,7,-1,-1
1454188503591615,2,8,22,3,4,4,-1,1
1454188503592576,1,0,-19,0,1,-1,0,-2
1454188503592576,-4,-8,-2,-3,-4,-3,-3,0
1454188503613594,-4,-1,-8,-7,-5,-1,0,-1
1454188503613594,-1,-2,10,-2,-4,-3,1,-2
1454188503614575,0,0,-4,5,5,3,0,0
1454188503614575,6,3,-1,1,1,-1,-2,-1
1454188503628621,-5,-6,-3,-4,-1,-3,-3,-2
1454188503628621,4,6,-1,-1,-2,2,-3,-1
1454188503628621,-3,-7,1,-3,-2,-5,-2,0
1454188503628621,3,5,-1,3,-1,3,3,0
1454188503651654,-15,-12,-11,-3,-2,-4,-1,-3
1454188503651654,-6,-2,12,0,2,1,-1,-2
1454188503652638,-1,-1,-7,-1,-1,4,-3,-3
1454188503652638,-6,-1,26,9,4,1,2,-1
1454188503673670,-2,-4,-24,-8,-2,-2,-1,-1
1454188503673670,3,6,10,-4,-3,-2,-3,-1
1454188503674670,-2,-9,-2,-1,-3,-4,-1,-2
1454188503674670,3,5,7,5,1,1,2,1
1454188503687697,6,4,1,-2,-2,0,0,0
1454188503687697,-10,-3,-6,-2,-2,0,-1,-3
1454188503688711,3,8,5,-1,-3,0,1,1
1454188503688711,1,-8,-18,-3,-1,-1,-2,-1
1454188503711749,1,1,4,-2,1,-1,1,1
1454188503711749,10,-6,-9,7,3,4,-2,0
1454188503711749,-12,-5,0,-3,-5,-2,-1,-2
1454188503711749,2,0,-8,-1,-3,0,-2,-1
1454188503733786,-1,2,1,-3,-3,-7,-1,-1
1454188503733786,1,0,7,0,1,-4,1,1
1454188503734731,-1,1,-8,-1,1,-1,0,0
1454188503734731,-3,-2,-10,-2,2,-1,0,-1
1454188503747758,3,1,14,-1,-3,4,-2,-2
1454188503747758,-1,8,-29,-4,-4,-4,-1,0
1454188503748739,1,2,6,4,1,-3,-1,0
1454188503748739,-5,4,8,-4,0,5,-3,-2
1454188503771807,-2,-3,-16,2,-1,-2,-1,-1
1454188503771807,2,-2,-6,-2,-1,-2,0,-1
1454188503771807,1,-3,7,0,-3,-2,0,-1
1454188503771807,0,-1,5,0,1,1,0,-1
1454188503793808,3,3,4,1,0,1,0,0
1454188503793808,-2,-6,5,-1,1,-3,-1,-2
1454188503794806,8,-1,-11,-2,-2,1,-1,-1
1454188503794806,-1,0,0,-3,-2,-4,-2,-4
1454188503807873,-3,-9,-3,3,0,1,-3,0
1454188503807873,-2,2,2,-2,1,1,0,2
1454188503808852,-1,0,9,-2,1,-1,-1,-2
1454188503808852,-5,-2,-10,-3,-2,-4,-2,-3
1454188503830923,1,-2,3,-8,-4,-2,-2,-2
1454188503830923,1,1,6,5,-5,-1,-2,1
1454188503831868,-9,-6,1,0,-3,0,-1,-2
1454188503831868,-3,3,5,3,3,3,-1,-1
1454188503853886,0,0,-21,1,1,-3,-1,0
1454188503853886,2,1,15,-2,3,2,0,0
1454188503854919,-4,-5,-10,-4,-3,-2,-2,-1
1454188503854919,-10,-10,-12,-6,-8,-3,-1,-2
1454188503867897,2,0,13,0,-2,0,0,0
1454188503867897,-2,4,-3,1,3,2,-4,-2
1454188503876045,7,-2,-1,0,1,0,0,2
1454188503876045,4,3,-4,0,-2,-3,0,0
1454188503891053,-5,0,5,-4,-3,-2,-2,-1
1454188503891053,-2,-1,-4,-4,-4,-3,-4,-2
1454188503891997,1,2,2,-1,-1,-2,-1,-1
1454188503891997,2,-1,8,1,-1,0,-1,0
1454188503914069,-2,-7,-25,-5,-1,-3,0,-1
1454188503914069,-6,-2,1,-3,-3,0,-1,-2
1454188503915019,4,1,-1,0,1,2,-2,-2
1454188503915019,-2,-12,-10,-3,-3,-1,-2,0
1454188503927132,0,4,7,4,3,3,2,0
1454188503927132,-3,-2,1,-1,0,-2,3,0
1454188503936098,1,-2,-16,-4,-4,0,-3,-1
1454188503936098,0,3,6,1,-2,-2,1,0
1454188503951147,-1,1,-1,-4,-1,-3,-2,-1
1454188503951147,0,1,2,4,3,1,0,-2
1454188503952093,-4,0,4,3,-2,-1,3,-1
1454188503952093,7,11,-3,2,1,0,0,0
1454188503974163,-6,-12,6,-8,-2,1,-3,-4
1454188503974163,2,3,-2,-3,-5,-4,-1,0
1454188503975126,2,-2,-1,-1,-1,2,-1,2
1454188503975126,15,12,1,-2,-2,-4,-2,0
1454188503987135,-2,5,8,2,2,1,-1,0
1454188503987135,2,-6,-19,-1,-2,-1,-1,-3
1454188503996124,0,2,6,1,-2,-2,-3,0
1454188503996124,-2,-9,-21,-3,-3,-1,-2,-2
1454188504011155,0,4,8,6,3,-6,1,-1
1454188504011155,2,-5,0,-4,0,3,-3,-1
1454188504012138,-4,-3,-2,-2,0,-1,0,0
1454188504012138,-7,-3,3,-1,-2,-4,-1,-3
1454188504034242,1,-2,0,2,4,3,-1,-2
1454188504034242,1,-5,-10,-2,-3,-1,-2,-1
1454188504034242,-1,2,0,-1,-1,-4,-2,0
1454188504034242,-4,2,2,-1,0,1,-1,0
1454188504047214,2,-3,-6,-2,-4,5,-2,-1
1454188504047214,-8,-1,8,1,1,-1,1,-3
1454188504055216,-1,1,-19,-1,0,0,-1,0
1454188504055216,-1,-1,-3,-3,-3,-4,0,0
1454188504071214,-5,1,8,-1,-2,-2,-3,1
1454188504071214,-3,-1,7,-2,-3,0,-1,1
1454188504072227,-3,-1,-4,-2,0,0,-1,-1
1454188504072227,-3,-6,6,2,2,2,-1,1
1454188504094273,3,3,-5,0,-1,-2,-2,-2
1454188504094273,-2,-2,4,-2,-3,1,-2,0
1454188504094273,0,0,1,-2,-2,-6,-1,-2
1454188504094273,1,-2,4,-1,1,0,-2,-4
1454188504107292,-2,-4,-3,-3,-5,1,-1,-2
1454188504107292,0,2,-3,0,-1,-5,-1,0
1454188504115379,2,-2,5,2,1,0,-2,-1
1454188504115379,-2,0,-3,-4,-3,-3,-2,1
1454188504130533,-1,-1,-4,5,1,1,0,-3
1454188504130533,-5,-2,-4,-7,-3,-4,0,-1
1454188504137533,-2,-2,11,4,-1,-2,-2,-1
1454188504137533,-4,-4,-14,-4,-4,1,-1,0
1454188504153599,2,1,-2,-3,-2,-2,1,1
1454188504153599,2,-1,-1,6,-2,0,-2,0
1454188504154544,1,6,0,-9,3,2,0,-1
1454188504154544,-3,-1,2,3,2,1,0,-1
1454188504167572,-2,3,-1,-6,-5,-1,0,-2
1454188504167572,-1,-10,-5,-4,-4,-2,0,-2
1454188504175579,-1,0,2,0,2,1,0,-1
1454188504175579,0,-1,-2,2,1,0,0,0
1454188504191626,1,-2,-4,-3,-3,-3,-3,-1
1454188504191626,1,5,2,0,1,0,1,-1
1454188504192587,0,-4,-1,3,-3,0,1,-1
1454188504192587,-2,-3,-1,-2,-2,-2,-3,-2
1454188504213642,-2,0,3,2,1,1,0,-1
1454188504213642,0,-1,-3,-1,-1,-1,-1,1
1454188504215591,-1,-4,-5,-3,-4,-4,-2,-1
1454188504215591,-1,-1,1,-1,-1,-2,-1,0
1454188504236736,-3,1,-1,1,-1,-4,-1,-2
1454188504236736,-1,0,-1,-1,0,4,0,-1
1454188504236736,-2,-1,-4,-5,0,-1,1,-2
1454188504236736,-1,0,1,1,1,-1,-1,-2
1454188504251698,-2,-2,0,-3,-1,-2,0,1
1454188504251698,-1,-1,0,-2,-1,-4,-2,-1
1454188504251698,-1,-1,2,-3,-1,1,-1,0
1454188504251698,-2,0,2,-4,-5,-2,-3,-3
1454188504273728,0,1,-1,4,4,-1,-1,0
1454188504273728,1,0,-3,-2,3,1,0,0
1454188504274729,-1,4,5,3,-2,-4,-1,-2
1454188504274729,-2,-10,-2,-3,-3,1,0,0
1454188504296745,-3,-2,5,0,0,0,1,0
1454188504296745,-1,0,-1,-4,-3,-4,-2,0
1454188504296745,-2,-1,-2,-1,1,-2,-1,-1
1454188504296745,1,2,0,-3,-2,-2,-1,-1
1454188504309754,0,0,7,-2,0,3,-1,-2
1454188504309754,-3,-4,-8,-3,-3,-1,-2,-2
1454188504318616,-3,-3,-1,-1,0,0,0,-1
1454188504318616,1,1,4,3,0,1,0,1
1454188504333684,-3,-2,-18,0,-3,-1,-1,0
1454188504333684,0,-1,6,0,-3,-1,0,0
1454188504335634,0,-3,-5,0,0,0,-1,0
1454188504335634,0,1,-2,-1,-1,-1,-2,0
1454188504356648,1,1,-1,2,0,-2,-1,0
1454188504356648,-1,-4,-2,2,1,-1,1,-1
1454188504357646,1,1,-2,-1,-5,-2,-2,1
1454188504357646,-3,-5,0,-2,-1,-1,-1,0
1454188504369693,1,-1,0,-3,-3,0,-1,1
1454188504369693,-1,5,-2,-3,-2,-3,-2,-1
1454188504378662,0,-2,5,10,8,3,0,0
1454188504378662,0,0,6,0,-2,-2,-1,-1
1454188504393691,-2,-3,-24,-5,-5,-3,-3,-1
1454188504393691,-1,3,4,0,-2,-2,-1,-1
1454188504395692,-2,-2,-14,-8,1,1,-2,-1
1454188504395692,0,2,0,5,-3,-2,1,0
1454188504416697,-1,0,15,1,0,1,-1,-1
1454188504416697,1,-2,-5,-2,-2,-1,-1,0
1454188504417692,-1,-5,3,-5,-6,-3,-3,-1
1454188504417692,-1,1,1,-1,0,2,0,0
1454188504429716,0,0,2,-1,0,-1,1,1
1454188504429716,-2,-2,6,0,-4,-2,-2,-1
1454188504438703,0,-2,0,-1,-2,-1,-2,-1
1454188504438703,-2,-1,-9,0,5,2,1,0
1454188504453770,-2,0,7,5,-1,-2,0,-2
1454188504453770,-2,0,-9,-7,-2,0,0,0
1454188504455717,-2,-1,-4,4,-2,-3,-1,-1
1454188504455717,-3,1,-5,-5,-1,-3,-2,-2
1454188504476818,-1,-1,-2,-4,-4,-3,-1,-1
1454188504476818,2,-2,1,1,2,1,-2,-1
1454188504477834,1,-1,0,4,4,3,2,-1
1454188504477834,2,1,3,0,1,-1,-1,0
1454188504489848,-1,0,-5,-4,-2,-1,-2,-2
1454188504489848,-1,0,-3,-2,-5,-4,-2,-1
1454188504498847,-1,1,3,-2,-3,0,-2,0
1454188504498847,-2,-3,-2,4,4,0,0,-2
1454188504513863,1,0,-2,-3,2,1,-1,-2
1454188504513863,-1,-1,1,1,2,0,0,-1
1454188504515845,-3,-2,-3,-3,-5,-2,-2,-1
1454188504515845,0,-1,-3,-3,-5,-3,-1,-1
1454188504535916,-1,-2,-2,-3,-1,-1,-1,0
1454188504535916,-2,0,4,4,2,1,0,-2
1454188504537876,1,1,6,0,-1,0,0,-1
1454188504537876,-1,-2,-18,-2,0,0,-2,2
1454188504549925,-3,0,11,-2,-4,-5,-2,-2
1454188504549925,-3,1,-10,-5,1,1,0,1
1454188504558891,-4,-6,4,3,-1,-2,-1,0
1454188504558891,1,2,3,-2,-3,-1,0,-2
1454188504573907,1,1,-1,2,1,0,1,0
1454188504573907,-2,1,0,-2,-1,0,0,-1
1454188504574906,-1,0,-4,-5,-3,-4,-1,-1
1454188504574906,-3,-2,1,1,3,1,1,-2
1454188504595958,0,-1,-5,1,2,0,0,-1
1454188504595958,-1,-3,0,5,0,1,0,1
1454188504597917,0,0,-8,-4,0,0,0,0
1454188504597917,0,-1,2,-4,-7,-4,-2,0
1454188504609969,1,-1,-4,-1,-1,0,0,0
1454188504609969,-2,-1,1,-2,-1,-3,-2,-2
1454188504618934,0,0,-2,-2,-1,0,-1,0
1454188504618934,-1,-2,-2,-4,-2,-3,0,0
1454188504633985,-3,-2,6,-1,-3,-2,-1,-1
1454188504633985,1,-5,-17,2,0,-1,0,-3
1454188504635946,-1,2,1,-1,1,-2,-2,-2
1454188504635946,-1,1,-1,-4,-2,1,-2,-2
1454188504656067,-2,-7,10,0,-1,-3,-1,0
1454188504656067,-2,1,-16,0,0,-1,1,-1
1454188504658033,1,3,-8,-3,-3,-1,-2,-1
1454188504658033,0,-4,0,1,1,0,2,0
1454188504670097,-1,3,-3,0,-1,1,1,-1
1454188504670097,-2,1,15,0,-1,-2,-4,-1
1454188504679049,-3,-6,-2,-5,-3,-3,0,-2
1454188504679049,0,2,-2,-1,0,-2,-1,-1
1454188504694112,0,0,-4,1,-1,-1,-1,-1
1454188504694112,0,0,2,-2,-1,-1,1,-2
1454188504695075,0,-2,0,1,1,0,-1,-2
1454188504695075,-1,-2,1,-4,-6,-1,-2,-2
1454188504716128,-4,-1,-5,3,1,0,-1,1
1454188504716128,-2,0,1,-5,0,-2,-2,0
1454188504718075,0,-1,0,3,1,3,-1,0
1454188504718075,-2,0,2,2,0,2,1,-1
1454188504730138,-3,1,-7,-4,-5,-2,-1,-1
1454188504730138,-1,-3,1,-6,-5,-2,-1,0
1454188504739091,1,-1,5,4,1,-1,-1,-1
1454188504739091,4,4,-1,0,0,-1,0,1
1454188504754156,-7,0,-3,-1,2,0,0,-1
1454188504754156,-2,-5,8,-3,-2,-3,-2,-1
1454188504755117,-4,-1,-4,-5,-2,-1,-1,0
1454188504755117,0,0,3,0,-2,-3,-1,0
1454188504776173,3,-1,-3,0,-1,-2,-2,0
1454188504776173,-1,-2,6,3,3,2,0,-2
1454188504778120,-1,0,-8,0,1,-1,1,-2
1454188504778120,-5,-4,1,1,0,0,-3,-1
1454188504790184,-2,-2,4,-6,-2,0,0,-1
1454188504790184,-1,-6,-5,4,-1,1,0,-1
1454188504799144,-1,2,-6,-4,-3,-2,-1,1
1454188504799144,-2,0,6,0,1,0,0,-2
1454188504814207,-1,-5,0,0,-4,-2,-1,-2
1454188504814207,1,-1,1,-3,-5,-1,-1,1
1454188504815159,-1,4,4,5,4,1,0,0
1454188504815159,0,-2,-4,-1,3,-1,-1,0
1454188504836214,-1,0,0,-4,2,-1,-1,0
1454188504836214,0,1,-3,0,-2,-1,0,0
1454188504838197,-2,-4,2,-4,-7,-5,-2,-1
1454188504838197,-4,-4,-3,0,0,-1,-2,-1
1454188504850223,0,-1,-4,2,1,1,-2,-2
1454188504850223,-1,0,-5,-1,0,-1,-1,-1
1454188504859177,-1,-1,6,-3,-3,-3,-2,-1
1454188504859177,-2,0,-8,-1,-2,-1,-1,1
1454188504874240,1,0,-5,-3,0,0,1,-1
1454188504874240,0,1,5,5,2,0,-1,-1
1454188504875201,-1,-1,-10,-1,1,-1,0,0
1454188504875201,0,0,3,0,0,-2,-3,-3
1454188504896220,1,-2,3,0,-2,-4,-3,1
1454188504896220,-1,4,-15,-4,0,-1,-2,-2
1454188504898222,-1,-8,-3,-4,-1,-1,1,-1
1454188504898222,-2,-10,1,3,-1,-1,-2,-1
1454188504910230,0,3,-3,-3,0,1,0,1
1454188504910230,-2,-2,9,-2,-2,-2,-1,-1
1454188504919237,2,2,-9,-2,3,0,-1,-1
1454188504919237,-3,2,-2,-6,-3,0,-2,-1
1454188504934269,-2,-1,2,0,-5,0,-2,-3
1454188504934269,-1,-7,-2,1,3,2,1,0
1454188504935250,-1,4,1,1,-1,0,-1,0
1454188504935250,-1,-1,-1,-1,-4,-2,0,1
1454188504956244,-1,0,-6,-2,-3,-2,1,0
1454188504956244,-1,3,-1,0,-1,-1,0,-1
1454188504958247,0,-3,0,1,-3,-4,-1,0
1454188504958247,0,-1,-1,0,2,1,1,-2
1454188504970291,-3,-3,-1,0,1,0,-2,-1
1454188504970291,-1,-2,-3,-5,-4,-3,-1,-1
1454188504979295,-1,-4,3,-2,-2,-2,-1,0
1454188504979295,0,1,-5,2,3,1,2,-1
1454188504994280,-2,-1,-5,-4,-1,0,0,0
1454188504994280,0,0,10,3,2,-2,0,1
1454188504995270,-3,2,4,6,2,1,-1,-3
1454188504995270,-1,-1,-7,-5,-4,-2,-2,-1
1454188505016305,0,-1,0,-3,-2,0,-2,-1
1454188505016305,1,0,6,-4,-1,-4,-3,1
1454188505018302,-1,0,-5,-1,-2,-2,1,1
1454188505018302,0,0,-5,-2,0,0,-1,-1
1454188505030350,-2,-1,-1,1,0,0,1,-1
1454188505030350,-3,-1,2,0,-4,0,-1,1
1454188505039316,-1,-2,4,-1,1,1,1,-2
1454188505039316,0,-1,1,0,-1,0,-2,0
1454188505053366,0,0,-1,1,1,1,-2,1
1454188505053366,-2,-3,-5,-2,-3,-3,-2,-4
1454188505055329,-2,-4,-2,-5,-1,0,-1,-3
1454188505055329,1,2,-1,-1,-4,-1,-1,-3
1454188505076383,-1,-4,-4,-3,-2,-2,-2,-2
1454188505076383,1,-1,-2,5,-4,-2,0,-2
1454188505082387,1,0,2,1,-1,2,1,0
1454188505082387,-4,0,2,-2,-3,-4,0,-1
1454188505090344,3,1,-1,1,-2,-2,-2,0
1454188505090344,-3,-1,-5,-3,4,1,0,0
1454188505099363,0,0,2,-2,-1,-1,0,-2
1454188505099363,-2,-1,8,3,-3,0,-1,-2
1454188505113373,-1,-5,-28,-5,-2,-1,1,-1
1454188505113373,-2,0,0,-2,-2,-1,-1,-2
1454188505115355,0,2,6,-1,-1,-2,-2,-1
1454188505115355,0,-4,-10,-1,0,-2,0,-1
1454188505136427,-3,-1,8,-1,-2,-2,0,-2
1454188505136427,1,0,5,-1,0,0,-1,1
1454188505138391,-4,-8,-14,-3,-1,0,-1,-2
1454188505138391,0,2,6,5,3,1,1,1
1454188505158443,0,0,5,2,-1,-1,-1,-2
1454188505158443,-2,-2,-4,-4,-4,-2,2,-1
1454188505160390,-2,3,7,-1,-3,-4,-2,0
1454188505160390,-1,-2,-4,-1,2,2,-3,0
1454188505173435,-2,-1,6,2,1,-1,0,-2
1454188505173435,1,0,-3,-1,2,2,0,-1
1454188505175401,-4,-2,-3,0,-5,-2,-3,-2
1454188505175401,-1,1,6,-7,-4,-3,0,0
1454188505196522,0,-5,-15,2,2,0,-1,0
1454188505196522,-1,1,5,1,1,-1,-2,-2
1454188505197526,-1,-2,-4,-4,-4,-2,-1,0
1454188505197526,0,0,1,-2,-3,-1,-1,0
1454188505218538,0,3,12,4,5,3,0,0
1454188505218538,-2,0,-2,-1,-1,-1,-1,0
1454188505220483,1,-2,-10,1,2,0,-1,-1
1454188505220483,-3,-1,-3,-4,-2,-5,1,-1
1454188505233511,-1,-1,-1,-4,-3,-3,-1,-2
1454188505233511,-1,-1,-4,-3,-2,0,-2,-1
1454188505239506,-3,-4,1,3,0,0,-1,-2
1454188505239506,0,-1,-2,-1,-3,-3,-3,-1
1454188505256509,-1,2,0,-5,-1,0,1,-1
1454188505256509,-3,-8,9,3,0,0,1,0
1454188505257563,2,5,-14,-2,0,-1,-2,1
1454188505257563,-1,-2,-1,3,1,1,0,0
1454188505278580,-1,1,16,0,-1,-1,0,-2
1454188505278580,-1,-2,-42,-7,-4,-4,-1,-1
1454188505280550,2,1,10,0,1,0,-1,-1
1454188505280550,-3,-3,-1,0,0,-1,-1,-1
1454188505292639,-2,-1,2,1,-1,-1,-1,-1
1454188505292639,0,2,3,-1,0,-1,-1,-1
1454188505301592,-5,-3,1,-3,2,1,1,0
1454188505301592,0,1,-6,-1,-4,-2,-1,-1
1454188505316656,2,-3,-2,0,-2,-2,-3,-2
1454188505316656,-3,-1,1,0,0,0,-2,-1
1454188505317604,-1,-4,-2,0,-1,-2,0,0
1454188505317604,-1,1,7,3,3,2,1,-2
1454188505338672,-2,0,-6,0,-2,-2,-1,-1
1454188505338672,-1,1,1,-2,-4,-2,-1,0
1454188505340618,1,0,4,-4,-4,-2,-1,-1
1454188505340618,-1,-1,1,6,-1,0,0,-2
1454188505352681,0,0,-3,1,-1,2,-1,0
1454188505352681,-1,0,2,1,2,-1,-1,-1
1454188505361738,-3,0,4,-2,-2,-2,-1,1
1454188505361738,-1,-1,2,-3,0,0,-1,-1
1454188505376783,0,-2,-3,-2,-1,0,-1,-1
1454188505376783,1,2,9,0,-4,-2,-1,-3
1454188505377783,-3,-1,1,1,-3,0,-2,-2
1454188505377783,-3,-4,-18,-2,0,-1,0,-2
1454188505398813,0,1,1,-2,-1,-1,-1,0
1454188505398813,-1,-2,-1,-5,-1,0,1,1
1454188505400815,-1,0,2,2,-3,-2,-1,0
1454188505400815,-1,-1,0,0,-2,0,0,-1
1454188505412825,1,-3,-1,2,0,0,-1,-2
1454188505412825,-1,-3,-6,1,3,-1,-3,-4
1454188505419829,0,-1,-2,-1,-2,0,-2,-1
1454188505419829,5,2,6,-4,0,-3,-2,1
1454188505435840,-6,0,-17,-4,-3,-2,-3,1
1454188505435840,0,-3,5,-1,-1,-2,-1,-1
1454188505437824,1,0,2,0,-2,-1,0,-2
1454188505437824,-1,-2,-4,-3,-1,-1,-1,0
1454188505458856,1,1,2,1,0,2,0,0
1454188505458856,-3,1,10,4,2,0,-1,0
1454188505460839,-1,-5,-17,-6,0,0,0,-1
1454188505460839,0,0,5,-3,-4,-4,-2,-2
1454188505472896,-2,-2,1,0,-1,-4,-2,0
1454188505472896,-1,-1,2,-2,-1,-1,1,0
1454188505479943,-1,1,1,2,1,1,0,-2
1454188505479943,-3,-2,-3,-3,-1,-2,-2,0
1454188505495954,-1,-3,5,-1,-4,0,0,-1
1454188505495954,-1,-3,-21,-3,-6,-3,-1,-2
1454188505497899,0,-2,0,-2,-2,-2,-1,-1
1454188505497899,0,-2,3,1,3,0,-1,0
1454188505518970,-3,1,-7,-2,-3,-2,-1,-2
1454188505518970,0,-3,2,0,-1,-1,-1,-1
1454188505519954,-1,-6,2,-5,-4,-2,-1,-3
1454188505519954,-2,-1,2,0,0,0,0,-1
1454188505532940,1,-2,4,-1,-1,0,-2,-1
1454188505532940,0,3,0,0,1,1,1,-1
1454188505541933,-1,3,-6,0,0,-2,2,0
1454188505541933,-3,-2,3,1,0,0,-1,-2
1454188505555996,-2,-2,2,-2,-1,-1,-1,-1
1454188505555996,1,3,-3,-3,-1,1,0,1
1454188505557941,1,1,11,3,0,0,-1,0
1454188505557941,-2,-2,-15,-2,0,-2,-1,-2
1454188505578977,-1,-2,-3,1,0,-3,1,-1
1454188505578977,-3,-2,4,1,-2,-2,-2,-1
1454188505579977,1,-3,-3,1,1,3,-2,-1
1454188505579977,2,0,-1,-2,-4,-3,-3,0
1454188505592024,-2,-2,-2,-2,1,-1,-1,-1
1454188505592024,-3,-2,-1,-1,-1,1,0,0
1454188505602026,2,-1,-1,-1,-1,-3,-1,-1
1454188505602026,-1,-1,-6,0,-1,-2,-2,-1
1454188505616054,-2,0,1,-1,0,0,0,-1
1454188505616054,-2,-3,-2,-3,-1,-1,1,-1
1454188505618056,-1,0,-3,-3,-2,-2,-2,-3
1454188505618056,0,-3,3,-1,-1,3,-1,-1
1454188505638070,1,0,6,1,4,0,2,-1
1454188505638070,0,1,3,0,-2,-1,-1,0
1454188505646063,-3,-3,-1,-5,1,-3,1,0
1454188505646063,0,-2,-2,-1,-3,-1,0,0
1454188505652078,-2,0,2,-1,0,2,-1,0
1454188505652078,-1,-1,-4,-2,-2,0,-2,-1
1454188505661120,-1,-2,-4,-1,-1,-2,-2,0
1454188505661120,-3,-1,4,-2,-1,-1,-1,-1
1454188505676177,-1,-1,-3,-2,-3,-2,-1,-1
1454188505676177,0,-2,1,1,-1,-3,0,-1
1454188505678177,-3,-2,-22,-4,-3,-3,-1,-1
1454188505678177,-2,0,-1,0,1,4,-2,-2
1454188505699194,1,-2,1,5,4,1,1,0
1454188505699194,2,-1,3,2,1,-1,-1,-2
1454188505700192,0,2,6,0,-1,-1,0,1
1454188505700192,-2,-1,-5,-4,-2,-2,-2,0
1454188505712203,-1,2,-4,-5,-6,-4,-3,-1
1454188505712203,-1,-5,-3,0,0,0,-1,-2
1454188505721242,0,-2,3,2,-1,1,-2,-1
1454188505721242,-3,-3,-4,-2,-3,-1,-1,-1
1454188505736269,1,1,6,0,-1,-2,-1,0
1454188505736269,-2,0,-6,0,-2,-2,-1,1
1454188505737582,-2,0,4,-3,0,0,1,-1
1454188505737582,-2,2,3,0,2,1,0,-3
1454188505758599,0,-3,-1,-5,-4,-3,-2,-1
1454188505758599,-3,-1,-2,-3,-2,-4,0,-2
1454188505760600,0,-2,-1,2,1,1,-3,0
1454188505760600,-2,1,2,2,-2,-3,0,-2
1454188505772666,-1,-2,-6,-3,-1,0,0,0
1454188505772666,1,-2,-4,-2,1,1,0,1
1454188505781679,-3,1,1,1,-2,-1,0,-1
1454188505781679,2,-1,-4,-3,0,-1,-2,-2
