Starting time:1454187268234148
Ending time:1454187279050672
1454187268234148,-1,-1,1,1,2,-2,1,-1
1454187268234148,-1,-1,-3,0,-1,-2,-1,0
1454187268236126,0,-3,-1,-2,-1,1,-3,0
1454187268236126,0,-2,-3,-3,-3,-2,-2,-1
1454187268257171,-2,-1,0,1,-2,-1,0,0
1454187268257171,-2,-2,-2,1,-2,0,-2,-1
1454187268258150,-1,-1,-2,-2,0,0,0,-2
1454187268258150,-1,0,-2,0,-1,0,-1,0
1454187268271167,0,0,0,-3,0,0,1,0
1454187268271167,-1,0,-1,1,3,2,1,-1
1454187268278172,1,0,0,-2,-2,-2,-2,0
1454187268278172,1,-3,-1,-2,-3,-1,-2,0
1454187268294182,1,-1,-2,-3,-4,-4,-1,-3
1454187268294182,0,-1,1,1,0,-1,-3,1
1454187268296184,-2,-1,-1,2,0,1,-3,-1
1454187268296184,-2,-3,-1,-1,0,1,1,-2
1454187268317196,0,1,-1,-1,-2,-3,-2,1
1454187268317196,-1,1,-1,1,-2,-1,0,-3
1454187268318211,1,0,-1,-8,1,0,1,0
1454187268318211,-1,-1,0,6,-2,-4,-1,0
1454187268331210,-2,-3,-1,-3,-3,1,0,-2
1454187268331210,-2,-1,-2,2,0,0,-1,0
1454187268338211,-1,-4,-5,-4,-4,-3,-1,-1
1454187268338211,-1,-1,-3,-5,-1,-3,-2,-3
1454187268354227,0,0,1,2,1,-1,-2,0
1454187268354227,-2,1,-1,-1,0,-1,0,-2
1454187268356228,-3,0,0,0,-2,-2,0,-1
1454187268356228,-2,0,-2,-2,-2,0,-4,0
1454187268377238,0,0,2,3,3,3,1,-2
1454187268377238,2,-2,2,0,3,3,0,0
1454187268378227,1,-1,0,1,4,1,1,1
1454187268378227,0,-2,-2,-4,-4,-4,-2,-2
1454187268391248,-1,-1,-1,-5,-7,-4,-3,1
1454187268391248,0,-1,0,0,2,0,0,-1
1454187268398240,0,0,-2,0,-1,0,-3,-1
1454187268398240,-2,-1,-1,0,-1,1,0,-1
1454187268414251,-2,-1,0,-2,-1,-1,-1,-2
1454187268414251,-2,-2,-1,0,-1,-2,0,0
1454187268416252,-2,-1,-2,2,-1,-3,-3,0
1454187268416252,0,-1,-5,-5,-2,-1,-1,-1
1454187268437269,-2,0,0,-4,3,3,2,0
1454187268437269,-1,1,0,-1,-8,-5,-3,-2
1454187268438271,-1,-1,1,-1,-1,-2,0,-1
1454187268438271,-1,-2,0,0,-1,-4,-2,-2
1454187268450276,1,-2,-3,-1,-1,-2,-2,-1
1454187268450276,-1,-4,-2,-3,2,2,-1,0
1454187268459283,0,-1,-1,-1,-6,-2,-2,-3
1454187268459283,0,-1,1,-3,0,-2,-2,-3
1454187268474293,-3,-1,-1,0,-3,-4,0,-2
1454187268474293,-1,-3,-1,-1,-1,-1,-1,-1
1454187268476294,-3,-2,-1,0,3,2,0,1
1454187268476294,-1,-1,0,-1,-1,2,0,0
1454187268497310,0,0,-3,-1,-1,-2,-2,-2
1454187268497310,3,-1,-2,1,-3,-4,0,-1
1454187268498310,1,0,1,-2,0,-1,-2,-2
1454187268498310,-2,-2,-2,1,0,0,-1,-1
1454187268510321,-2,-1,-2,0,1,2,-1,1
1454187268510321,-3,-4,-3,-6,-4,-5,-1,-1
1454187268519326,-2,-1,-1,0,-2,-2,0,-2
1454187268519326,0,0,0,2,2,2,2,-2
1454187268534338,-1,-1,1,-6,-1,-1,-3,-2
1454187268534338,0,-3,-2,5,1,-2,-1,-1
1454187268536340,1,-1,-1,-4,-4,-2,-1,-1
1454187268536340,-3,-2,-2,-1,-3,-3,0,0
1454187268557373,-1,-1,-2,0,-1,-1,-1,-1
1454187268557373,-2,2,1,-1,-2,1,0,0
1454187268558374,-1,-1,-2,1,1,0,-1,-2
1454187268558374,0,-1,-2,-1,0,0,-2,-3
1454187268570366,0,-2,-3,-1,-3,-2,-1,0
1454187268570366,0,0,-1,-5,-5,-1,-1,-1
1454187268579395,-1,2,1,2,2,-2,0,-1
1454187268579395,-2,0,-1,-1,1,3,0,-1
1454187268594442,-2,-2,-2,0,-2,-2,-1,0
1454187268594442,-1,-1,0,0,1,2,-1,-3
1454187268596442,-2,0,-2,-2,-3,-2,0,-1
1454187268596442,-2,-2,1,1,-1,-2,-2,1
1454187268617418,-2,-2,-2,-2,-2,-2,0,-1
1454187268617418,-2,-1,-1,0,-2,-2,-1,0
1454187268618418,1,-1,-1,-2,2,-1,-1,0
1454187268618418,0,-1,-1,0,-2,0,0,0
1454187268630467,0,-1,-1,1,2,0,-1,-1
1454187268630467,-2,-1,-2,-5,-4,-2,-2,1
1454187268639434,-1,-1,0,3,4,5,-1,0
1454187268639434,-2,0,-2,-1,-2,-1,0,-2
1454187268654481,0,1,-2,-8,-1,0,1,-2
1454187268654481,-1,0,0,4,1,0,2,0
1454187268656426,-5,-3,-2,-4,-7,-8,-1,-2
1454187268656426,-6,-2,-1,-2,-1,-1,0,-1
1454187268676553,-8,-3,-3,0,-2,-1,-3,-1
1454187268676553,-8,-1,1,0,1,1,-2,1
1454187268678534,-6,-2,-1,0,-3,0,-3,1
1454187268678534,-2,1,-1,-1,1,3,0,-3
1454187268690561,0,-1,-1,2,-5,-3,1,-2
1454187268690561,2,-1,0,-5,-4,-2,-2,-2
1454187268705674,4,-1,-2,0,-1,1,1,-1
1454187268705674,2,0,0,-1,0,-1,-1,-1
1454187268714678,0,-1,-2,-1,0,0,-1,-2
1454187268714678,1,2,0,1,0,-4,-1,-2
1454187268715637,2,0,0,-2,-1,-3,-1,-1
1454187268715637,1,-4,-2,-4,-5,-4,-3,0
1454187268736640,3,0,2,4,-1,0,-1,1
1454187268736640,1,-1,-2,-4,-2,0,-2,0
1454187268738637,1,-3,-2,1,2,0,0,-2
1454187268738637,2,1,1,4,5,1,0,1
1454187268750644,0,-2,-3,-1,0,-2,-1,-2
1454187268750644,-2,-2,-2,-7,-1,0,0,-1
1454187268759651,0,-1,0,4,-2,-1,-1,-1
1454187268759651,0,-1,-2,0,-2,-1,-2,-1
1454187268774719,0,-2,1,0,0,0,-2,-2
1454187268774719,1,-1,-4,-2,-4,-4,-2,-2
1454187268775681,0,-1,-2,-5,-3,-2,0,-3
1454187268775681,-1,0,0,-1,-2,0,-1,-1
1454187268796695,-2,0,-2,2,-4,-3,-1,-1
1454187268796695,-1,2,3,6,6,3,1,0
1454187268798680,-2,1,-1,-1,2,2,2,0
1454187268798680,-1,-3,-1,-2,-3,-3,-2,-2
1454187268810705,0,-1,0,-5,-5,-3,-3,-1
1454187268810705,-1,-1,-2,-3,-6,-4,-1,0
1454187268819702,-3,-2,0,1,1,0,-1,0
1454187268819702,-1,-1,-1,-5,-2,-2,0,0
1454187268834722,0,1,-1,1,1,0,1,-2
1454187268834722,-2,-2,-2,-1,-3,-3,-1,-1
1454187268835715,-1,-1,1,1,-1,0,-2,-3
1454187268835715,-1,-2,-3,-4,-5,-3,-2,0
1454187268856737,-2,-2,-1,-8,-1,0,-1,1
1454187268856737,0,-1,1,9,2,-1,1,0
1454187268858721,-1,-2,-1,-4,-1,-1,0,-3
1454187268858721,0,0,-1,1,-1,-2,0,-1
1454187268886739,-1,-2,0,2,1,1,-1,0
1454187268886739,-2,-2,-4,-4,-4,0,-2,-1
1454187268888752,-2,-3,-1,-2,-1,-1,-3,0
1454187268888752,0,-2,0,1,4,3,-1,-1
1454187268894764,-1,-1,0,4,2,1,0,-1
1454187268894764,0,-1,-1,-1,4,1,0,-1
1454187268895745,-1,-2,-3,-4,-3,-3,1,0
1454187268895745,-1,0,-3,-3,-3,-2,-1,1
1454187268916820,0,0,-2,0,-3,-1,-1,-1
1454187268916820,-3,-1,-1,-2,-4,-3,-3,-4
1454187268918801,-2,-1,0,-6,-2,-2,-1,-2
1454187268918801,0,0,3,3,2,3,1,-2
1454187268939788,-1,0,-1,0,0,-1,1,0
1454187268939788,-2,-2,-1,-2,-4,-3,0,1
1454187268940788,-1,0,-1,-2,-5,-3,-2,0
1454187268940788,-3,1,1,2,5,2,1,-2
1454187268954805,-2,-1,-3,0,-3,-2,0,0
1454187268954805,-1,0,0,-2,-1,0,-2,-1
1454187268955789,-1,0,1,-1,0,0,-1,1
1454187268955789,-1,0,-1,2,1,-1,-1,0
1454187268976878,0,-1,-1,-1,-2,2,-2,-2
1454187268976878,0,1,0,0,1,1,0,-2
1454187268978879,0,-1,0,2,0,1,0,-2
1454187268978879,-1,-2,-1,-1,-3,-2,-2,-1
1454187268999902,0,-3,-2,-3,-1,-2,-1,-1
1454187268999902,-2,-2,0,-1,0,0,0,-2
1454187269000896,-1,-2,-1,-1,-3,-3,-2,-2
1454187269000896,-1,-1,0,-4,0,-1,0,0
1454187269013886,-1,1,0,8,0,-1,-1,0
1454187269013886,0,-1,-1,-5,-4,0,0,1
1454187269020891,0,-1,-2,2,3,2,0,-1
1454187269020891,0,-1,-3,-3,-5,-1,0,-3
1454187269036905,-1,-1,-1,-4,-1,-2,0,-2
1454187269036905,-2,-2,-2,1,-2,-2,-1,-3
1454187269038933,-1,0,-1,-2,-2,-2,-1,-2
1454187269038933,-2,-1,-2,-3,-4,-5,-3,-2
1454187269058938,-3,0,0,1,-1,1,0,-2
1454187269058938,-1,-1,0,3,2,0,2,-1
1454187269060930,-1,-2,-2,-3,-2,-2,-2,-1
1454187269060930,0,-3,-2,-2,-3,0,-2,-2
1454187269073949,-2,-2,-3,-3,-3,-5,-2,-1
1454187269073949,0,1,-1,-1,1,-1,-2,-1
1454187269080954,-1,0,0,3,1,3,0,0
1454187269080954,-2,-1,-1,1,-2,-1,0,0
1454187269096946,-1,-1,-2,-4,-3,-2,1,0
1454187269096946,0,-2,-4,-4,-3,-4,-2,0
1454187269098946,1,-2,-4,-2,-4,-4,-2,0
1454187269098946,0,-1,-1,0,-2,-1,-2,-1
1454187269119020,1,0,1,-3,1,0,0,-1
1454187269119020,0,-3,1,6,1,-2,-1,0
1454187269120961,-1,-1,-1,-2,-5,-1,1,1
1454187269120961,-1,-3,-2,-1,-1,0,-2,2
1454187269134034,-2,1,-1,-2,-2,-1,-3,0
1454187269134034,-2,0,-3,-4,-4,-1,-1,0
1454187269141033,-1,-1,-3,-1,-3,-2,0,-2
1454187269141033,-1,1,0,0,0,-2,-1,-1
1454187269157049,0,-1,-1,-2,-1,0,-2,-1
1454187269157049,-3,-2,0,1,5,2,1,-2
1454187269158030,-3,0,0,-3,1,1,0,0
1454187269158030,0,-3,-1,-3,-3,-2,-1,1
1454187269179046,1,-2,1,2,0,2,0,-2
1454187269179046,-1,0,-2,-2,-2,1,-1,-1
1454187269181065,-1,-1,-2,-3,-5,-4,-1,-1
1454187269181065,-2,-1,-1,-2,0,0,-1,-1
1454187269194077,-1,-1,-1,-2,0,0,-1,-2
1454187269194077,-2,-1,-2,-2,-5,-4,-3,-1
1454187269200080,-2,-1,0,1,3,2,-1,0
1454187269200080,-1,-2,-1,0,-1,0,-1,-1
1454187269217091,-1,-1,-1,0,-2,-2,0,-2
1454187269217091,-1,-2,-3,-4,-4,-3,-1,0
1454187269218092,-1,0,0,-7,2,2,-1,-1
1454187269218092,-1,1,0,8,2,-1,0,-2
1454187269239093,-2,-1,-2,-2,-1,-1,-1,0
1454187269239093,-1,0,0,-1,-1,-1,-1,0
1454187269241089,0,-3,-3,-2,-3,-2,-2,0
1454187269241089,-1,-1,-2,-5,-4,-4,-3,-1
1454187269253110,0,0,0,1,0,-2,-2,0
1454187269253110,0,0,1,1,1,3,0,-2
1454187269262107,-2,0,0,4,1,0,0,-1
1454187269262107,0,-1,-1,-4,-1,-1,-1,-2
1454187269277116,-3,-1,-3,-2,-4,-3,-2,0
1454187269277116,-1,0,-1,-4,-5,-4,-2,-1
1454187269278116,1,0,2,4,1,3,0,1
1454187269278116,-2,-1,-2,-1,1,1,2,0
1454187269299129,-1,-3,-1,2,3,0,0,1
1454187269299129,1,-1,-1,-1,2,1,1,0
1454187269301131,0,-2,-2,-1,-2,-1,0,-1
1454187269301131,0,-2,-2,-4,-4,-4,-4,-2
1454187269314141,0,-2,-2,-4,-4,-4,-4,-2
1454187269314141,-1,1,1,3,0,1,-2,-2
1454187269320148,0,-1,-2,-2,0,-1,0,-2
1454187269320148,-1,0,1,-2,0,-1,-2,-2
1454187269337156,-1,-1,1,-1,-1,1,-2,0
1454187269337156,-2,-4,-2,-2,-2,-4,-2,-1
1454187269338158,0,-2,0,1,0,-1,-1,-2
1454187269338158,-1,-3,-1,-1,-1,-2,-1,-1
1454187269359172,-1,0,0,1,1,0,1,0
1454187269359172,-3,0,-1,2,3,3,0,0
1454187269361173,-2,0,-3,-4,-3,-2,-2,2
1454187269361173,-1,0,-1,0,0,-1,-1,0
1454187269373183,-1,1,-2,-2,-2,-3,-1,-2
1454187269373183,0,-1,-1,-3,-2,-3,0,-1
1454187269382188,-3,-1,-2,2,-1,-2,0,-2
1454187269382188,-2,-1,-3,-2,-1,-1,-1,1
1454187269397198,-1,-1,-2,0,2,3,1,1
1454187269397198,-1,0,-2,-4,-3,-2,-3,0
1454187269398199,0,0,-1,-1,-1,-4,-2,-2
1454187269398199,-1,-1,-1,-2,-3,-2,1,-1
1454187269419255,-1,-1,0,-2,0,-1,-1,-1
1454187269419255,-2,0,-2,-1,-1,0,-1,-2
1454187269421232,-2,-1,-1,1,-4,-2,-1,-1
1454187269421232,-1,0,0,-2,1,2,-1,-1
1454187269433240,-1,0,0,2,1,-1,-2,0
1454187269433240,0,-1,-2,-2,-2,-2,-1,-1
1454187269442231,0,0,0,1,-1,-1,-1,-1
1454187269442231,-1,0,-3,-1,-3,-2,1,0
1454187269457243,0,-2,-1,-2,0,1,-1,0
1454187269457243,-2,-2,-2,-1,0,-1,-2,0
1454187269458242,-1,-4,-3,-4,-1,-1,-1,0
1454187269458242,-2,-2,1,-2,-1,-3,-3,-2
1454187269479258,-1,-2,0,-1,0,1,0,-2
1454187269479258,0,0,0,5,2,0,-2,-2
1454187269481263,0,0,-1,-2,2,0,-3,-1
1454187269481263,0,-1,-4,0,-2,2,-1,1
1454187269493363,0,-1,-2,-3,0,-1,0,-2
1454187269493363,1,0,-1,-3,-3,-3,1,0
1454187269502313,-1,0,0,-2,-1,-2,-1,0
1454187269502313,-2,0,1,3,1,1,1,-2
1454187269517323,-1,1,-2,1,-2,-2,-1,-1
1454187269517323,-2,-4,0,-11,-3,0,0,0
1454187269518342,-1,0,1,8,6,2,0,-1
1454187269518342,-2,-2,-4,-5,-1,1,-1,-2
1454187269539338,-2,-2,-2,-4,-6,-3,-1,-2
1454187269539338,2,1,-1,0,-1,0,-1,-3
1454187269541354,1,-3,-1,-4,-1,0,0,1
1454187269541354,0,-2,0,2,0,2,-2,0
1454187269553369,-1,-2,0,0,1,0,-2,-1
1454187269553369,-1,-1,0,-2,-2,-3,-1,1
1454187269562382,-3,-1,-2,-3,-4,-2,-1,-2
1454187269562382,-1,0,-2,-1,-3,-5,-2,-1
1454187269577367,-1,-1,-1,0,-2,-2,-1,0
1454187269577367,-1,0,0,1,0,1,2,1
1454187269578369,-1,0,-1,1,1,1,1,-1
1454187269578369,2,0,1,-1,1,-1,-1,-2
1454187269599403,-2,-4,-4,-3,-3,-2,-2,-1
1454187269599403,-2,-3,-3,0,-4,-3,-3,0
1454187269601382,-4,-2,-3,-2,-4,-3,-3,-2
1454187269601382,0,1,-2,-1,-2,-1,-1,-2
1454187269613410,-1,1,0,1,1,0,0,-2
1454187269613410,-1,-1,0,1,4,1,0,-4
1454187269622411,-3,-2,-2,-1,-4,-2,-2,-1
1454187269622411,-2,-1,0,-10,-3,-1,-2,0
1454187269636407,2,0,-3,6,0,-4,-2,1
1454187269636407,0,-1,-3,-5,-4,0,-2,-1
1454187269638436,1,1,0,0,1,1,-1,-1
1454187269638436,-1,-2,0,1,-2,-2,-3,-1
1454187269659441,1,0,1,-6,-4,-1,-1,-1
1454187269659441,-1,-3,-1,-1,-3,-3,-2,-2
1454187269661430,-1,-1,0,-1,2,0,1,1
1454187269661430,0,0,1,7,8,2,2,-1
1454187269673452,-1,-2,0,-2,-1,-1,-1,0
1454187269673452,-3,-1,-3,1,-3,0,0,0
1454187269682505,-1,0,-1,-4,-4,-3,-3,-1
1454187269682505,-2,-3,-1,-1,-3,-1,-1,-1
1454187269696588,-3,-1,1,-1,-1,-3,-1,-1
1454187269696588,-1,1,1,-1,0,-1,1,0
1454187269698587,-1,-1,-2,-1,-1,0,0,-1
1454187269698587,0,-1,2,3,4,4,0,-3
1454187269719658,0,-1,-1,0,-1,0,-1,-1
1454187269719658,-1,-1,-3,-9,-1,-1,-2,-2
1454187269720605,-2,-4,-1,2,-4,-4,-1,-2
1454187269720605,0,-2,-4,-3,-3,-4,-1,-1
1454187269732631,1,-2,-1,-2,-1,0,0,-1
1454187269732631,-1,-1,-1,2,2,1,0,0
1454187269741637,0,-1,-1,-3,-1,-3,0,1
1454187269741637,-1,0,-1,-3,-3,-2,-2,1
1454187269756718,-3,-1,-1,0,1,0,0,-2
1454187269756718,0,0,-1,0,1,-1,-1,-2
1454187269758667,2,-1,-2,-1,-2,-2,-2,-2
1454187269758667,1,-2,1,-1,-2,-1,-2,-1
1454187269779735,-2,1,2,0,2,2,-1,0
1454187269779735,-3,0,-2,0,-3,-2,-2,-2
1454187269780682,-1,0,-1,-5,-3,-1,-2,-3
1454187269780682,0,-2,-2,-1,0,-2,-2,-2
1454187269792707,-1,-2,-3,-5,-4,-2,-1,-1
1454187269792707,-2,-2,1,2,4,2,0,0
1454187269801760,0,-2,-1,-2,-1,-1,-1,2
1454187269801760,-1,1,-1,2,1,1,-1,0
1454187269816811,-1,0,-2,-5,-3,-4,-1,-2
1454187269816811,0,0,-1,-4,-2,-1,0,0
1454187269818794,-2,0,-2,-2,-3,-2,1,-2
1454187269818794,0,-1,0,-2,0,-1,-3,-4
1454187269839826,0,-1,-2,1,0,-1,0,-1
1454187269839826,0,-2,-3,-3,-6,-2,-3,-2
1454187269840771,-3,0,0,3,4,2,1,-2
1454187269840771,-1,1,2,6,0,-1,-1,-1
1454187269861799,-2,-2,-2,-3,-1,0,-2,-1
1454187269861799,-3,-2,0,1,0,-3,0,-1
1454187269863801,-1,-3,-1,-4,-3,-2,-2,-1
1454187269863801,-2,0,-3,-4,-2,-2,-1,1
1454187269876852,1,3,1,-3,-1,2,0,-1
1454187269876852,-1,-1,-2,3,0,-1,0,0
1454187269878812,-1,-2,0,0,-2,-1,-2,-1
1454187269878812,-2,0,-1,-1,-2,-2,-1,0
1454187269899814,-1,-1,-1,0,-2,-1,-1,0
1454187269899814,0,0,-2,-2,-4,-3,-2,0
1454187269900815,0,-1,-2,-1,-2,-2,-3,0
1454187269900815,-1,2,-1,1,2,2,0,-1
1454187269921855,-1,-2,0,1,1,-1,-1,-3
1454187269921855,0,-3,-2,0,-3,-2,-1,-1
1454187269923831,-1,-3,-1,-4,-3,-2,0,-2
1454187269923831,-1,-2,2,1,4,2,-2,0
1454187269936907,-1,-1,0,3,1,-1,0,-1
1454187269936907,-1,-1,-2,-4,-1,-1,-2,-2
1454187269938866,0,0,0,0,0,1,0,-2
1454187269938866,-1,0,-3,-4,-2,-3,0,-1
1454187269959922,0,-1,-2,-2,-2,-3,-2,-1
1454187269959922,1,-1,-1,0,-3,-2,-1,0
1454187269960881,-2,-2,-1,-3,-1,-1,-1,1
1454187269960881,-1,-2,-1,-1,0,1,-1,1
1454187269981940,-2,-2,0,0,0,-2,1,0
1454187269981940,-3,-1,-2,-2,-2,-3,-2,-2
1454187269983917,1,-1,0,3,2,0,1,-1
1454187269983917,-3,-3,-2,-1,-3,-3,-2,-4
1454187269996721,-2,-2,-2,0,1,3,0,0
1454187269996721,-2,-2,-1,-1,-1,0,-2,0
1454187270003408,-1,0,-3,-2,-4,-3,-2,-1
1454187270003408,-1,-2,-3,-4,-5,-3,-1,-1
1454187270019954,1,-1,-2,-2,-3,-5,0,0
1454187270019954,-1,0,3,3,4,5,2,-2
1454187270021455,0,-1,2,3,0,-1,-2,-1
1454187270021455,0,-1,-1,1,2,2,0,-1
1454187270042313,-2,0,-3,-9,0,-1,-2,-2
1454187270042313,0,0,0,5,1,-1,0,0
1454187270043274,-2,-2,-2,-5,-6,-2,-2,0
1454187270043274,0,-1,-1,1,-3,-1,1,-1
1454187270056285,-3,-1,1,-1,-3,-2,-1,-1
1454187270056285,0,-2,0,-3,0,0,1,0
1454187270063424,1,0,-2,1,2,1,-2,-1
1454187270063424,-1,-1,-1,-3,-1,-1,-1,-1
1454187270079456,-2,-2,-2,1,2,0,-1,1
1454187270079456,-2,-2,-2,-2,-2,-3,-1,-1
1454187270081408,-3,-2,-1,0,-3,-2,-1,-3
1454187270081408,-3,-2,-2,-4,-4,-2,-1,1
1454187270102407,-2,-1,1,2,-1,2,0,-2
1454187270102407,0,-3,-1,-3,-1,-1,-2,-2
1454187270103408,-1,-1,-1,-1,0,-1,-2,-1
1454187270103408,-2,-3,-3,-5,-4,-3,0,-1
1454187270116484,-3,-1,-2,3,-1,-1,1,0
1454187270116484,-1,1,-2,3,6,2,0,0
1454187270123590,1,0,1,2,2,0,1,0
1454187270123590,-1,0,-3,-4,-4,-4,-2,-1
1454187270139579,0,-1,-2,-6,-6,-5,-3,0
1454187270139579,-2,0,-2,-2,-3,-1,-2,0
1454187270140604,-1,0,0,3,-1,-3,-1,-2
1454187270140604,-1,0,-2,-4,1,2,-1,-2
1454187270161659,0,1,-1,8,6,3,1,0
1454187270161659,-1,0,1,-3,0,-1,-1,0
1454187270163618,-1,-1,-1,-1,-1,1,-2,-1
1454187270163618,0,-1,-1,2,-3,-1,-3,0
1454187270176676,-1,0,-4,-5,-3,-2,-4,-2
1454187270176676,0,-1,2,0,-1,0,0,-1
1454187270183634,-1,0,-4,0,-1,-2,2,0
1454187270183634,-2,0,-2,-3,-3,-6,-1,-1
1454187270199688,-1,1,-1,-1,-1,-2,-2,-1
1454187270199688,-3,-2,-1,-3,-4,-1,-2,-1
1454187270200621,-1,-1,0,0,-3,-1,0,-3
1454187270200621,-1,-1,1,4,6,3,2,-1
1454187270221637,-1,-1,2,0,-1,0,0,-2
1454187270221637,0,-2,-4,-3,-3,-3,-3,-1
1454187270223636,-2,-3,-3,-7,-2,1,-1,0
1454187270223636,-1,-1,0,-1,-2,-3,-1,-1
1454187270236684,-1,-1,-1,1,-2,-2,-1,-2
1454187270236684,0,2,0,-7,-1,2,-2,-1
1454187270243677,0,0,0,10,4,1,-1,-1
1454187270243677,-1,-2,-5,-5,-6,-5,-1,-1
1454187270259727,-1,1,0,-1,-2,0,-1,-2
1454187270259727,0,-3,-3,-1,-2,-5,-1,0
1454187270260666,0,-1,0,-7,-1,-3,-1,-1
1454187270260666,0,-1,0,1,4,3,0,0
1454187270281750,0,-2,0,0,1,1,0,0
1454187270281750,-2,-3,-2,0,-3,-3,-1,-2
1454187270283678,-2,-1,-1,-2,-3,0,-1,-3
1454187270283678,0,-1,-1,1,-4,-2,-2,-3
1454187270296695,0,-2,0,-1,1,2,1,-2
1454187270296695,1,-1,-1,3,1,0,2,0
1454187270302904,-1,-3,-1,-3,-1,-1,-1,1
1454187270302904,1,-1,-1,-2,-5,-3,0,-1
1454187270319853,-1,0,-3,-4,-2,-3,-2,-1
1454187270319853,1,-1,0,5,3,1,-2,-1
1454187270320862,-1,-2,-2,-5,-4,-3,-2,-1
1454187270320862,-1,-2,1,0,5,1,-1,-2
1454187270341886,0,-2,-2,2,3,4,0,1
1454187270341886,-2,-1,-4,-2,-1,-3,1,2
1454187270343878,-2,0,-2,-1,-4,-2,-1,-1
1454187270343878,-3,-1,0,-3,-2,-1,-1,-1
1454187270355879,-3,-1,0,-4,-2,-5,-1,-1
1454187270355879,-5,-1,-1,-1,0,1,-3,-2
1454187270364882,-1,2,0,-2,0,0,-1,-1
1454187270364882,-2,0,-2,-3,-5,-3,-3,-2
1454187270379977,1,-1,0,0,0,-1,0,0
1454187270379977,1,0,-2,3,2,1,0,-1
1454187270381001,-1,0,0,0,3,-1,-3,-1
1454187270381001,-1,-1,-1,1,-2,-1,0,0
1454187270402059,-1,-1,-3,-3,-6,-4,-3,0
1454187270402059,0,-1,1,-3,-3,0,2,-2
1454187270404009,1,0,-1,2,4,2,1,-1
1454187270404009,0,-1,-1,-2,-2,0,-1,0
1454187270416028,-2,-3,-3,-1,-6,-4,-3,-2
1454187270416028,-1,0,0,-6,0,1,1,-1
1454187270425010,-2,0,-2,4,-5,-3,-1,0
1454187270425010,-1,0,1,0,0,1,-1,0
1454187270447092,0,-2,-2,1,3,0,0,0
1454187270447092,-1,0,-1,-2,-3,-1,-2,-1
1454187270449050,-1,1,-1,-2,-2,-1,0,-2
1454187270449050,-1,0,-2,0,0,-3,-1,-2
1454187270462101,-2,-2,-3,-5,-5,-2,-2,-4
1454187270462101,0,0,0,1,-1,-4,-2,-1
1454187270464061,0,-1,-2,-7,-1,-2,-2,0
1454187270464061,0,-1,-1,3,0,-3,0,-1
1454187270475219,0,0,3,6,9,7,1,0
1454187270475219,-3,-3,-1,0,0,-3,-3,-1
1454187270484225,-2,-2,-1,-1,-3,0,1,-2
1454187270484225,0,-2,-3,-5,-4,-1,-1,-3
1454187270499238,1,-2,-1,1,-1,-1,0,-3
1454187270499238,-2,-1,-1,-2,-1,1,0,-1
1454187270501171,0,-1,-2,-6,2,-1,0,-1
1454187270501171,0,0,-1,6,2,2,0,-1
1454187270522211,-1,-2,-3,-4,-3,-1,0,-2
1454187270522211,0,-1,-1,3,-3,-3,-1,0
1454187270523211,-1,-1,1,0,0,1,0,1
1454187270523211,0,1,-1,-1,4,2,-1,-1
1454187270535261,-1,1,0,-1,-2,-4,-2,0
1454187270535261,-2,0,-1,-2,-2,-1,-1,0
1454187270544228,-1,0,-1,0,-2,-5,-1,-1
1454187270544228,0,-3,-2,-1,-2,-1,-2,0
1454187270559367,0,-2,1,-2,-2,-2,-3,1
1454187270559367,0,0,2,2,3,4,0,-1
1454187270561302,-3,-1,-1,-1,-3,-1,0,-1
1454187270561302,-1,-3,-1,-1,-1,0,-1,0
1454187270582370,-1,-2,-2,-3,1,-4,0,0
1454187270582370,0,-2,-1,-4,-5,-1,0,-2
1454187270583341,-1,-1,0,1,0,0,1,-1
1454187270583341,-1,-1,-2,-4,-2,-1,-1,1
1454187270595392,-1,1,-1,1,-1,1,0,-2
1454187270595392,-1,-2,-1,1,-1,-3,-2,-2
1454187270604501,-1,1,-1,3,1,1,0,-1
1454187270604501,-1,-1,0,-3,-2,-3,-2,-1
1454187270619555,0,-1,-2,-7,-4,-2,-3,0
1454187270619555,-2,-2,-4,-1,-2,-3,-2,0
1454187270621500,0,-1,0,1,2,1,-2,-2
1454187270621500,-2,0,1,4,2,2,-1,-1
1454187270641551,-1,1,-3,-3,-4,-2,-2,0
1454187270641551,-2,0,-2,-2,-1,-3,-3,-2
1454187270643518,0,-2,-3,-1,-2,-2,0,1
1454187270643518,0,-2,-1,-2,-1,-1,-1,0
1454187270655513,-2,0,-1,1,1,0,0,-3
1454187270655513,1,-2,-1,-1,-2,-2,0,1
1454187270664531,-2,-1,-2,-5,-5,-2,-1,-2
1454187270664531,-2,3,0,5,4,-1,0,-2
1454187270679684,-1,-1,1,0,-1,1,1,-1
1454187270679684,0,-1,-2,-2,-3,-3,-4,0
1454187270680625,0,-2,1,-2,-2,-2,-2,-1
1454187270680625,1,-3,-3,-6,-4,-3,0,-2
1454187270701631,-2,-2,0,2,1,1,0,-1
1454187270701631,-3,-4,-1,-1,1,1,0,-1
1454187270703633,-1,-2,-4,-3,-2,-1,-2,0
1454187270703633,-2,-3,-2,-2,-1,3,1,0
1454187270715641,-1,1,-1,2,0,-1,-1,-1
1454187270715641,0,-1,-1,-2,2,1,-1,-3
1454187270724648,-2,0,-1,-2,-4,-5,-2,-1
1454187270724648,-2,1,-2,-8,-2,-3,-1,-1
1454187270739661,-3,-4,-1,5,-2,-3,-1,-1
1454187270739661,-1,-1,-2,1,-3,0,0,-2
1454187270740661,-1,-2,1,2,5,4,-1,-2
1454187270740661,1,-1,-2,-2,-3,-2,0,-2
1454187270761695,0,0,-1,-4,-1,-1,0,0
1454187270761695,0,0,-2,-1,-4,0,-1,-1
1454187270763680,0,-2,-1,2,0,-1,-1,1
1454187270763680,-2,-3,0,0,-3,-2,-2,-2
1454187270784712,-1,0,0,-1,0,-1,-1,0
1454187270784712,-1,1,2,1,-1,-1,0,0
1454187270785694,1,-1,-2,-2,1,-1,-1,-3
1454187270785694,1,-2,-1,-1,-2,-2,0,0
1454187270798859,-1,-3,-1,-1,0,-3,-2,-2
1454187270798859,-1,0,-1,-1,-2,-1,-2,-1
1454187270805820,-1,0,0,1,-2,2,-2,0
1454187270805820,-1,1,-1,2,1,-2,-1,-2
1454187270821875,-1,1,-1,3,-2,2,2,1
1454187270821875,-3,-2,-3,-1,0,-4,-1,0
1454187270823815,-1,-2,-3,-2,-4,-3,0,-1
1454187270823815,-1,0,2,-6,0,1,0,0
1454187270844894,-1,0,1,6,0,-1,-1,-1
1454187270844894,-3,-2,-2,-4,-2,-2,-2,0
1454187270845829,-2,0,-2,-3,-5,-3,-4,-2
1454187270845829,-1,-4,-1,2,2,2,0,-1
1454187270859980,0,0,1,-3,0,2,0,-1
1454187270859980,1,1,1,3,1,0,1,1
1454187270861005,-2,-1,-3,-4,-4,-4,-1,-1
1454187270861005,-2,-2,-1,1,-5,-5,-2,-1
1454187270882012,-2,-1,-3,-4,-5,-1,0,-2
1454187270882012,0,0,-1,-1,0,-1,0,-1
1454187270884021,0,0,2,1,1,-1,-2,-2
1454187270884021,-2,-1,-2,0,-3,-1,0,-2
1454187270904221,-1,-3,-4,-5,-3,-4,-2,-1
1454187270904221,1,0,-1,-1,-1,-3,0,-1
1454187270906180,0,-1,-1,1,0,2,0,0
1454187270906180,0,1,1,1,0,0,-2,-1
1454187270919212,-3,-3,-2,-12,-5,-3,-4,0
1454187270919212,-2,-2,0,7,0,-2,-1,-2
1454187270925236,-1,-1,-1,-1,-1,-2,-1,-2
1454187270925236,-1,-2,1,1,1,0,-1,-2
1454187270942209,-1,-4,-3,-4,-1,-2,-2,-1
1454187270942209,-3,0,0,-3,-4,2,-1,-2
1454187270943195,-2,-2,-1,1,0,-1,-1,-1
1454187270943195,0,1,-2,1,-2,-1,-1,0
1454187270964263,1,0,0,2,0,1,0,-2
1454187270964263,1,-1,0,-2,2,2,0,-2
1454187270966201,-1,-1,-2,-1,-3,-1,-1,-1
1454187270966201,-3,-3,-1,-2,0,1,-2,-1
1454187270979235,-1,-1,-1,-1,-2,-4,-1,0
1454187270979235,-1,-3,-1,-4,-3,-1,-1,0
1454187270985278,0,-3,-1,-1,2,1,1,0
1454187270985278,-2,-1,-1,-3,-4,-2,-1,-1
1454187271002394,-1,0,-1,0,-3,2,-2,-1
1454187271002394,-1,0,-1,2,2,0,0,-1
1454187271003371,0,1,-1,-2,0,-2,-1,-2
1454187271003371,-1,0,-2,-9,-1,-1,-2,-1
1454187271024383,-1,1,0,8,2,1,1,-2
1454187271024383,-1,-1,-2,-3,0,-3,-1,1
1454187271026386,0,0,0,-1,-1,-1,0,-1
1454187271026386,0,-2,-2,-2,-4,-1,-1,-2
1454187271038604,-2,0,-1,-3,-4,-2,-2,0
1454187271038604,1,0,0,-3,-2,-3,-2,-2
1454187271045563,-2,-3,0,2,2,1,-1,-1
1454187271045563,1,1,0,1,1,0,0,1
1454187271061573,-1,-1,-3,0,0,-2,-2,1
1454187271061573,-3,0,-2,2,-3,0,0,0
1454187271063568,-2,-1,-2,-4,-3,-5,-1,-2
1454187271063568,-1,1,0,-1,1,1,0,-1
1454187271084589,-2,0,-2,-1,1,0,-1,0
1454187271084589,-1,-1,0,1,2,1,-1,-2
1454187271086583,-1,-1,-2,-1,-1,-2,-2,-1
1454187271086583,-2,-1,-2,3,-3,1,0,0
1454187271098599,0,-2,-2,-2,-4,-3,0,-1
1454187271098599,0,-1,-1,0,-1,0,-3,0
1454187271105604,0,0,0,-8,1,2,1,0
1454187271105604,1,0,-3,2,-3,-4,-2,0
1454187271121618,0,-3,-2,-4,-6,-4,-1,-1
1454187271121618,-2,-1,-1,-1,-2,-1,0,1
1454187271123600,-1,-1,-3,0,-2,0,-1,-2
1454187271123600,-2,0,-1,1,2,0,0,0
1454187271144632,-2,-2,-1,-2,-4,-4,0,-1
1454187271144632,0,0,0,-2,3,1,-1,-2
1454187271145612,0,-2,1,3,4,2,1,-1
1454187271145612,0,-3,0,-2,-3,0,-1,-2
1454187271158715,-1,-3,-2,-2,-3,0,-1,-2
1454187271158715,-2,-3,-2,-4,-6,-4,0,-1
1454187271165784,-1,0,0,0,-2,0,-1,0
1454187271165784,-1,-1,0,1,0,-1,-1,-1
1454187271181798,0,1,1,2,7,3,1,-1
1454187271181798,1,-1,-2,-2,-5,-3,-1,0
1454187271183736,0,-1,-1,2,-2,-1,-1,0
1454187271183736,0,-1,-3,-4,3,-1,-2,-1
1454187271204811,-1,0,2,3,0,-1,-1,0
1454187271204811,-3,-4,-3,-2,-1,0,-1,-1
1454187271205770,-3,-4,-1,-2,-5,-2,0,-2
1454187271205770,-3,-2,0,0,-4,-3,-1,-2
1454187271218821,0,0,0,4,6,3,0,1
1454187271218821,-2,0,0,1,2,1,-1,1
1454187271225784,-2,-1,-1,-3,-5,-1,-2,-1
1454187271225784,0,1,-1,-3,-1,-2,-2,0
1454187271241801,1,-1,-3,-3,-2,-3,-3,-2
1454187271241801,-1,1,-2,1,1,1,0,-3
1454187271243774,-2,1,0,-2,0,1,1,-2
1454187271243774,-2,-1,-1,-1,0,1,0,0
1454187271264817,-1,-1,-2,-4,-4,-5,-2,2
1454187271264817,0,0,-3,-2,-4,-3,0,-1
1454187271265793,1,-1,0,2,2,0,-1,-1
1454187271265793,-1,-1,-1,-1,1,0,-1,-1
1454187271286817,-1,0,1,1,1,0,-1,-1
1454187271286817,-2,-2,-2,-3,-3,1,-1,-1
1454187271288820,0,-2,-2,-4,-3,-3,-1,0
1454187271288820,0,0,0,1,-1,0,0,-1
1454187271301851,-2,0,-1,-3,3,1,0,-2
1454187271301851,0,0,2,2,2,0,-1,-1
1454187271303854,0,0,-2,2,0,-3,-1,0
1454187271303854,-3,-1,-1,-1,-3,-1,-4,-1
1454187271324832,1,-3,-2,-5,-3,0,0,-1
1454187271324832,-1,-1,0,-2,-4,-2,0,-1
1454187271325830,-2,0,-2,-2,-3,-2,-1,-1
1454187271325830,-1,-1,-3,-1,-1,-2,-2,-1
1454187271337868,-2,2,-1,4,3,3,-1,-1
1454187271337868,0,-2,-3,-1,-2,-3,-1,0
1454187271346861,-1,-1,0,-1,2,1,-1,-1
1454187271346861,0,-1,-3,-3,-3,-2,0,-1
1454187271361981,-1,-1,0,-1,-2,0,0,-1
1454187271361981,1,-2,0,0,2,1,-1,0
1454187271363928,1,-1,-1,4,-1,2,-2,-1
1454187271363928,-1,-3,-2,-3,0,-1,1,-2
1454187271384970,-1,-1,-1,-3,-2,-2,-2,-3
1454187271384970,-2,-2,-1,-1,-4,-3,-2,0
1454187271385945,1,-2,-2,-1,1,-1,0,0
1454187271385945,0,-2,1,3,3,3,1,-1
1454187271398127,1,-2,-2,-1,-1,-1,0,0
1454187271398127,-2,-1,-3,-1,-1,1,-3,-2
1454187271407080,-3,-1,-1,-1,-5,-3,-4,-2
1454187271407080,-1,-1,-2,-5,-3,-3,-2,-2
1454187271422142,0,-1,0,-1,2,0,-1,-2
1454187271422142,-1,-1,-4,-3,-3,-3,-1,-2
1454187271424092,-1,1,1,-2,0,-1,-1,-2
1454187271424092,1,2,0,3,2,2,1,0
1454187271444157,-1,1,-3,1,0,-2,-2,-1
1454187271444157,0,0,-3,1,-2,-2,-2,1
1454187271446104,0,-2,-1,-2,-2,1,-1,-1
1454187271446104,-3,0,2,3,2,4,-1,-2
1454187271458134,-4,-2,-3,-2,-4,-3,-1,0
1454187271458134,0,-1,0,0,3,2,0,-2
1454187271467143,0,-1,-2,-4,-2,-3,-3,1
1454187271467143,0,-1,0,-7,-1,-1,-2,0
1454187271482303,0,-1,0,7,-1,-3,0,-1
1454187271482303,-1,-1,1,-3,-2,-1,0,-2
1454187271483246,-1,-2,-1,-1,-1,-2,0,-2
1454187271483246,-2,-3,-3,-1,-2,-3,1,-1
1454187271504318,-2,-2,0,-5,-1,-1,-1,-1
1454187271504318,-1,0,-1,-2,-2,-3,-2,-1
1454187271506262,-2,-1,0,4,3,2,2,0
1454187271506262,0,-1,-2,-3,-3,-2,-3,-1
1454187271518328,-2,-1,-2,-3,-2,-1,-1,-2
1454187271518328,-1,-1,-1,1,-1,1,-1,0
1454187271527277,0,0,-2,-1,2,0,-1,-1
1454187271527277,0,-1,-2,1,0,-3,-2,-1
1454187271542317,0,-1,-2,-2,-4,-1,-2,-1
1454187271542317,-1,0,1,2,0,-2,0,0
1454187271543288,0,-1,1,-6,4,1,0,-1
1454187271543288,-2,-2,-3,6,-2,-1,0,0
1454187271564360,-3,0,1,0,1,1,0,-1
1454187271564360,-3,0,-2,-3,-1,0,0,-2
1454187271566304,-2,-3,1,-1,-6,-4,-2,-1
1454187271566304,0,-1,-1,1,0,-1,-2,-1
1454187271578372,-2,-2,-3,-6,-5,-1,0,-2
1454187271578372,-1,0,-1,0,1,0,0,-1
1454187271587348,-2,0,-2,1,-1,0,0,-1
1454187271587348,-1,-1,2,-2,-2,0,-1,-2
1454187271602361,1,-1,-2,-3,-2,-2,-2,0
1454187271602361,0,-2,0,0,1,0,-1,-2
1454187271603331,-1,-1,-3,0,-4,0,-1,0
1454187271603331,-2,-1,-1,-2,0,-2,-2,-3
1454187271624352,0,-2,0,1,2,0,-2,-1
1454187271624352,-1,-1,1,-1,1,-1,0,-1
1454187271626346,0,1,-1,1,1,1,-1,0
1454187271626346,-2,-3,-2,-4,-5,-2,-1,-3
1454187271638417,0,-1,-1,-1,-5,-3,-2,-2
1454187271638417,0,-3,0,0,0,0,0,-1
1454187271647391,-2,1,1,2,1,1,1,0
1454187271647391,-3,1,0,-1,6,1,2,0
1454187271662405,0,0,0,3,4,2,0,0
1454187271662405,0,-2,-3,-5,-5,-4,0,0
1454187271663373,-1,-2,-3,-6,-8,-6,-2,-2
1454187271663373,2,-1,-1,0,-2,-1,2,-1
1454187271684445,-2,-2,0,-2,3,1,-1,-2
1454187271684445,0,0,1,1,1,0,-2,0
1454187271686418,0,-2,-3,-1,-4,-2,-2,-2
1454187271686418,-2,2,2,1,1,2,-2,-2
1454187271706522,-1,-1,-1,-2,-3,-2,1,1
1454187271706522,-1,0,0,-2,-2,2,1,-1
1454187271713526,-2,-2,-3,-5,-3,-3,-3,0
1454187271713526,0,-1,-2,1,-4,-3,-3,0
1454187271721533,-1,-1,-2,0,1,-2,-2,-2
1454187271721533,0,-1,-2,0,-1,-1,0,-1
1454187271723534,-2,-1,1,-1,3,-1,1,0
1454187271723534,-2,-1,0,-1,-3,-1,-1,1
1454187271744547,-2,-3,0,0,0,-2,-1,1
1454187271744547,-1,0,0,-1,1,0,-2,0
1454187271745550,1,-1,2,2,1,3,1,-2
1454187271745550,1,-2,-2,-1,-1,0,-1,-1
1454187271766562,0,-1,-1,-2,-5,-1,-1,-1
1454187271766562,-1,0,-2,-3,-3,-2,-1,0
1454187271768564,-2,0,-2,-7,-1,0,-2,0
1454187271768564,-1,-1,-3,0,-4,-3,-2,-1
1454187271781573,0,0,-2,-1,-2,-1,0,1
1454187271781573,-1,-2,-1,2,1,-2,1,-1
1454187271783575,-2,-1,1,1,1,-2,0,-1
1454187271783575,-2,-2,-4,-4,-1,-3,-1,-1
1454187271804603,-1,-1,-2,1,-2,-2,-2,0
1454187271804603,0,-1,-2,-2,0,0,-3,0
1454187271805590,0,-2,-4,-3,-5,-4,0,-1
1454187271805590,-2,-2,0,-1,-4,-1,-1,-2
1454187271826618,0,-2,3,5,8,6,-1,-2
1454187271826618,0,0,-2,-2,-3,-2,0,0
1454187271828620,0,-3,-4,-3,-4,-2,-4,-1
1454187271828620,0,-2,0,-4,-2,-2,-1,1
1454187271841617,0,-2,2,2,1,0,0,0
1454187271841617,0,-2,0,-1,-4,-1,-1,-1
1454187271843625,-2,1,-1,3,1,1,-3,-1
1454187271843625,-1,-1,-2,-3,-5,-4,-1,-2
1454187271864647,-3,0,-2,-12,-4,-3,-4,-2
1454187271864647,0,-1,2,6,1,1,1,-2
1454187271865634,0,-1,1,1,2,0,-1,-2
1454187271865634,-2,-3,-1,1,0,-1,-1,-1
1454187271886671,-2,-2,-3,-2,-5,-5,-1,-1
1454187271886671,-3,-2,-3,-5,-5,-4,-5,-2
1454187271888679,-1,-2,-1,1,0,1,1,0
1454187271888679,0,1,2,3,5,2,1,0
1454187271901707,0,-1,-1,0,-2,-1,-1,-2
1454187271901707,-2,-1,-2,-3,-1,-2,-3,-1
1454187271907667,-2,0,0,0,-2,-4,1,0
1454187271907667,0,-1,-1,-2,2,-2,-2,0
1454187271924679,-2,1,-2,3,0,0,1,-2
1454187271924679,-2,-1,-1,1,-1,-3,0,-2
1454187271925677,0,-1,1,0,3,5,-1,-3
1454187271925677,-1,-2,-3,-2,-1,2,0,-1
1454187271946713,0,1,-2,-3,-5,-3,-3,-1
1454187271946713,0,0,-2,0,-1,-4,-1,-1
1454187271948713,0,1,-1,0,-1,1,0,-1
1454187271948713,-1,-3,-3,-1,-2,-2,0,1
1454187271961733,-3,-1,-2,-8,-3,-2,-2,-3
1454187271961733,-2,-2,-1,5,0,2,-1,1
1454187271967766,-3,-3,-1,-3,-1,-3,-1,-1
1454187271967766,-2,3,1,2,0,2,-1,-2
1454187271984777,0,-1,-2,1,-1,0,-1,0
1454187271984777,-1,0,0,-2,-1,-2,1,0
1454187271985720,-1,-2,0,0,-3,-2,-3,1
1454187271985720,-1,-2,-3,-3,-3,-3,-2,-2
1454187272006792,-2,-1,0,-4,-5,-4,0,0
1454187272006792,-3,-1,0,-1,3,0,0,-1
1454187272008736,-1,-1,-1,-2,-3,-3,0,-2
1454187272008736,1,1,0,1,0,-1,-1,-2
1454187272021775,-2,-1,0,0,-3,1,0,-1
1454187272021775,0,-1,0,-3,0,0,-2,-1
1454187272027806,-2,-3,-1,-3,-3,-3,-1,-1
1454187272027806,0,-2,-2,-2,1,-1,-1,0
1454187272044819,0,-2,-3,-1,-3,-1,-1,-1
1454187272044819,0,0,0,0,0,2,2,-2
1454187272045762,-1,-2,0,0,1,-2,0,-1
1454187272045762,0,-3,-4,-4,-3,0,1,-1
1454187272066835,0,-2,1,5,3,1,-1,0
1454187272066835,0,0,-2,-5,-5,-2,-2,-3
1454187272068779,1,1,0,4,1,0,-2,-2
1454187272068779,-1,0,0,-1,-3,-1,-1,1
1454187272080845,0,-2,1,-3,0,-2,-1,-1
1454187272080845,-2,-3,-3,-3,-4,-2,-2,0
1454187272089823,0,-1,-2,-1,-1,0,-2,0
1454187272089823,-1,-1,0,1,0,-2,-2,-1
1454187272104835,-1,0,0,1,2,2,0,-1
1454187272104835,1,-1,-1,-2,3,2,1,-1
1454187272105810,1,-1,-3,-1,1,0,0,0
1454187272105810,-2,-1,-1,0,2,2,-1,-1
1454187272126856,-3,-1,-1,-1,-4,-6,0,-1
1454187272126856,-2,-2,1,1,0,2,-1,-2
1454187272128825,-1,-1,0,0,1,3,1,-2
1454187272128825,-2,-1,-1,-2,-1,0,-2,-1
1454187272140887,0,-2,-2,-1,-2,-4,-2,-2
1454187272140887,0,-1,-1,-2,-5,-4,-2,-2
1454187272147892,0,1,0,0,0,0,1,-2
1454187272147892,-1,-2,-1,-3,-3,-2,-3,-2
1454187272164903,-1,-1,-1,0,-3,0,-2,-2
1454187272164903,-1,0,-2,-3,0,-2,-1,0
1454187272165847,0,-2,-2,4,4,0,1,1
1454187272165847,0,-1,0,-1,-3,-2,0,0
1454187272186920,-2,-2,-2,-5,1,0,-1,0
1454187272186920,1,-1,0,1,-3,-3,-2,1
1454187272188863,-1,0,-1,-1,2,3,-1,-1
1454187272188863,-3,-2,0,0,0,1,1,0
1454187272200900,-2,1,-1,-1,3,3,0,-1
1454187272200900,-1,-1,-2,-4,-3,-2,-2,-1
1454187272209878,-3,0,-3,-5,-5,-4,-2,-2
1454187272209878,0,0,-2,-1,-3,-3,-4,-2
1454187272224889,-2,-1,-1,0,1,2,-2,-2
1454187272224889,-2,1,0,2,7,6,3,-1
1454187272225889,0,0,-1,-3,-6,-2,-1,0
1454187272225889,0,-1,0,2,-2,-3,0,-1
1454187272246903,0,0,0,-3,-3,-2,0,0
1454187272246903,-2,-2,-1,0,-1,-2,0,-1
1454187272248905,-1,-2,-2,-2,-2,-1,-2,-2
1454187272248905,1,1,0,-9,1,3,-3,-2
1454187272260921,0,0,0,6,1,-3,-3,0
1454187272260921,-2,-1,-1,-1,-2,0,-1,-2
1454187272269920,-2,-2,-1,-2,0,-1,-3,-2
1454187272269920,0,-3,-4,-4,-6,-4,-1,0
1454187272284947,0,-3,-2,-2,2,1,0,0
1454187272284947,1,0,1,1,4,2,0,0
1454187272285946,-1,-3,-1,-1,-4,-4,-2,-2
1454187272285946,-1,0,1,3,2,0,-1,-1
1454187272306969,-1,-4,-2,-3,-2,-1,1,-1
1454187272306969,-2,0,-5,-3,-5,-3,-2,1
1454187272308947,-1,0,1,-1,2,4,1,-2
1454187272308947,0,-2,1,1,2,0,-1,1
1454187272320964,0,-2,0,2,0,-3,-3,-1
1454187272320964,1,-1,-2,-4,-3,-1,-1,-1
1454187272329014,-1,-1,-1,-1,-1,0,-1,1
1454187272329014,-2,-2,-1,-1,-3,-2,-1,-1
1454187272344022,-2,-1,-1,-3,1,0,1,-1
1454187272344022,0,-1,0,-1,-3,-4,-2,1
1454187272346024,-1,-3,-1,-2,-2,-4,-1,-2
1454187272346024,-2,-1,-1,0,0,0,1,-3
1454187272367089,-2,-2,0,-1,-1,1,0,0
1454187272367089,-2,-3,-1,1,2,0,0,-2
1454187272368075,-4,-1,-1,-3,-3,-1,-1,1
1454187272368075,-2,-1,-1,-2,-1,-2,-2,-1
1454187272380104,-2,0,-1,2,-2,0,1,-1
1454187272380104,-2,0,1,0,4,1,-1,-1
1454187272389148,-1,0,-4,-7,-3,-3,-1,-3
1454187272389148,-1,-1,-1,-5,-4,-1,0,0
1454187272404141,3,1,1,3,0,-2,-1,-1
1454187272404141,-1,-2,0,2,0,0,-1,-1
1454187272406144,2,0,0,0,0,1,0,-1
1454187272406144,1,0,-2,-1,-2,-2,-1,-1
1454187272427198,0,1,-1,-1,0,3,2,1
1454187272427198,-2,-3,0,-1,-2,-2,-2,-2
1454187272428145,0,-2,-2,-1,-3,-1,-2,-1
1454187272428145,-2,-1,-2,1,-1,0,0,0
1454187272440164,-1,-2,-2,-5,-4,-3,-2,-1
1454187272440164,-1,1,1,-1,-2,1,0,0
1454187272449154,-2,1,-1,2,3,1,2,0
1454187272449154,-1,0,-1,-1,-2,-1,-2,-2
1454187272464162,-2,-2,-1,-3,-2,-1,-1,-3
1454187272464162,-1,-1,-3,-3,-1,-1,0,0
1454187272466454,0,-3,0,-3,-2,-3,0,0
1454187272466454,-2,0,0,1,1,1,0,-1
1454187272486489,0,0,-2,1,1,1,0,0
1454187272486489,-1,0,-1,-2,-3,-2,-2,-2
1454187272488471,0,0,-3,-2,-6,-4,-2,0
1454187272488471,0,-3,-1,1,3,2,-2,0
1454187272500483,-1,-1,0,-3,-2,-2,-1,-1
1454187272500483,-2,-3,-4,-4,-4,-5,-2,-1
1454187272509486,-1,-1,-2,0,-4,-4,0,-1
1454187272509486,0,0,1,-2,2,1,0,-2
1454187272524497,0,-1,0,9,8,1,-2,-1
1454187272524497,0,-1,-2,-2,-3,-2,-1,-1
1454187272525498,-1,-1,0,-3,-1,-1,-1,-2
1454187272525498,-2,-1,-1,-1,-4,-4,-1,-3
1454187272546515,-2,0,-3,-4,-1,0,1,-2
1454187272546515,-2,-1,-1,-1,2,-2,-2,0
1454187272548514,-1,-3,-2,1,0,-2,-3,0
1454187272548514,1,-1,0,2,2,4,2,-1
1454187272560537,0,-1,0,0,-4,-2,-1,0
1454187272560537,-1,-1,-2,1,-3,0,0,-2
1454187272569528,-1,1,1,-1,-1,-1,0,-1
1454187272569528,-1,-1,0,-1,-1,0,-2,-1
1454187272584542,-2,-1,-3,-3,-2,-3,-3,-2
1454187272584542,1,-1,0,-1,-1,-2,2,-1
1454187272585557,0,0,-1,0,-1,-2,0,-1
1454187272585557,-1,0,-2,0,-1,-2,-2,-1
1454187272606650,-2,-1,-2,-2,-2,0,-1,-2
1454187272606650,-1,-2,-1,-4,-3,-1,-2,-2
1454187272608596,0,-1,0,3,4,1,0,-1
1454187272608596,0,-1,-1,-1,-4,-4,-1,-2
1454187272620626,-1,-1,-1,-1,0,1,-1,-1
1454187272620626,-2,1,-1,-3,-2,2,1,-2
1454187272629610,-2,-1,-1,-3,-3,-2,-4,-2
1454187272629610,-2,0,-2,-1,0,-2,-1,0
1454187272644622,-2,-2,0,0,-1,-1,-2,-2
1454187272644622,0,-1,-2,0,0,2,1,-2
1454187272645620,0,-1,0,2,2,1,0,0
1454187272645620,1,-3,-2,-4,-3,-2,-1,0
1454187272666689,1,-2,0,-1,-4,-2,-1,0
1454187272666689,-1,-1,-1,2,0,-1,-1,1
1454187272668691,-1,-1,-2,-9,-2,-2,-1,0
1454187272668691,-2,-1,-1,4,-1,-2,-2,0
1454187272689705,0,0,-2,-3,2,0,0,0
1454187272689705,0,-2,-1,1,-1,-1,-3,0
1454187272690689,-2,0,-1,-3,-3,1,0,0
1454187272690689,-2,-2,-2,-2,2,0,-1,-1
1454187272704717,-2,0,-1,-3,-4,-3,-1,-1
1454187272704717,-2,0,0,2,1,1,2,0
1454187272705699,0,0,-1,2,-1,-1,-2,2
1454187272705699,0,-1,-2,-3,-2,-1,0,0
1454187272726749,0,-1,-2,-3,-5,-3,-3,0
1454187272726749,2,-2,-2,-4,-3,-2,-2,-2
1454187272728714,-1,-1,0,2,2,1,1,-4
1454187272728714,0,1,3,2,1,2,0,-3
1454187272749747,-2,-1,-1,-2,-2,-3,-1,0
1454187272749747,-2,-1,-1,-3,-3,-4,-1,0
1454187272750730,-1,-2,-1,2,-1,0,-2,-2
1454187272750730,1,0,-1,0,2,2,0,2
1454187272764758,0,0,-1,-3,-1,1,0,0
1454187272764758,-1,-3,-4,-3,-3,-3,1,-1
1454187272765741,-2,-1,-1,1,0,0,0,-2
1454187272765741,-4,-3,-4,-4,-4,-3,0,-1
1454187272786774,0,-2,1,-7,0,-2,-1,-1
1454187272786774,0,0,0,7,2,1,-2,0
1454187272788775,1,0,0,2,4,3,0,1
1454187272788775,-2,-1,-2,-2,-3,-2,-3,1
1454187272809806,-3,-4,-4,-3,-2,0,-2,-1
1454187272809806,0,-1,0,-2,1,0,-1,-1
1454187272810781,-2,-2,-3,-2,-3,-6,-2,-1
1454187272810781,1,-1,1,1,2,0,-2,-3
1454187272824182,-2,-1,0,2,1,3,1,-2
1454187272824182,0,1,0,0,-1,0,-3,-2
1454187272830207,-1,0,-1,1,-2,-2,0,1
1454187272830207,-1,-2,-1,-4,-5,-4,-2,1
1454187272847215,-2,-2,0,1,1,1,-1,-2
1454187272847215,0,-1,-1,1,3,1,1,-2
1454187272848201,-1,1,-4,-3,-2,-1,-1,0
1454187272848201,0,-1,-2,-4,-2,-1,-1,-1
1454187272869252,-1,1,1,2,0,-2,-1,1
1454187272869252,-2,-2,0,-4,-3,-1,-1,-1
1454187272871254,1,-2,-1,2,-3,-4,-3,-1
1454187272871254,-1,-1,-1,-4,0,1,0,1
1454187272883262,-1,0,1,4,9,5,1,1
1454187272883262,-3,1,-1,1,-3,-4,-2,1
1454187272890265,-1,-2,-2,-7,-6,-3,-3,-2
1454187272890265,-1,0,-1,2,-3,-3,-1,-4
1454187272907333,-1,-1,-2,-4,-6,-4,-2,-3
1454187272907333,-2,-1,-1,-2,1,0,-1,-1
1454187272908279,0,-3,2,0,3,0,1,-2
1454187272908279,-1,-2,-2,-5,-3,-5,-4,-2
1454187272929295,1,-2,-4,0,-3,-6,-1,-1
1454187272929295,2,0,1,1,0,0,-1,-1
1454187272931294,-3,0,2,0,3,3,0,0
1454187272931294,0,-1,-1,0,0,-1,-1,-2
1454187272943302,-1,-1,-1,-3,-5,-3,0,0
1454187272943302,0,0,0,-1,1,1,-1,0
1454187272950382,-1,-1,-1,-2,1,-2,-1,0
1454187272950382,-1,0,-1,2,5,3,1,-3
1454187272967364,-2,-1,-3,-3,-4,-3,-3,-2
1454187272967364,0,-1,-4,-2,-5,-5,-2,-2
1454187272968357,-2,0,3,6,3,8,1,0
1454187272968357,-2,0,-1,-5,1,-1,-2,1
1454187272989373,1,-1,0,11,3,0,-1,-1
1454187272989373,-2,0,-2,-3,-4,0,-2,-2
1454187272991373,-1,0,-4,-4,-6,-6,1,-1
1454187272991373,-1,0,-4,1,-4,2,-2,-1
1454187273003383,-3,-2,-2,-8,0,-1,-2,0
1454187273003383,0,-3,-2,-4,0,-1,-1,-2
1454187273010386,2,0,1,6,3,1,0,0
1454187273010386,-1,1,-1,1,1,-2,0,1
1454187273027418,0,-1,-1,-4,-4,-3,-1,0
1454187273027418,-1,-2,-2,1,1,0,2,1
1454187273028400,-2,1,-3,-3,-1,-3,-1,-2
1454187273028400,1,-1,-1,-1,-1,-2,-1,-3
1454187273049433,-2,0,-1,1,0,-2,0,-2
1454187273049433,-3,-2,0,-2,-1,-2,-1,-2
1454187273051435,-1,-2,-2,-8,-9,-8,-3,-1
1454187273051435,0,-2,0,0,-3,1,-2,-1
1454187273063442,0,-1,3,4,11,9,2,1
1454187273063442,-2,-1,0,-1,0,0,-1,1
1454187273070500,-3,-1,-4,-4,-5,-2,-1,-3
1454187273070500,-4,1,1,-4,0,-2,0,-3
1454187273086494,-6,0,-1,2,-6,-3,-2,-3
1454187273086494,-3,-1,-1,-6,-3,-3,-3,-2
1454187273088478,0,1,1,2,2,3,0,-1
1454187273088478,1,-2,-2,-4,-2,0,0,1
1454187273109492,3,-1,-4,-2,-1,-1,0,0
1454187273109492,0,-1,0,1,1,-2,-1,1
1454187273111493,1,-3,0,-1,0,-1,-2,0
1454187273111493,2,-1,2,2,0,1,0,0
1454187273123593,2,-1,0,-2,-4,-1,-3,0
1454187273123593,0,0,0,0,0,0,-1,-1
1454187273130598,-1,-2,-2,-4,-1,1,0,-1
1454187273130598,-1,-1,0,2,3,1,-1,-1
1454187273146571,-2,-2,-3,-5,-3,-1,-1,-1
1454187273146571,-1,0,-2,2,-2,-1,0,-1
1454187273148564,-1,-2,1,0,3,3,-1,-1
1454187273148564,-4,-2,-3,-1,-3,-2,-1,1
1454187273169588,0,-1,-2,-3,-2,-3,-2,-1
1454187273169588,0,-2,0,0,0,1,-1,-3
1454187273170590,0,-3,-1,0,-2,0,0,-3
1454187273170590,0,-2,-2,-1,-2,-5,-2,-2
1454187273182598,0,-2,-2,-2,-4,-3,-1,-1
1454187273182598,1,0,1,-4,0,3,1,-1
1454187273191674,-1,1,2,8,4,1,0,1
1454187273191674,-2,-2,-2,-2,-3,0,-1,-2
1454187273206701,-3,-1,1,3,3,2,0,-1
1454187273206701,0,-1,-4,-2,-1,-3,-2,1
1454187273208679,-4,-3,-2,-4,-2,-3,-1,0
1454187273208679,-2,-2,-3,-3,-3,-1,-1,0
1454187273229718,0,1,0,-1,-2,1,1,-1
1454187273229718,-1,0,-2,-2,-3,-1,0,0
1454187273230679,0,-2,-2,-3,-5,-4,-2,-1
1454187273230679,-1,0,1,0,-1,-1,-1,0
1454187273242702,-1,1,0,4,7,5,-1,2
1454187273242702,-1,-2,0,-1,-3,0,-2,-1
1454187273251706,2,0,-2,-5,-1,-2,-1,-1
1454187273251706,0,-1,-2,-3,-3,-3,-3,-1
1454187273266824,0,-1,-2,-4,-2,-2,0,-1
1454187273266824,0,1,-3,-2,-3,-4,-1,-2
1454187273268788,-2,-2,-4,-2,-5,-3,0,-2
1454187273268788,0,0,1,4,4,1,1,-3
1454187273289791,-1,0,-1,2,3,2,0,0
1454187273289791,0,-3,-2,-2,-1,-3,-2,-1
1454187273290786,3,-2,0,-3,-1,-1,-1,-1
1454187273290786,-1,-2,-1,0,-1,0,-3,-1
1454187273302812,0,-2,-2,-2,-5,-4,-3,1
1454187273302812,-4,0,-1,2,-3,-1,-2,-2
1454187273311800,-1,1,0,-1,0,3,0,0
1454187273311800,-1,-1,-1,-3,-2,1,-1,-2
1454187273326813,-1,1,-1,1,1,0,-1,-1
1454187273326813,-2,0,-1,0,3,1,0,2
1454187273328840,-1,-2,-3,-2,3,0,2,0
1454187273328840,-1,0,-3,0,-3,-3,1,1
1454187273349880,1,0,-1,-4,-6,-2,0,-5
1454187273349880,0,-1,1,-1,0,-2,-2,-3
1454187273350831,-2,-1,1,0,1,2,-1,-1
1454187273350831,0,-2,-1,-3,0,-2,-1,1
1454187273362855,-1,-3,-2,-3,-5,-4,-3,-2
1454187273362855,-1,-2,-2,1,0,-1,-3,2
1454187273371852,-1,-2,-1,-2,1,0,0,0
1454187273371852,-2,-1,1,2,1,-1,-1,0
1454187273386898,0,-1,0,0,-1,-1,0,0
1454187273386898,-2,0,0,0,0,-1,0,-1
1454187273388919,-1,0,0,-1,-1,-3,-2,-1
1454187273388919,-2,0,0,0,1,-2,-1,-1
1454187273409913,-2,0,-2,-3,-3,-3,1,0
1454187273409913,2,-1,0,0,0,-1,0,0
1454187273410914,0,-2,-1,-2,-3,-3,-1,-1
1454187273410914,-1,-1,-2,-4,-2,-1,1,-2
1454187273422978,-1,0,2,3,2,0,0,-3
1454187273422978,-2,0,-3,0,3,4,2,-3
1454187273431928,-2,-1,0,0,-5,-1,-1,-2
1454187273431928,-2,0,-2,-4,-4,-2,-1,-2
1454187273446996,-2,-4,-3,-2,-1,-2,-2,-1
1454187273446996,0,-2,-1,-2,-1,-2,-2,-1
1454187273448942,1,0,-2,-1,1,0,-1,1
1454187273448942,-2,-2,1,3,4,2,0,0
1454187273468974,0,0,-2,-4,-2,-2,-1,0
1454187273468974,-2,-3,0,-1,-1,-2,-1,-2
1454187273470959,-1,0,-1,2,-2,-1,-2,-2
1454187273470959,0,-1,0,0,-1,-1,-1,0
1454187273482983,-2,0,0,-3,-2,-2,-3,0
1454187273482983,-2,0,-1,0,-1,0,-2,1
1454187273491970,-3,0,0,-1,-2,-4,-2,-1
1454187273491970,-1,-3,1,1,-1,-2,0,0
1454187273507358,-3,-2,0,-1,-3,-2,-2,-4
1454187273507358,-1,-2,-2,-3,-4,-3,1,-1
1454187273508376,1,-2,-4,0,1,0,0,-1
1454187273508376,-1,0,-2,4,3,2,0,0
1454187273529378,0,1,-3,-1,2,-1,-2,0
1454187273529378,1,-3,-1,-5,-4,-2,0,-1
1454187273531377,0,-2,1,2,-1,0,0,-2
1454187273531377,1,-1,-2,-5,-3,-3,-2,-1
1454187273543387,1,-4,0,0,-3,-4,-2,-2
1454187273543387,-1,0,-2,-1,2,-1,-1,-2
1454187273552413,-2,-3,-1,-3,-2,-1,0,-2
1454187273552413,0,0,-2,-2,-7,-4,-1,-1
1454187273566421,-2,-1,0,2,1,1,0,0
1454187273566421,1,-1,-1,0,-1,1,-2,-1
1454187273568413,-2,-1,-1,1,1,-1,-1,1
1454187273568413,0,0,-2,0,0,0,-2,-1
1454187273589436,1,-1,-2,-3,-2,-1,0,1
1454187273589436,0,-2,0,0,-5,-3,-2,-1
1454187273591439,-2,-1,-1,0,-3,-1,-3,-3
1454187273591439,0,-1,1,0,-3,-1,-1,-2
1454187273611457,-1,0,0,1,3,2,1,-1
1454187273611457,0,-1,-1,-4,-2,-3,0,1
1454187273618459,0,0,0,4,6,2,0,2
1454187273618459,0,-1,-1,-1,1,0,-1,1
1454187273626465,1,-1,-2,1,-4,-2,-1,1
1454187273626465,-2,-1,-3,-7,-4,-3,1,-2
1454187273628458,1,0,1,3,1,-1,1,-2
1454187273628458,-1,-2,1,-2,1,0,2,-2
1454187273649480,0,-1,2,0,0,0,-2,-3
1454187273649480,-2,0,-3,2,-2,2,-1,0
1454187273651469,-1,-1,-3,-4,-1,1,-1,-1
1454187273651469,-1,0,-3,-1,-1,1,-3,-3
1454187273671623,-2,-2,-2,-2,-3,-3,-4,-2
1454187273671623,0,0,3,2,0,0,-3,-1
1454187273673561,-3,-1,0,-4,-4,-3,-3,-2
1454187273673561,-1,1,-1,0,0,0,1,0
1454187273686634,-1,-1,-3,-6,-5,-3,-2,0
1454187273686634,-1,-3,1,0,-2,-4,-3,-1
1454187273688586,-1,-3,-2,0,2,1,-1,1
1454187273688586,-1,-4,-2,0,-2,-2,-4,0
1454187273709650,-1,0,1,0,1,2,1,-1
1454187273709650,0,0,-2,2,2,0,1,1
1454187273710589,-1,1,-1,-2,-4,-2,0,-2
1454187273710589,-1,-1,-4,-4,-6,-4,-1,-2
1454187273731666,0,1,-2,-1,-1,-1,-1,0
1454187273731666,0,-1,-2,-1,-2,-2,-2,-1
1454187273733606,0,-2,0,0,2,0,-2,-1
1454187273733606,-1,1,0,2,4,5,0,-1
1454187273746638,-2,-2,-1,0,-1,-1,1,0
1454187273746638,0,0,-2,-1,-1,-3,-2,-3
1454187273748617,0,-2,-4,-1,-6,-4,-1,-4
1454187273748617,-1,-4,0,-2,-1,-4,-3,-2
1454187273769692,0,-4,1,1,0,0,-3,1
1454187273769692,0,-3,-1,-2,-2,-1,-2,0
1454187273770630,0,-1,3,4,11,5,3,-1
1454187273770630,-2,-1,-3,-1,-4,-4,-2,-1
1454187273791709,-2,-1,-3,-6,-2,-3,0,0
1454187273791709,-1,-1,-1,-1,3,1,-2,-1
1454187273793645,-2,-3,-2,-3,-2,-1,-2,0
1454187273793645,-2,1,-1,-5,1,1,-1,1
1454187273806718,0,1,0,5,2,2,0,-1
1454187273806718,1,-2,-4,-3,-2,-4,0,-1
1454187273812675,-3,-1,-2,-6,-11,-6,-3,0
1454187273812675,-1,-1,0,2,-2,-1,0,0
1454187273829736,0,0,0,0,1,0,-1,-1
1454187273829736,-1,-2,-2,2,2,3,1,-1
1454187273830675,-1,0,-1,-2,2,-4,0,-1
1454187273830675,-1,0,-1,-2,-3,-3,1,-1
1454187273851751,-3,-2,-2,-2,-3,0,1,-3
1454187273851751,-3,1,-1,0,-2,0,0,0
1454187273853690,-2,-2,-3,-10,-2,2,-1,-1
1454187273853690,-1,0,-1,4,-1,-2,-1,-1
1454187273866722,-2,-2,0,0,-1,0,1,-3
1454187273866722,-1,0,-1,0,0,-2,-1,-3
1454187273872902,-1,0,-2,-1,-2,-1,0,0
1454187273872902,0,-1,-2,-2,0,-2,-1,-1
1454187273889875,1,0,0,-3,-1,-2,0,0
1454187273889875,0,0,1,1,-2,0,0,-1
1454187273890878,1,0,2,5,6,3,1,2
1454187273890878,-1,-3,-1,-3,-2,-1,-1,0
1454187273911872,-2,-1,-3,-1,-2,-2,-2,2
1454187273911872,0,0,-2,-4,-2,0,-1,-1
1454187273913889,-1,0,-2,-1,-2,-2,-2,-2
1454187273913889,-1,0,0,-1,2,0,-1,-2
1454187273925939,0,-2,-3,-1,-1,-3,-1,-4
1454187273925939,-3,-2,-1,3,-2,-4,-1,-5
1454187273932944,0,0,0,-1,-4,-5,-2,-2
1454187273932944,-1,-2,1,-4,2,2,0,-1
1454187273949929,-1,-1,-1,-1,-1,-2,-1,1
1454187273949929,-1,-1,-3,-3,-1,3,-1,0
1454187273950916,-3,-2,-3,-2,-3,0,-2,-3
1454187273950916,-1,0,-2,-6,-6,-3,-1,-1
1454187273971908,-1,1,0,0,0,1,0,-1
1454187273971908,-2,1,3,1,1,-1,0,1
1454187273973911,-3,-2,-3,-2,-2,-3,0,1
1454187273973911,-1,-1,0,2,1,1,0,-1
1454187273985919,-2,-1,-4,-2,-3,-2,0,-1
1454187273985919,0,-2,0,-1,0,0,0,-2
1454187273993088,-1,-1,1,0,-2,-2,1,-1
1454187273993088,-2,-3,-1,1,1,0,-1,-1
1454187274009102,-1,-1,-1,-1,-3,0,0,1
1454187274009102,-2,-3,-1,-3,-1,-2,-2,0
1454187274011041,1,-3,-2,-3,-1,0,-2,-1
1454187274011041,1,-2,-1,2,1,-2,0,-2
1454187274032117,-2,-2,0,0,0,1,0,-2
1454187274032117,1,0,-1,2,0,0,-1,0
1454187274034053,-2,0,-2,-4,-2,-2,-2,-1
1454187274034053,-3,0,-3,-6,-4,-2,-2,0
1454187274046061,0,0,0,2,1,-2,0,-1
1454187274046061,-2,-1,0,-2,-2,2,0,-1
1454187274053131,0,0,0,4,5,3,-1,1
1454187274053131,-2,-1,0,0,0,-2,0,-1
1454187274069078,-2,-3,-2,-2,-2,-2,-3,-1
1454187274069078,-1,1,-2,-1,-2,-1,-2,-1
1454187274071080,-1,-1,-2,-7,-7,-5,-2,-2
1454187274071080,-1,-2,-1,4,0,1,0,-2
1454187274092150,0,1,-1,2,2,2,1,-2
1454187274092150,-2,-1,-1,0,-2,-1,-1,-2
1454187274093150,-1,0,0,-2,1,-3,-3,-1
1454187274093150,0,1,-2,-4,-3,-1,-2,0
1454187274105158,1,-2,-3,1,0,0,-1,-2
1454187274105158,-2,-1,-3,-5,-2,0,-3,-1
1454187274114164,-2,0,2,2,3,1,2,-1
1454187274114164,-3,0,-1,1,0,0,1,1
1454187274129121,-2,-1,-1,-4,-2,-4,-1,-1
1454187274129121,-1,-2,-3,-4,-1,-1,-1,-2
1454187274131122,0,-3,-4,-2,-6,-5,-3,-4
1454187274131122,-1,-2,1,2,1,3,0,-3
1454187274152196,-1,1,0,1,1,1,-3,-4
1454187274152196,-2,-3,-2,1,0,-2,-2,-2
1454187274153145,0,0,-1,-1,-5,-4,-1,-2
1454187274153145,5,-1,-1,-1,3,-3,-1,-2
1454187274166179,13,-2,-2,-5,-1,-2,-2,0
1454187274166179,13,-3,-1,-1,-6,-5,2,1
1454187274174199,8,0,1,-3,2,2,1,1
1454187274174199,2,-3,0,6,2,0,1,1
1454187274189222,-3,-1,-1,-6,-1,-1,-2,1
1454187274189222,-4,0,-2,-2,0,1,-2,0
1454187274191172,-3,-3,-1,1,-3,0,0,0
1454187274191172,0,-1,-3,-4,-5,-2,-2,-1
1454187274212185,-3,-1,-1,0,-2,-1,-2,3
1454187274212185,-3,-1,0,0,-1,-3,-2,2
1454187274213181,-3,-2,-2,1,-1,1,1,2
1454187274213181,-1,-3,-1,-1,0,-1,-2,0
1454187274225217,1,-2,0,-1,-2,0,0,-2
1454187274225217,5,0,0,-1,0,1,2,-2
1454187274234223,5,0,-2,-1,0,-1,-1,-1
1454187274234223,0,0,-2,-4,-5,-5,-3,1
1454187274249204,-4,4,1,7,6,5,2,-2
1454187274249204,-8,-2,-2,-1,-5,-3,-2,-2
1454187274251206,-6,-1,0,-2,0,1,-3,0
1454187274251206,-7,-1,-1,-7,-8,0,0,0
1454187274272220,-7,-1,-2,0,-1,-1,-2,0
1454187274272220,-9,-1,-1,3,2,-1,-1,-2
1454187274273221,-6,-2,-1,-1,-2,0,-2,-1
1454187274273221,-6,-1,-1,-4,-2,-3,-3,0
1454187274285231,-4,-2,-1,-4,0,1,-1,0
1454187274285231,-3,1,-2,0,-6,-4,0,-1
1454187274294237,-2,0,-1,-3,2,-2,-1,-3
1454187274294237,-3,2,1,2,4,1,0,-3
1454187274309247,-2,-1,-2,-3,-2,-1,1,-2
1454187274309247,-2,0,-2,0,2,-2,-1,-3
1454187274311248,-3,-3,-2,1,-4,-1,0,0
1454187274311248,0,-2,-3,-3,-2,1,0,-2
1454187274332318,-1,-1,-3,-4,-3,-1,0,0
1454187274332318,2,-2,1,3,1,1,-2,-1
1454187274333280,-1,-2,-1,-3,-3,-3,-1,-1
1454187274333280,-1,-1,0,-1,2,-1,-3,-1
1454187274345272,-2,-2,-2,-2,-4,-3,-3,0
1454187274345272,-2,-2,1,-2,0,-1,-2,0
1454187274354339,-2,0,-1,0,3,1,1,-1
1454187274354339,-3,-2,-2,2,-2,1,0,-5
1454187274369404,-3,-2,-1,2,0,-2,0,-2
1454187274369404,-2,-2,0,-4,-3,-4,-1,0
1454187274375372,1,1,2,4,7,2,1,-1
1454187274375372,-2,0,-2,-3,0,-5,-1,0
1454187274392381,0,-1,-2,-4,-5,-6,-2,-2
1454187274392381,-1,0,-1,0,-3,-3,-1,1
1454187274393382,-3,-1,-1,-7,-1,0,-1,2
1454187274393382,0,1,0,8,1,1,-1,0
1454187274405393,-2,1,-1,-2,-1,0,0,-4
1454187274405393,0,1,-2,-1,-1,0,-1,-3
1454187274414381,-1,0,0,3,0,1,-1,-4
1454187274414381,-3,-2,-1,-3,0,1,-1,-2
1454187274429404,-1,-3,-1,-3,-6,-4,-1,0
1454187274429404,0,-2,-3,-1,1,2,-2,0
1454187274431395,-1,-4,-2,-4,-2,-5,-6,0
1454187274431395,1,-2,0,1,0,-4,-3,-1
1454187274452434,1,-2,0,-1,2,0,-2,-1
1454187274452434,0,0,0,-4,-2,1,1,-2
1454187274453432,1,0,-4,1,-2,-2,-1,-1
1454187274453432,1,-2,-3,-3,1,0,-1,-1
1454187274465481,1,-1,-3,0,-1,1,-1,1
1454187274465481,-1,-2,-4,-3,-4,-1,-1,0
1454187274474583,-1,-1,-1,1,-3,-2,0,-2
1454187274474583,-3,-2,-1,0,-2,0,1,0
1454187274489634,-2,0,-2,-3,0,0,-1,2
1454187274489634,-1,2,0,2,1,1,-1,-1
1454187274490588,1,0,-2,-2,-2,1,0,-1
1454187274490588,3,-1,-3,-2,2,-2,-1,0
1454187274511609,-1,-2,-2,-2,-4,-3,-2,-3
1454187274511609,0,-2,1,-1,2,-1,-1,-3
1454187274518615,-2,-3,-1,-4,-9,-6,-3,-1
1454187274518615,-2,-1,1,-1,0,1,-2,0
1454187274525659,1,1,1,1,6,3,-1,-1
1454187274525659,-3,-1,-1,2,-1,1,0,-1
1454187274534608,-1,-1,-1,-2,-2,-1,-1,0
1454187274534608,-1,-3,-2,-4,-7,-5,0,0
1454187274549677,-1,-2,-2,1,-1,-5,-3,0
1454187274549677,2,-3,-1,2,4,1,-1,0
1454187274550620,1,-1,-1,1,-1,-2,-2,-1
1454187274550620,1,-1,-3,-3,-3,-3,0,-2
1454187274571653,-2,-1,0,-9,-2,-2,1,0
1454187274571653,1,1,-3,2,-3,1,-1,0
1454187274573629,1,1,0,0,0,2,0,-1
1454187274573629,1,-1,-2,1,-3,1,-2,1
1454187274594710,0,0,-1,-3,-2,-1,-2,-4
1454187274594710,-4,-7,-3,-4,-1,-5,-4,-3
1454187274595645,-2,-3,-2,-2,0,-3,-2,-2
1454187274595645,-1,0,0,0,1,-1,-4,0
1454187274609719,-2,-2,2,5,3,0,2,0
1454187274609719,-2,-1,-1,-4,-2,-2,1,1
1454187274610656,0,1,3,3,3,0,0,0
1454187274610656,1,-1,1,2,0,1,3,0
1454187274631737,0,-7,-9,-1,-2,-1,-3,1
1454187274631737,1,1,1,0,-2,-1,1,0
1454187274633678,-4,-4,-3,-2,1,2,-2,0
1454187274633678,-1,2,3,0,2,1,0,1
1454187274654752,-1,-1,-2,1,-1,0,0,0
1454187274654752,0,3,2,-3,-3,1,1,-1
1454187274655688,1,1,1,0,0,3,-1,-3
1454187274655688,-3,-1,-3,-6,-4,-3,-2,-4
1454187274669865,-2,1,3,2,-2,-2,-2,-1
1454187274669865,-3,-4,-6,-4,-1,-6,-1,-4
1454187274670805,1,-1,-1,0,0,0,-1,0
1454187274670805,-2,-4,-3,-1,-2,-3,4,2
1454187274691879,-1,0,2,-2,-2,4,-6,8
1454187274691879,-1,-1,0,0,-2,-2,-9,-10
1454187274693839,-2,3,0,-4,-6,-3,-3,-1
1454187274693839,1,-3,-2,2,0,-1,-1,2
1454187274714895,-1,-1,-2,1,2,-1,6,0
1454187274714895,0,-3,-5,-4,-4,-5,1,4
1454187274715836,-2,-5,-2,2,0,-4,-4,-3
1454187274715836,-2,4,3,-8,4,3,-1,-4
1454187274728843,0,2,4,8,1,-2,-3,-1
1454187274728843,-1,-6,-6,-4,-1,4,-2,-1
1454187274735909,0,0,-1,-1,-1,-2,1,1
1454187274735909,-1,5,1,-2,-5,-4,-6,-4
1454187274751922,-1,-4,-4,-3,-1,-2,-1,-5
1454187274751922,-1,2,4,-1,1,2,-2,1
1454187274753906,-1,-3,-3,-2,-2,0,0,2
1454187274753906,-4,-6,-9,-1,0,0,14,2
1454187274774921,-1,2,3,-2,-2,-2,-10,-4
1454187274774921,-1,0,-3,0,-1,-4,3,-1
1454187274775876,-1,-1,0,-4,1,4,1,1
1454187274775876,0,1,2,2,1,1,-5,-2
1454187274788947,-3,1,-3,-2,-4,-1,4,-2
1454187274788947,-1,-4,-3,-3,-1,1,2,4
1454187274795890,0,3,7,2,-3,-3,-2,-1
1454187274795890,0,-8,-2,4,-2,1,0,-1
1454187274811949,-4,-6,-4,2,1,1,8,1
1454187274811949,1,9,1,-10,-2,-3,-5,3
1454187274813900,0,-8,-2,6,-3,-4,-1,-6
1454187274813900,-2,1,-2,-4,-4,-4,-14,-7
1454187274834942,0,-1,-6,-5,-2,-1,4,0
1454187274834942,3,9,4,4,5,-2,2,3
1454187274835916,-4,-18,-7,-6,-2,-2,1,0
1454187274835916,2,4,-1,-4,-1,-2,7,3
1454187274848990,2,2,6,1,-1,2,-3,-6
1454187274848990,-1,-3,-2,-2,-5,-6,-11,-3
1454187274855995,0,12,-4,-3,0,5,3,1
1454187274855995,-5,-24,-1,2,0,-2,-6,-6
1454187274872143,1,6,-7,-8,-7,-7,-1,3
1454187274872143,-1,0,4,3,-1,-4,1,-1
1454187274873083,-4,6,2,0,0,-1,3,5
1454187274873083,3,11,-1,2,1,5,7,-3
1454187274894158,-12,-32,-8,-2,-1,-2,-17,-12
1454187274894158,-1,-7,-2,-4,-4,-6,-6,-2
1454187274896096,4,10,1,6,5,8,16,4
1454187274896096,-1,-1,-5,-1,-1,2,-5,-2
1454187274909170,1,9,7,-3,-2,-6,-22,-6
1454187274909170,-1,10,1,4,2,2,-1,-3
1454187274916134,1,-10,3,0,2,-1,-2,2
1454187274916134,-6,-4,-8,-4,-2,3,7,12
1454187274932184,-5,-33,-12,-7,-4,-7,-15,-23
1454187274932184,-2,-1,3,1,-4,-6,0,11
1454187274933137,2,6,3,0,2,0,1,-17
1454187274933137,-1,15,6,4,1,-3,-2,4
1454187274954202,-4,1,-3,-3,-4,-3,12,18
1454187274954202,-16,-13,-9,3,-3,0,-5,-28
1454187274956141,-8,-6,-1,-3,1,5,-5,-2
1454187274956141,-6,-4,-4,-5,-8,-14,-16,-4
1454187274969285,2,13,9,4,2,3,8,9
1454187274969285,5,-5,1,-2,2,3,6,3
1454187274975351,4,7,-13,-6,-6,-9,-7,-5
1454187274975351,8,-2,-2,-3,0,1,-4,-2
1454187274992349,-4,-3,7,3,2,2,5,12
1454187274992349,3,-1,-1,-1,2,1,2,0
1454187274993303,1,2,0,-7,-3,3,-2,-5
1454187274993303,3,-3,-4,3,0,0,2,-3
1454187275014379,10,26,13,4,4,4,12,0
1454187275014379,-10,-39,-32,-5,-5,-5,-5,1
1454187275016334,-9,3,11,5,1,1,7,-13
1454187275016334,-5,-29,-17,-12,-6,-4,-26,-6
1454187275028389,5,21,4,0,-1,-3,36,6
1454187275028389,4,23,11,2,2,-7,-35,-3
1454187275035393,2,4,6,1,-4,-4,6,18
1454187275035393,-2,3,-8,-3,1,8,12,-12
1454187275052481,-2,-5,1,1,2,2,-22,2
1454187275052481,1,3,3,-3,-3,3,17,4
1454187275053497,1,-2,-1,4,2,-3,-9,1
1454187275053497,-2,16,12,2,-1,-1,-1,1
1454187275074559,-6,11,-11,-5,-1,7,7,2
1454187275074559,-8,-33,-3,-1,-1,2,10,13
1454187275076527,-12,6,2,-1,-3,-8,-17,-30
1454187275076527,-9,4,3,1,-3,-4,6,16
1454187275088530,-9,-5,-5,-3,-3,-5,-11,-18
1454187275088530,4,22,12,5,4,3,1,-2
1454187275097515,7,7,10,7,0,1,-2,20
1454187275097515,11,1,1,0,3,-1,6,9
1454187275111586,3,-18,-18,-7,-5,-2,-8,-11
1454187275111586,14,1,5,2,0,7,12,-3
1454187275113526,1,-2,0,-2,-2,-4,27,13
1454187275113526,11,35,4,-8,-4,-2,-47,-16
1454187275134601,-19,-83,-27,-7,-4,-7,-4,-2
1454187275134601,9,16,9,3,2,5,23,2
1454187275136563,12,4,7,2,2,4,16,38
1454187275136563,-12,-19,-10,-4,-6,-8,-25,-33
1454187275156618,4,17,-7,-3,-5,-15,-10,-10
1454187275156618,-6,1,-10,-8,-2,0,3,-4
1454187275156618,0,-35,-16,-6,-2,-1,-3,0
1454187275156618,-1,-3,11,6,4,6,24,12
1454187275171627,6,-2,0,0,1,6,-11,-16
1454187275171627,3,18,0,-6,-5,-5,1,4
1454187275171627,-4,12,6,4,-1,-2,-6,-1
1454187275171627,2,-1,6,12,9,5,6,-11
1454187275193644,-3,16,2,-9,0,-7,-3,0
1454187275193644,2,-10,6,7,1,5,10,13
1454187275194604,8,23,3,-5,-5,-12,-20,-12
1454187275194604,-12,-24,0,7,-2,-7,-9,-11
1454187275216661,3,20,2,0,5,10,29,11
1454187275216661,0,11,3,2,1,-1,-43,-16
1454187275216661,3,-4,0,-1,-1,0,4,11
1454187275216661,-24,-64,-22,-14,-13,-12,-3,-14
1454187275231739,16,38,21,12,5,10,5,-1
1454187275231739,-14,-27,-9,-4,-2,-7,5,15
1454187275231739,-5,-14,-28,-10,-4,0,-16,-24
1454187275231739,11,26,8,1,3,6,13,27
1454187275253998,3,7,4,-1,-4,1,15,-7
1454187275253998,-8,-2,3,0,-1,-3,-25,-31
1454187275254939,-5,-11,-32,-19,-12,-16,-3,17
1454187275254939,1,3,6,4,3,0,-25,-24
1454187275276013,3,39,13,10,6,7,5,7
1454187275276013,-8,-50,-28,-12,-3,3,10,-7
1454187275276975,0,3,15,5,-1,11,46,-4
1454187275276975,-1,-6,4,-3,-7,-15,-55,-2
1454187275291161,4,3,-2,-4,-2,-3,-6,14
1454187275291161,-5,-8,-10,-3,-6,-8,-4,7
1454187275292122,3,21,6,5,7,5,-14,-26
1454187275292122,-2,-10,-4,-6,-5,-5,25,-14
1454187275314116,-3,-43,-15,-1,0,-5,-9,-8
1454187275314116,3,35,8,-1,0,2,-6,-3
1454187275314116,5,58,9,2,0,-5,2,10
1454187275314116,-7,-66,-36,-16,-6,2,9,2
1454187275336194,-14,-18,1,0,-4,-8,-14,-7
1454187275336194,0,-37,-16,-10,-2,11,27,-14
1454187275337154,2,28,10,6,-2,-6,-13,-4
1454187275337154,15,51,19,4,1,-1,5,12
1454187275351204,-6,7,2,1,-1,-1,0,5
1454187275351204,-1,-11,-5,7,10,1,3,5
1454187275352140,1,-5,-2,-6,-2,10,5,-8
1454187275352140,-5,-13,6,-1,-4,-2,13,15
1454187275374183,-5,-15,-15,-2,-2,-7,-11,-11
1454187275374183,6,27,12,7,4,4,10,27
1454187275374183,12,4,8,0,-1,-3,-18,-17
1454187275374183,-3,-19,-20,-5,2,10,26,6
1454187275396188,-7,20,10,-1,-4,-3,-16,21
1454187275396188,0,13,0,2,0,-1,-4,-8
1454187275397179,-11,-26,-3,-5,1,-1,1,-21
1454187275397179,4,22,12,10,7,4,-2,-8
1454187275411245,11,-8,-12,-10,-5,0,-5,18
1454187275411245,8,29,17,3,2,-2,7,12
1454187275412182,-16,-28,-31,-15,-8,-8,-10,-5
1454187275412182,2,26,26,13,8,5,23,10
1454187275434223,-6,-14,-5,-11,-5,-6,-10,-24
1454187275434223,2,6,-14,-10,-2,0,3,10
1454187275434223,0,-4,10,7,1,-1,-15,14
1454187275434223,-17,12,-4,-1,-4,0,-4,-22
1454187275456278,4,-11,20,0,-9,1,13,-3
1454187275456278,-14,-23,-11,2,-6,-8,-8,20
1454187275457215,-2,-20,-9,-6,2,-4,-30,-74
1454187275457215,18,42,-3,-19,-9,0,4,-2
1454187275471406,-18,-42,3,20,0,-1,-6,-1
1454187275471406,-1,-5,3,-12,9,1,5,-12
1454187275472343,-1,-2,-9,8,-2,-5,5,20
1454187275472343,-10,-44,-21,-15,-4,-3,-15,6
1454187275493526,3,32,-2,-3,0,8,6,-10
1454187275493526,13,13,19,12,-6,5,26,16
1454187275494467,-13,-1,14,4,0,-6,-64,-4
1454187275494467,0,2,-19,-9,1,-3,11,2
1454187275516542,9,13,5,9,6,-1,6,2
1454187275516542,-16,-30,-24,-11,-12,-7,-15,8
1454187275517481,9,4,13,-3,0,2,28,47
1454187275517481,-3,-31,-1,13,-1,-4,0,-63
1454187275531645,-3,-10,-5,-3,3,1,-8,30
1454187275531645,1,16,20,9,3,-1,-11,-22
1454187275531645,-9,-38,-18,-10,-6,2,19,-1
1454187275531645,7,16,12,3,3,3,-3,30
1454187275553702,-1,-11,-5,-5,-1,1,8,-15
1454187275553702,-1,6,0,3,-1,-5,-20,-15
1454187275554663,-1,-7,2,3,-9,0,6,18
1454187275554663,-3,-5,1,2,16,4,12,18
1454187275576680,1,13,2,1,-3,-5,-11,-22
1454187275576680,3,24,6,-3,-5,-4,-2,5
1454187275576680,-3,-28,-5,0,-3,2,-2,-12
1454187275576680,8,4,-25,-13,-7,2,0,19
1454187275590842,1,1,9,-10,-11,-9,-6,-8
1454187275590842,-1,-6,-1,21,15,1,-2,-10
1454187275591802,6,18,-10,-5,4,0,28,-10
1454187275591802,-23,-34,-6,4,-8,-14,-34,-41
1454187275613919,7,4,-2,-2,4,8,17,10
1454187275613919,-20,-24,-6,-16,-14,-7,-10,1
1454187275614900,2,27,9,11,-6,-3,3,-5
1454187275614900,8,12,-4,-4,13,7,24,32
1454187275635977,-6,-16,-20,-8,3,-1,-23,-30
1454187275635977,11,27,22,13,1,-1,6,-2
1454187275636919,6,3,9,5,11,6,5,21
1454187275636919,-14,-10,-21,-10,-11,-5,-5,2
1454187275651091,6,26,24,12,-3,-2,1,4
1454187275651091,-7,-10,-27,-19,-5,3,2,-3
1454187275652034,6,3,0,-3,0,2,0,6
1454187275652034,17,29,35,18,-1,-3,-1,-2
1454187275674208,-12,-7,-15,-2,5,3,3,30
1454187275674208,11,13,-5,-4,-3,-1,-5,-41
1454187275674208,-22,-49,-5,-1,-4,-4,14,10
1454187275674208,12,24,24,8,-3,-11,-33,-3
1454187275696261,5,0,-8,-5,11,11,22,13
1454187275696261,-11,-28,-11,-2,-2,-4,-7,-9
1454187275697201,-4,15,20,0,0,-1,-13,-4
1454187275697201,-8,-5,-6,2,-5,7,16,-4
1454187275710270,-6,-21,-8,-5,7,-6,-6,-4
1454187275710270,2,-8,1,1,-4,-4,-13,-1
1454187275719237,-1,14,1,-1,5,3,7,-16
1454187275719237,-15,13,7,8,1,-1,-6,-9
1454187275734248,-4,0,-1,-9,-11,-9,-7,-18
1454187275734248,-2,-40,-6,0,4,-2,4,19
1454187275734248,8,-7,3,-1,-3,-6,-7,19
1454187275734248,1,17,2,-3,-1,6,9,-14
1454187275756302,0,2,-7,1,-2,-2,9,6
1454187275756302,1,4,4,-9,-7,-1,-28,-24
1454187275757263,-4,-12,-8,-1,5,0,0,16
1454187275757263,5,-1,-3,-12,-1,3,7,14
1454187275770448,8,26,12,2,-4,1,-1,-2
1454187275770448,-4,-12,-22,-9,-1,-11,-2,-26
1454187275778454,-15,-7,5,4,1,3,0,3
1454187275778454,0,16,-3,2,-2,-5,-7,5
1454187275793465,-8,-24,3,1,4,5,26,27
1454187275793465,10,21,22,0,-7,6,0,-24
1454187275794405,-2,-7,-23,-10,2,-4,-22,1
1454187275794405,13,12,8,5,0,0,22,51
1454187275816483,2,11,11,5,-5,-8,-15,-34
1454187275816483,-6,-5,-23,-11,1,-4,3,2
1454187275817443,1,-6,-1,2,-5,-3,5,-10
1454187275817443,-5,-7,3,-10,10,7,-15,-4
1454187275830451,3,-6,-15,-13,-12,-11,17,26
1454187275830451,-2,14,10,12,2,2,-6,-10
1454187275838496,0,-24,-11,-10,-4,2,3,-2
1454187275838496,19,20,7,-4,-7,1,2,8
1454187275853507,-2,25,5,9,-1,-3,-16,-22
1454187275853507,-19,-65,-31,-15,-7,-4,3,-16
1454187275854447,-9,-10,-5,-3,-7,-7,-1,22
1454187275854447,3,11,15,10,-2,-1,1,-15
1454187275876523,0,1,-4,-6,5,1,-11,-18
1454187275876523,-2,11,17,9,1,4,0,32
1454187275877462,10,23,-3,-7,-1,2,3,-23
1454187275877462,-20,-42,-2,9,1,-1,-7,-17
1454187275890534,-4,0,-9,-6,-3,0,-5,-23
1454187275890534,9,8,12,-1,0,-3,4,33
1454187275906545,-15,-7,-5,7,1,1,-7,-11
1454187275906545,3,18,3,-5,-2,-8,4,-17
1454187275913551,-4,-40,-5,5,-2,1,-8,5
1454187275913551,-3,-2,-2,0,-11,-4,6,4
1454187275914492,8,19,2,13,19,2,2,6
1454187275914492,-7,-9,0,-15,-3,-1,16,-2
1454187275936566,3,5,-10,1,-5,-7,-22,27
1454187275936566,-4,-22,-12,3,-3,2,18,-25
1454187275936566,-12,-2,1,-14,-7,1,-22,2
1454187275936566,-4,-12,-11,6,1,0,4,4
1454187275950576,7,17,11,-3,2,-2,-16,19
1454187275950576,2,14,5,-1,2,3,12,-2
1454187275958583,6,-6,-4,5,0,-6,3,11
1454187275958583,-3,-3,0,3,6,3,-5,-5
1454187275973592,1,7,5,1,-5,-6,-1,9
1454187275973592,-4,20,4,2,-1,-1,-6,-17
1454187275974553,3,-5,1,-4,-7,-2,3,-4
1454187275974553,2,4,-8,-7,1,-2,-5,8
1454187275996609,-1,-21,-5,7,7,9,10,-2
1454187275996609,6,17,9,5,4,1,-2,14
1454187275996609,3,9,0,0,-9,-5,-2,-19
1454187275996609,-4,-9,-3,-4,-6,-3,-8,4
1454187276010618,-4,-9,-14,-16,-3,-3,6,-18
1454187276010618,-3,3,3,0,1,-1,-4,6
1454187276018625,2,11,8,-1,3,0,-1,3
1454187276018625,-1,-13,-11,2,-2,-3,-3,-3
1454187276033636,-3,-4,4,2,0,-1,1,-3
1454187276033636,3,11,-1,-2,-2,-6,-5,9
1454187276041651,-1,4,1,0,3,4,2,-5
1454187276041651,0,-2,-2,-1,0,0,-2,0
1454187276056655,-2,-1,0,0,-5,0,1,-7
1454187276056655,-1,3,2,-2,2,1,-4,7
1454187276057610,-3,0,1,3,2,-1,-1,-9
1454187276057610,0,-2,-8,-2,-3,-2,-4,-1
1454187276079626,-2,-5,4,4,0,-1,-1,0
1454187276079626,4,5,2,-4,1,-3,-1,3
1454187276080629,-2,-8,-4,-3,-1,1,2,-3
1454187276080629,0,0,1,0,0,0,-1,1
1454187276093682,-2,0,2,2,-2,-2,-2,-5
1454187276093682,4,1,-4,0,0,-2,0,7
1454187276094638,0,0,-2,-1,-1,0,2,-3
1454187276094638,-1,-3,-3,-4,-4,-3,-2,0
1454187276116669,-1,-2,-2,-1,-3,-2,1,-4
1454187276116669,-2,2,10,4,5,4,1,-2
1454187276116669,-1,-3,-5,-5,-4,-3,-6,4
1454187276116669,0,0,-6,0,0,0,-2,-5
1454187276130682,-3,-3,-2,-1,3,1,0,-4
1454187276130682,0,-1,-3,-2,-5,-3,-2,0
1454187276138710,-2,2,6,0,-4,-2,1,-1
1454187276138710,0,-1,1,0,-1,0,0,2
1454187276154721,0,-1,-1,1,3,4,0,0
1454187276154721,-1,0,0,0,-1,-1,-3,0
1454187276154721,-2,-3,0,-3,-4,-4,-3,-6
1454187276154721,2,1,7,1,4,-2,-2,0
1454187276176697,-1,0,4,4,1,7,1,-4
1454187276176697,-4,-5,-12,-9,-6,-3,-1,10
1454187276176697,-3,-3,-4,-2,-4,1,1,-5
1454187276176697,-3,-3,-2,-5,-5,-1,-1,0
1454187276199733,1,4,5,1,1,-2,-1,1
1454187276199733,-1,-1,-3,1,2,2,-2,-4
1454187276200695,1,-4,-4,-3,-3,-2,-1,-2
1454187276200695,0,-1,2,0,-5,-4,-1,1
1454187276213717,1,0,-5,-2,-1,-3,2,-1
1454187276213717,2,3,2,3,4,3,1,-3
1454187276214698,-1,-2,-6,-1,1,-3,0,-1
1454187276214698,-2,-3,1,0,2,1,-1,-4
1454187276236726,0,0,1,0,-4,-2,-2,1
1454187276236726,-3,2,5,0,-1,0,-1,0
1454187276236726,0,0,-2,-4,3,0,-1,1
1454187276236726,-1,1,-1,4,0,0,-3,-2
1454187276258749,-2,-2,-5,-6,-5,-6,-2,0
1454187276258749,-1,4,1,-3,-6,-1,1,0
1454187276259730,-1,-1,3,1,3,4,-1,-2
1454187276259730,-3,-5,-7,2,3,2,0,-3
1454187276273877,-2,-3,-3,-3,-3,-3,-2,-1
1454187276273877,1,1,6,2,0,0,-2,0
1454187276274839,-2,-4,-11,-3,-4,-2,-2,-1
1454187276274839,0,0,2,-4,-4,-1,-2,-3
1454187276295914,-1,-2,1,1,0,0,0,0
1454187276295914,-3,-2,-4,-2,-2,-2,-3,-7
1454187276296881,0,2,6,2,3,1,0,1
1454187276296881,0,-2,-5,-2,-7,-5,-3,-2
1454187276318930,2,1,2,3,3,0,0,-1
1454187276318930,1,-2,-3,-8,1,0,-1,8
1454187276319874,-1,1,-2,3,-3,-2,-3,-4
1454187276319874,-1,-1,-1,-5,-4,-1,1,1
1454187276333941,-5,-3,1,-2,-3,-1,-1,0
1454187276333941,-1,1,1,0,-2,-3,-1,2
1454187276334883,-3,-1,0,0,-1,-1,-2,-5
1454187276334883,-1,-1,2,-1,-3,-1,0,-1
1454187276355958,-1,-3,-8,-5,-3,-3,-1,-4
1454187276355958,-1,-3,-3,1,2,-3,-1,-3
1454187276356918,-2,0,2,1,2,1,0,5
1454187276356918,4,3,7,3,2,0,-1,-2
1454187276379109,-3,-1,0,-3,-4,1,-1,1
1454187276379109,-1,-1,-3,3,4,1,-2,-3
1454187276379109,1,-1,0,-5,-2,-4,0,1
1454187276379109,-2,-3,0,1,0,4,3,1
1454187276394193,0,-1,-6,-5,-4,-1,0,2
1454187276394193,-2,-2,-2,-4,-4,-2,-1,-4
1454187276394193,0,-3,-5,0,0,0,0,-1
1454187276394193,-1,1,2,-1,0,-2,-1,-1
1454187276416278,-1,-3,-8,-2,2,0,-1,-1
1454187276416278,-1,1,7,2,0,-1,1,-3
1454187276417279,1,-4,-6,-3,-2,0,-1,-1
1454187276417279,-1,1,0,-1,-1,-2,-3,-2
1454187276438493,-2,-1,-6,1,4,1,-1,-2
1454187276438493,0,-2,1,-1,-1,-1,0,-4
1454187276439452,2,1,0,-2,0,-2,3,2
1454187276439452,-1,2,-2,4,1,0,1,0
1454187276462468,0,0,-4,-8,-4,-5,-3,0
1454187276462468,-1,-2,-4,5,-2,-3,1,1
1454187276462468,-1,-2,-1,0,-2,-1,-3,-1
1454187276462468,-3,-3,-1,-4,-3,-3,-2,-2
1454187276476516,-1,2,4,5,5,1,0,-1
1454187276476516,-2,-1,-4,-1,-2,-1,0,1
1454187276477467,-1,-1,-1,-2,-6,-2,-2,-2
1454187276477467,-2,-3,-4,-2,-2,-2,-3,1
1454187276498471,0,0,7,3,2,1,-1,-2
1454187276498471,-1,-2,-3,-1,-1,-2,0,1
1454187276499471,-3,-1,-1,0,3,1,-1,-3
1454187276499471,-1,-2,-5,-4,-2,0,-2,-2
1454187276513604,1,-1,0,-2,-4,-2,-3,0
1454187276513604,-2,-1,1,-2,-2,0,-2,-1
1454187276514544,-1,1,1,-1,-4,-3,-1,-1
1454187276514544,0,2,-2,4,3,0,-1,0
1454187276536620,-1,1,3,0,0,-1,1,-1
1454187276536620,1,1,0,-7,0,2,-1,0
1454187276536620,-1,-4,-10,-2,-7,-6,-1,0
1454187276536620,-2,-5,-4,-5,-5,-4,-3,-2
1454187276558635,-1,1,4,5,2,3,2,-1
1454187276558635,2,3,1,3,5,1,0,-1
1454187276559597,-5,-1,-3,-4,-3,3,-1,-3
1454187276559597,-1,-1,0,-4,-1,-2,1,5
1454187276573646,-2,-1,0,-2,-2,0,0,-4
1454187276573646,-4,-7,-8,-4,-1,0,-1,-5
1454187276574603,1,2,4,-1,-3,-3,-2,-1
1454187276574603,0,-1,-7,0,-2,-2,1,-2
1454187276596725,0,2,3,5,5,1,-1,1
1454187276596725,0,2,3,-1,-3,-2,0,2
1454187276596725,-1,-1,-1,0,1,-1,-1,-1
1454187276596725,-4,-3,-3,-6,-6,-1,-3,-2
1454187276618872,1,-1,0,1,-2,-1,-2,0
1454187276618872,-2,-2,-3,0,0,0,-1,-3
1454187276619806,1,-1,1,-1,5,3,-1,-1
1454187276619806,0,-1,2,1,1,0,0,-2
1454187276633871,-2,-2,-3,-5,-7,-5,-2,0
1454187276633871,-1,0,-1,2,-1,0,-1,0
1454187276634816,-2,-1,0,-4,-1,-1,0,-1
1454187276634816,1,-1,2,1,4,4,2,-1
1454187276655893,-1,-2,-5,0,0,0,0,-1
1454187276655893,-2,-2,1,-6,-4,-2,-3,-2
1454187276656857,0,0,-2,0,-1,-4,-1,-1
1454187276656857,0,1,2,4,4,1,0,-3
1454187276678912,-2,-1,0,-2,-3,-2,-2,-2
1454187276678912,0,0,-2,-3,-3,-3,0,0
1454187276679850,1,-2,-3,-4,-5,-3,-2,1
1454187276679850,-1,-1,-1,4,5,2,1,1
1454187276692921,-2,-1,-1,-3,-3,1,0,1
1454187276692921,-1,-1,-3,-1,-3,-3,-1,0
1454187276700928,1,0,2,1,0,0,2,-2
1454187276700928,0,-3,-2,-2,-2,-1,1,-1
1454187276715897,-1,-2,-4,-3,2,0,-1,-2
1454187276715897,-1,-2,0,0,-2,-2,0,-2
1454187276716879,0,0,2,-8,-2,-1,-1,1
1454187276716879,-2,-1,-2,-1,-4,-1,-3,-1
1454187276738953,0,-1,-1,-4,3,2,1,0
1454187276738953,-2,-4,-3,0,-4,-3,-4,-2
1454187276739891,-3,0,0,-2,1,1,0,-2
1454187276739891,-1,-1,0,0,-4,-2,-2,0
1454187276753925,-1,0,-4,0,-4,-4,-1,0
1454187276753925,0,-1,0,-2,2,0,-2,-1
1454187276754901,0,0,1,5,2,-1,-1,0
1454187276754901,-3,-1,-4,-4,3,-3,-2,-2
1454187276775941,0,0,4,4,0,-1,-1,-1
1454187276775941,-1,0,-6,-1,-3,-1,1,-1
1454187276776917,-1,-2,-1,0,1,1,-1,1
1454187276776917,-2,0,-1,-1,-3,0,-2,0
1454187276798956,1,-1,1,-1,-5,-3,-1,-1
1454187276798956,1,1,1,-2,-1,2,1,0
1454187276799933,-1,-1,0,1,-2,1,-3,-1
1454187276799933,-1,-2,-2,-1,-1,-2,-1,-2
1454187276813971,-2,-2,0,-1,0,0,-1,-2
1454187276813971,-1,-1,-1,0,1,3,-3,1
1454187276814958,-1,-1,-1,-1,-2,-2,0,-3
1454187276814958,-1,-2,0,-3,-1,-3,0,0
1454187276835982,0,1,-1,-1,0,-1,1,-1
1454187276835982,-1,-2,-4,-4,-1,-5,-1,0
1454187276836974,0,1,0,-1,0,-1,-3,-1
1454187276836974,-1,0,-3,-3,-3,-4,-3,-1
1454187276859040,-1,-3,0,-3,-2,-1,-3,-2
1454187276859040,-2,-1,1,0,1,-2,-1,-2
1454187276859040,0,-1,1,1,3,3,1,1
1454187276859040,-1,-1,-1,1,-1,2,0,-1
1454187276873049,-1,1,-2,-3,-2,-2,-2,0
1454187276873049,-1,-2,-3,-3,-6,-5,-2,-2
1454187276881056,-2,-1,0,-2,-3,-1,0,-2
1454187276881056,2,1,2,2,2,4,0,-2
1454187276896027,0,-1,-3,-4,5,2,0,-2
1454187276896027,0,-4,0,4,2,0,0,0
1454187276897026,-1,0,-4,-1,-4,-4,-1,-1
1454187276897026,-2,-2,-2,-4,-4,-4,-1,0
1454187276919081,-1,-2,-4,-4,-3,-2,-2,-1
1454187276919081,-1,2,0,1,-1,-2,-2,-1
1454187276920021,0,-2,-3,0,-1,-1,-1,-1
1454187276920021,-4,-1,-1,1,-1,-1,0,-1
1454187276933054,-4,-1,0,2,1,2,1,-1
1454187276933054,-1,-1,-1,0,3,3,0,-2
1454187276941098,-2,-1,-3,-2,-5,-2,-2,0
1454187276941098,1,2,0,-2,-1,0,-1,-2
1454187276956068,2,-1,-2,-4,-2,-4,-3,-1
1454187276956068,1,1,1,4,3,1,-2,0
1454187276957045,1,2,-1,0,-4,-1,-2,-1
1454187276957045,2,-3,-2,-3,-2,0,-2,-1
1454187276979125,-3,-1,-2,-1,-1,0,0,1
1454187276979125,-3,-2,1,-3,-3,0,-2,-1
1454187276979125,-2,-2,-5,-3,-3,-3,-1,-3
1454187276979125,-1,2,1,-1,-1,0,2,-1
1454187276993133,1,2,1,-5,0,-1,1,-1
1454187276993133,0,1,1,2,0,-1,1,-1
1454187277001140,-3,-2,-2,0,2,1,1,0
1454187277001140,-3,0,-2,-1,-2,-5,-4,-2
1454187277016088,-1,1,-2,0,-3,-2,-2,-2
1454187277016088,0,0,0,0,0,0,1,-2
1454187277017090,0,-1,1,-1,-1,-1,-1,0
1454187277017090,0,-1,0,-2,1,0,-2,-2
1454187277039166,2,0,3,5,3,3,1,-1
1454187277039166,-2,-2,-4,-4,-4,-3,-2,1
1454187277039166,1,-1,-2,-3,-2,-3,-2,-2
1454187277039166,-2,1,3,2,9,8,3,-1
1454187277053276,-3,-1,-3,-3,-5,-6,-1,-2
1454187277053276,-2,-2,-2,-3,-3,-1,0,-1
1454187277061283,-2,-1,0,0,1,0,0,-2
1454187277061283,-1,-1,0,-11,-2,-1,-1,1
1454187277076247,0,-2,-1,5,-1,0,-4,-1
1454187277076247,-1,-1,-3,-6,-6,-4,-2,-1
1454187277077232,-1,1,1,2,-1,0,-2,-2
1454187277077232,-1,-1,-3,1,-5,-4,-2,0
1454187277098263,-1,1,-2,-3,-1,0,-1,-2
1454187277098263,0,-2,-2,-2,-2,0,-2,-3
1454187277099246,-1,-1,1,-1,0,1,-2,-2
1454187277099246,-2,-2,-1,2,-2,-2,-4,0
1454187277113406,0,0,3,1,1,0,1,-1
1454187277113406,1,-2,-3,-2,-3,0,-2,0
1454187277121412,0,-1,-1,-3,1,0,-1,0
1454187277121412,0,0,-1,1,-4,-1,-1,0
1454187277136374,-3,-3,-3,-3,-2,-2,-2,0
1454187277136374,-2,1,2,1,3,1,0,-2
1454187277137364,0,-3,-1,4,6,1,-1,1
1454187277137364,-1,-2,-1,-3,-6,-5,-4,0
1454187277158393,-2,-1,-2,-1,-4,-1,0,0
1454187277158393,-2,0,-1,-3,0,-1,1,0
1454187277159386,0,-1,0,0,-3,-3,0,-1
1454187277159386,-2,-1,-3,0,1,-1,-2,-3
1454187277173404,1,-1,0,-2,3,3,0,-1
1454187277173404,-1,0,-1,1,0,-1,-3,-1
1454187277181410,-2,-3,-2,-3,-3,-4,-1,0
1454187277181410,-1,-1,0,5,3,3,1,-1
1454187277196420,-2,-3,-3,-4,-5,-2,-1,0
1454187277196420,-1,0,-2,-3,-3,-1,0,1
1454187277197420,0,1,3,5,4,1,0,-1
1454187277197420,0,-1,-3,-1,-2,-2,0,-2
1454187277218431,-1,0,-1,-1,1,-1,0,-2
1454187277218431,1,1,0,1,2,1,1,0
1454187277219416,-1,-2,-3,-4,-6,-4,-2,-1
1454187277219416,-1,0,0,1,1,0,0,1
1454187277233431,-1,-3,0,-1,-1,-5,-2,-1
1454187277233431,-3,-1,-2,-2,-4,-4,-3,-2
1454187277241432,0,-1,-1,-1,1,3,1,-1
1454187277241432,-2,-1,-2,-4,-3,-1,0,-1
1454187277256507,2,0,1,3,0,1,1,-2
1454187277256507,-1,-3,-1,1,1,0,-1,0
1454187277257479,-1,-1,0,-2,-3,1,-2,-1
1454187277257479,-1,-1,-1,-2,-2,-3,-3,-1
1454187277278519,-3,0,-1,-2,-4,-3,-3,0
1454187277278519,-1,0,0,-1,1,1,1,-1
1454187277279476,-3,1,-2,0,-5,-2,1,-1
1454187277279476,-1,-2,0,-2,4,2,0,-3
1454187277301479,0,1,0,7,3,1,0,0
1454187277301479,-1,-2,-1,-2,-2,-2,-2,0
1454187277308503,-3,0,-1,0,2,2,-1,-1
1454187277308503,-2,-4,-3,-4,-7,-6,0,0
1454187277316499,0,-2,0,-3,-1,0,-2,0
1454187277316499,-1,-3,0,0,0,-1,-3,-1
1454187277317501,-2,-2,-2,-5,-4,-4,-3,0
1454187277317501,-1,0,1,1,1,1,-2,-3
1454187277338524,-2,-2,-4,-4,-3,-1,0,-2
1454187277338524,0,0,-2,-1,-3,-1,0,1
1454187277339507,0,0,-1,-3,0,-1,-1,-1
1454187277339507,0,1,0,0,-2,-1,-2,0
1454187277361600,-1,-2,-2,-2,-2,-2,-1,-1
1454187277361600,1,0,1,3,3,2,0,-3
1454187277361600,0,-1,1,1,1,1,1,0
1454187277361600,-1,-2,-2,-2,-2,0,0,0
1454187277376692,-1,-3,0,-5,-6,-5,-2,-2
1454187277376692,-1,-1,-2,-5,-5,-4,-1,-2
1454187277376692,0,1,1,4,1,1,0,1
1454187277376692,-1,-1,0,-3,4,4,-1,-1
1454187277398734,-2,1,2,9,7,4,1,0
1454187277398734,-1,0,-3,-4,-6,-5,-3,-2
1454187277399687,0,-1,-4,-7,-6,-3,-2,-2
1454187277399687,2,-3,-3,-4,-7,-5,-2,-1
1454187277421725,0,1,0,-2,-2,0,-1,-1
1454187277421725,-3,0,0,4,6,3,2,0
1454187277421725,-4,-2,-2,-2,0,-1,-2,-1
1454187277421725,-1,0,-3,-2,-4,-2,0,-2
1454187277436718,-2,-1,2,-3,-2,-3,1,-3
1454187277436718,-1,-2,0,1,-1,-2,-1,-1
1454187277436718,-2,-4,0,-2,2,0,-1,-4
1454187277436718,-1,0,-1,0,0,0,-1,-2
1454187277458881,-1,-1,-2,2,-2,-1,-1,0
1454187277458881,-1,-2,-2,-3,-1,-1,-1,0
1454187277459846,2,1,-1,1,1,2,0,2
1454187277459846,0,0,-3,1,-2,-2,-2,1
1454187277480881,-1,-1,-2,-1,-1,0,-2,1
1454187277480881,-1,-2,-2,-3,-5,-1,-1,-3
1454187277481879,0,0,1,-3,-4,-4,-1,-3
1454187277481879,0,0,1,1,3,1,-1,1
1454187277495903,0,-1,2,11,12,5,1,-1
1454187277495903,0,-1,-2,-1,-4,-2,-1,-1
1454187277496882,-3,-3,-4,-2,-2,-3,-1,-2
1454187277496882,-2,0,-2,-3,-6,-3,0,0
1454187277518949,-3,-2,-2,-7,-8,-6,-2,-1
1454187277518949,-1,1,1,3,4,3,-2,-1
1454187277519890,-1,2,-1,2,0,1,0,-1
1454187277519890,-1,-2,-1,-1,1,-2,-1,-1
1454187277540961,-1,-3,-3,-4,-2,-1,-3,-3
1454187277540961,-2,-4,0,-2,-4,0,0,-2
1454187277541933,0,-2,0,-1,0,0,-1,1
1454187277541933,-1,-1,-1,0,0,0,0,0
1454187277555971,0,-1,-3,-3,-2,0,0,-1
1454187277555971,-2,-1,-1,-4,-4,-3,-1,0
1454187277556945,-1,1,0,-2,-4,-3,-2,-1
1454187277556945,-1,-1,1,6,7,3,-2,0
1454187277578987,-1,0,-2,-3,-4,-3,-3,0
1454187277578987,0,-2,-2,0,1,-2,-1,-2
1454187277579931,0,0,-1,0,-1,1,1,0
1454187277579931,0,-1,-2,-2,-6,-4,0,-2
1454187277600954,-2,1,-2,-9,-6,-1,-1,-1
1454187277600954,2,1,0,6,5,1,-1,1
1454187277601946,-1,-4,-5,-6,-4,-5,-3,0
1454187277601946,0,0,0,1,2,-1,1,-1
1454187277615965,-1,-1,-1,1,0,1,-1,0
1454187277615965,-3,-2,-2,-6,-3,-2,-2,-2
1454187277616957,-1,-1,-1,0,2,0,-2,-1
1454187277616957,-3,-2,-2,-4,-6,-1,-1,-1
1454187277639030,0,-1,-2,0,-3,-3,-1,0
1454187277639030,0,-1,1,-2,3,3,0,-1
1454187277639974,-1,-2,-2,0,-4,0,0,0
1454187277639974,-4,0,-1,-1,0,-1,-1,-1
1454187277661045,-1,-2,0,-1,-2,0,-2,2
1454187277661045,1,-2,-1,0,1,1,1,1
1454187277662001,-2,-2,-2,-2,-1,-2,-2,-1
1454187277662001,0,-3,-3,-1,-2,0,-3,-2
1454187277676008,0,-2,-1,-1,0,-2,2,-1
1454187277676008,0,-1,-1,-6,-2,-1,-3,0
1454187277677031,-1,1,2,4,3,2,0,0
1454187277677031,-2,1,-1,-2,-3,-3,0,-2
1454187277699166,-2,-1,-1,0,0,-4,-3,-3
1454187277699166,0,-1,-1,-5,-6,-1,-2,-2
1454187277699166,1,1,0,0,3,3,0,-2
1454187277699166,0,0,-2,1,-2,-3,-2,-1
1454187277721208,-2,-4,-2,-4,-4,-2,-2,0
1454187277721208,-1,1,0,2,1,-1,-1,0
1454187277722181,-1,1,-1,-2,-2,-2,-2,0
1454187277722181,0,-2,0,0,0,0,-2,0
1454187277736166,-1,1,0,-2,-3,-2,-2,-2
1454187277736166,-1,-1,-1,5,2,0,0,1
1454187277737195,-2,-1,-1,-2,-3,-3,1,0
1454187277737195,-3,0,-2,-2,3,1,1,-1
1454187277759208,-3,-2,0,0,-3,1,0,0
1454187277759208,-1,-1,0,-1,-3,-3,-2,0
1454187277759208,1,-3,0,3,3,-1,-1,-2
1454187277759208,-1,-2,2,0,-2,-1,0,-1
1454187277781252,1,0,-1,-1,3,0,1,-2
1454187277781252,-1,0,-2,0,-1,2,0,-1
1454187277782201,-1,0,-1,-1,-2,0,0,0
1454187277782201,-1,-4,-3,-3,-6,-4,-3,-1
1454187277796243,1,1,1,4,1,1,-1,0
1454187277796243,-1,-1,0,-7,3,-1,0,-1
1454187277797233,0,-2,-2,4,3,1,-2,-1
1454187277797233,-1,-3,-3,-4,-1,-1,-2,1
1454187277818327,-1,-1,-1,1,2,0,2,-2
1454187277818327,-1,-2,-2,-4,-6,-4,-3,-2
1454187277819358,0,0,0,-3,-4,-1,-2,0
1454187277819358,-1,1,0,0,-1,-1,0,-3
1454187277841400,0,-2,0,-4,-3,0,0,0
1454187277841400,-2,-2,-1,2,-1,-3,-1,-2
1454187277842351,-1,0,0,1,2,3,-1,-1
1454187277842351,-1,1,-2,1,0,1,-2,-1
1454187277856410,-1,-1,-2,-4,-1,-3,-3,0
1454187277856410,-3,-1,-1,-1,-3,-2,-2,0
1454187277857362,-2,-3,-2,-6,-6,-6,-4,-1
1454187277857362,-1,0,2,0,-2,-2,-2,-1
1454187277878544,-3,-1,2,3,3,3,1,-3
1454187277878544,-1,-4,-5,-2,-7,-5,-2,0
1454187277879521,-3,-1,1,0,1,2,1,-2
1454187277879521,0,-2,1,2,7,5,2,0
1454187277901508,-1,-3,-4,-11,-1,-2,-2,0
1454187277901508,-1,1,0,4,-1,-2,0,0
1454187277902509,-1,0,-3,-6,-5,0,1,0
1454187277902509,-2,-3,-2,-4,-5,-4,-2,0
1454187277915571,0,-1,1,2,-1,2,-1,0
1454187277915571,-1,-2,1,0,3,2,1,0
1454187277923576,-1,0,-1,2,0,2,0,-1
1454187277923576,2,1,-2,2,2,2,-1,0
1454187277938632,0,-1,-2,0,-3,-3,-2,-1
1454187277938632,-1,-1,-1,-3,-3,0,-2,1
1454187277939616,0,-1,-1,-2,-1,-3,-4,0
1454187277939616,-1,-4,-2,-5,-4,-2,-1,-3
1454187277961627,0,-2,-2,-4,-4,-5,-2,-3
1454187277961627,0,1,0,3,1,1,-1,-1
1454187277961627,-2,1,2,2,4,4,1,-1
1454187277961627,-3,-1,-2,-1,1,-2,0,-1
1454187277975658,0,-1,-1,2,0,-2,-2,0
1454187277975658,-1,-2,-1,-2,2,1,0,-2
1454187277983656,-2,-1,-1,-4,-2,-1,-2,-2
1454187277983656,-2,2,1,-1,-3,0,-1,-1
1454187277998675,-3,-4,-7,-2,-3,-4,-1,-1
1454187277998675,-1,1,-2,3,-1,-1,-3,-1
1454187277999671,-1,-1,0,-5,-1,-3,-1,1
1454187277999671,0,1,1,7,3,1,0,0
1454187278021764,0,1,0,-1,0,-2,0,1
1454187278021764,-2,-1,0,-3,-4,-2,-1,-2
1454187278021764,-2,-1,-4,0,-2,-3,-2,1
1454187278021764,-1,-3,-3,-6,-3,-3,-1,-2
1454187278035748,1,0,0,1,0,0,0,-2
1454187278035748,-1,-4,-3,-2,-5,-4,0,-1
1454187278043803,1,-1,3,1,5,0,-1,-2
1454187278043803,0,0,-3,-1,-2,1,-1,-1
1454187278058814,-1,-1,0,5,7,1,-1,0
1454187278058814,1,-1,-1,-5,0,0,-1,0
1454187278059758,-2,-1,-3,-3,-6,-2,1,0
1454187278059758,-3,-3,-2,-9,-3,-3,-1,-1
1454187278081805,0,0,3,8,4,2,1,1
1454187278081805,-1,0,-2,-3,-6,-1,1,-1
1454187278081805,-1,0,-3,-3,-2,-3,-1,-2
1454187278081805,0,-2,-3,4,1,1,0,0
1454187278095839,-2,-1,-1,-5,-5,0,-2,-3
1454187278095839,-2,0,1,1,1,0,-3,0
1454187278103846,-1,-1,-1,-1,1,0,-1,-2
1454187278103846,1,0,0,-4,-2,0,-1,-2
1454187278118804,1,1,1,1,1,0,-2,-2
1454187278118804,2,-2,-3,-2,1,-3,-1,-1
1454187278119799,0,-1,-1,-2,-7,-3,0,-1
1454187278119799,0,1,-1,1,1,-1,0,1
1454187278140871,-3,0,0,-1,1,0,-1,-1
1454187278140871,0,-1,-1,3,2,0,-3,-2
1454187278141845,-2,-3,-3,-3,-1,-3,-3,-3
1454187278141845,0,-3,-2,-1,-1,-2,0,0
1454187278155883,0,-1,0,-2,-7,-5,-1,0
1454187278155883,1,2,4,6,11,7,2,-1
1454187278163888,0,-1,0,3,-2,-2,-1,-1
1454187278163888,-3,0,-1,-6,0,-1,-1,0
1454187278178900,-1,-1,-1,2,-1,-1,-1,0
1454187278178900,1,1,1,-2,-4,-1,-2,0
1454187278179858,1,-1,-2,0,4,0,0,-1
1454187278179858,0,-1,-3,1,0,0,-2,-2
1454187278200886,-2,-3,-1,-5,-5,-7,-3,0
1454187278200886,-2,0,0,-3,0,1,0,-2
1454187278201886,0,2,2,2,1,0,-3,-1
1454187278201886,-3,-3,-3,0,-2,-1,-1,-1
1454187278215925,-1,-1,-3,-1,3,3,1,-2
1454187278215925,-2,-3,-3,-3,-3,-3,-1,1
1454187278223911,1,-1,-2,-6,-7,-4,-1,-1
1454187278223911,0,-1,-1,-2,-5,-3,-2,-2
1454187278239063,-1,0,2,-1,1,2,0,-2
1454187278239063,-2,1,-1,2,3,2,1,-1
1454187278240004,-1,1,-1,0,0,2,-1,-2
1454187278240004,-1,1,0,-5,-3,-3,-2,-2
1454187278261077,-1,-1,-3,-7,-8,-5,-3,-2
1454187278261077,-2,-1,-1,-2,-7,-7,-2,-1
1454187278262026,1,-1,1,2,4,0,-1,0
1454187278262026,1,-1,1,-3,0,2,-1,-1
1454187278276059,0,2,-1,3,3,1,-1,-1
1454187278276059,-2,-4,-4,-7,-6,-5,-2,0
1454187278284036,-1,-5,-4,-2,-5,-2,-2,-1
1454187278284036,-1,-3,1,4,3,2,2,-1
1454187278299103,0,-1,-1,-5,-3,-2,1,-1
1454187278299103,0,-2,-1,-2,-3,-1,-3,0
1454187278299103,-2,0,-2,3,3,-1,-1,-2
1454187278299103,0,-1,1,3,4,3,0,-1
1454187278321238,1,-2,-1,0,-1,2,0,-2
1454187278321238,-1,-1,-2,-3,-6,-2,-1,1
1454187278322211,-2,0,-1,-4,-1,1,-1,-1
1454187278322211,0,2,1,3,4,0,0,-3
1454187278344376,-1,-2,-6,-3,-2,0,-2,0
1454187278344376,-1,-3,-1,-1,-3,-2,-1,-2
1454187278345347,0,-3,-2,-4,-2,-2,-1,0
1454187278345347,-2,-1,-1,2,-3,-3,-3,-1
1454187278358384,-1,-2,2,0,0,0,0,0
1454187278358384,-1,1,1,-7,4,0,-1,-2
1454187278359358,1,-3,1,5,2,0,0,1
1454187278359358,0,0,-2,-3,-4,-2,0,1
1454187278381401,-1,-2,-1,0,0,0,-1,-2
1454187278381401,-1,0,-3,-3,-3,-1,-1,0
1454187278382375,-2,0,1,0,-1,1,1,-2
1454187278382375,0,-2,-1,-1,-4,-2,-2,1
1454187278404418,-2,-2,-1,-2,0,-3,-2,-1
1454187278404418,1,3,1,5,3,3,1,-2
1454187278405390,-2,1,0,-2,-2,-2,-1,-2
1454187278405390,0,-4,-3,-3,-4,-2,-2,0
1454187278418370,-1,-1,-1,1,2,2,0,-2
1454187278418370,0,0,2,3,0,-1,2,0
1454187278419376,-3,-1,-4,-3,-2,-3,0,-1
1454187278419376,-1,0,1,-1,1,0,-2,-1
1454187278441532,-1,0,-1,2,-3,-3,-2,-1
1454187278441532,-1,-2,-2,-6,-1,-2,-4,-2
1454187278442474,0,-1,1,4,3,1,-2,1
1454187278442474,-1,-1,-2,-3,-1,-1,-1,0
1454187278464546,-1,1,-2,-1,-1,-1,-2,0
1454187278464546,1,-2,-2,4,0,1,-2,0
1454187278465521,-1,1,2,-2,-2,-1,-1,0
1454187278465521,0,-5,-5,-1,-4,-5,-3,-1
1454187278478557,0,-2,0,0,-2,-3,0,-1
1454187278478557,-2,-1,0,-4,1,2,1,-1
1454187278479529,-1,-3,-1,0,-1,-3,0,-3
1454187278479529,0,1,2,3,3,1,1,-1
1454187278501545,0,-1,-1,-3,-7,-2,1,-1
1454187278501545,-2,0,1,4,1,-1,0,-3
1454187278501545,-1,-1,-2,-4,1,2,0,0
1454187278501545,-3,1,1,1,0,-1,-1,0
1454187278523589,0,-1,-3,-4,-1,-5,-2,2
1454187278523589,-2,-3,0,-10,-7,-4,-1,-2
1454187278524562,1,-1,0,14,7,4,2,0
1454187278524562,-2,-2,-3,-5,-3,-3,-2,-1
1454187278538600,-2,1,0,-2,-3,0,-1,0
1454187278538600,-1,1,-2,0,-2,-1,-1,-3
1454187278539574,-1,0,-3,-6,-6,-3,-2,-1
1454187278539574,-2,-1,0,0,0,0,-1,-2
1454187278561707,-2,-1,1,2,5,0,1,-2
1454187278561707,-2,-1,-2,-1,0,-2,-1,0
1454187278561707,-3,-1,-2,-4,-4,-3,-2,-1
1454187278561707,0,0,-2,1,0,1,-1,-1
1454187278583750,-1,2,1,-1,-2,-4,-2,1
1454187278583750,-1,1,-1,3,5,2,1,-1
1454187278584695,-1,-1,0,-1,-4,-3,-3,-3
1454187278584695,0,-2,-2,-2,-1,-3,-2,-2
1454187278598761,-1,-4,-2,-4,-3,1,-1,0
1454187278598761,0,-4,-1,1,0,-2,-1,2
1454187278599710,0,-2,-1,-3,-4,-1,1,1
1454187278599710,-1,1,-1,-8,-6,-2,-2,0
1454187278621750,-1,2,0,9,3,2,-1,-2
1454187278621750,-1,-3,-5,-3,-3,-3,0,-3
1454187278621750,1,1,2,-1,0,0,0,-1
1454187278621750,-2,-2,-3,-3,-2,-3,-1,-2
1454187278643793,0,-2,2,0,4,2,0,-2
1454187278643793,-1,-2,0,0,-3,-3,-3,1
1454187278644737,-2,-3,-1,-2,-2,-2,-2,-1
1454187278644737,-2,-1,1,2,5,3,2,-1
1454187278658803,-4,-1,-2,-1,1,-2,-1,-1
1454187278658803,0,-1,1,3,0,0,-1,-1
1454187278659755,-1,2,-1,-4,-4,-4,-1,-2
1454187278659755,1,1,0,0,0,-2,-2,0
1454187278681763,-3,0,-3,-4,-2,-3,0,0
1454187278681763,-2,-2,-2,0,-5,-3,-2,-2
1454187278681763,-1,0,-1,-1,-1,-2,0,-2
1454187278681763,0,-1,-1,0,-3,-2,-2,0
1454187278703818,1,-1,0,0,-1,1,-1,-1
1454187278703818,0,0,2,8,5,1,0,1
1454187278704798,0,-3,-3,0,1,1,-2,-1
1454187278704798,1,0,-1,-3,-3,-3,-1,-2
1454187278718817,0,-1,0,-4,-3,-1,-2,-3
1454187278718817,-1,2,0,-6,-1,-1,-2,3
1454187278719789,-1,-2,-1,-3,2,1,-1,0
1454187278719789,-1,0,1,4,2,1,1,0
1454187278740939,1,-2,-2,-5,-4,-3,-1,-2
1454187278740939,0,-2,-2,0,1,1,1,-3
1454187278741891,-2,0,-2,0,2,0,-1,1
1454187278741891,-1,-1,0,-3,1,-1,0,-1
1454187278764049,1,0,1,-1,-3,-2,-1,-1
1454187278764049,0,-2,-2,-3,-3,-3,0,-2
1454187278764992,-1,-1,0,-3,-1,-1,-3,1
1454187278764992,-3,-1,-1,-1,-2,0,-1,-1
1454187278779059,-1,0,-1,2,-1,-1,1,3
1454187278779059,-3,-2,-3,-4,-2,-1,-1,-1
1454187278780010,-1,-2,-2,1,0,0,0,0
1454187278780010,1,-2,-1,-4,-4,-3,-2,0
1454187278801075,0,0,1,2,2,2,-2,0
1454187278801075,0,-1,0,1,-2,-2,-2,0
1454187278802027,1,-1,-2,-7,-2,-3,-2,-1
1454187278802027,-1,-1,1,10,2,2,-2,-1
1454187278824196,0,-2,-2,-2,0,-1,-1,-3
1454187278824196,-1,-1,-3,-3,-3,-3,0,-1
1454187278824196,-2,-2,-1,0,-1,-1,0,-4
1454187278824196,-2,-1,-1,-3,-2,-4,-1,-1
1454187278839200,-2,-1,-1,-2,-4,-3,0,-1
1454187278839200,-1,1,1,0,1,1,-2,-2
1454187278839200,-1,-1,0,-3,-2,-1,0,0
1454187278839200,-1,-1,1,2,5,3,2,-1
1454187278862211,-1,-1,-3,-1,-1,2,0,0
1454187278862211,1,2,0,-3,-1,-2,0,0
1454187278862211,-1,-1,-1,-1,-2,-1,-1,-1
1454187278862211,-1,-2,-3,-5,-7,-2,-2,-2
1454187278884348,-1,-2,-1,0,1,-1,-2,0
1454187278884348,1,-1,-1,0,-2,0,0,-1
1454187278884348,0,2,2,4,3,2,-1,0
1454187278884348,0,-1,-1,0,-2,-1,0,2
1454187278899358,-2,-1,-2,-1,-6,-4,-2,-3
1454187278899358,0,1,0,-10,0,1,-1,1
1454187278899358,-1,-4,-1,1,-1,-3,0,-1
1454187278899358,0,-1,-3,-1,-2,-2,-1,0
1454187278921401,0,0,0,0,0,2,-1,-1
1454187278921401,-1,-1,0,-2,0,-2,-3,-1
1454187278922349,-1,-2,-2,2,2,0,-1,1
1454187278922349,-3,-1,-1,-2,1,-2,-2,-4
1454187278943415,-1,-3,0,-4,-1,-2,-2,-1
1454187278943415,1,0,-2,-1,-3,-5,-2,-2
1454187278944388,0,-2,0,-3,-4,-1,-2,-1
1454187278944388,0,1,0,3,4,4,0,0
1454187278958426,0,1,0,2,2,1,0,-1
1454187278958426,-2,-2,-3,-2,-4,-1,-1,-2
1454187278966433,-1,-1,-2,0,-6,-3,-2,1
1454187278966433,0,-1,-1,-6,-4,-1,-1,-3
1454187278981443,1,1,1,-3,1,0,1,0
1454187278981443,1,-1,0,4,0,-1,0,-2
1454187278982391,-1,-1,-2,-2,2,-1,1,-2
1454187278982391,-1,-1,0,0,-2,-1,-1,-1
1454187279003525,-1,2,0,-3,-2,-1,-2,-6
1454187279003525,0,-1,-2,0,1,2,-1,0
1454187279004549,-2,-1,-1,1,0,0,-1,-1
1454187279004549,0,-2,-2,-3,-3,0,-3,0
1454187279018560,-2,-2,-2,-2,-3,-2,-2,1
1454187279018560,-1,-2,0,-1,-3,-4,-1,-1
1454187279026593,-1,1,1,-1,2,3,-2,-1
1454187279026593,-1,1,0,1,0,-1,-1,-1
1454187279049729,-1,-2,-3,-2,-3,-3,-2,-1
1454187279049729,-3,-1,-2,1,0,1,0,-1
1454187279050672,0,1,-1,-3,-4,-3,-1,-2
1454187279050672,2,-1,0,4,2,0,1,-1
