Starting time:1454188602553562
Ending time:1454188615245882
1454188602553562,1,1,0,4,1,-2,-1,-1
1454188602553562,1,-2,0,-6,0,0,-1,0
1454188602555564,-2,-3,-3,-4,-4,-2,-1,0
1454188602555564,-1,-2,-1,-9,-2,-2,-1,-1
1454188602567573,0,-1,-2,2,2,1,-2,-1
1454188602567573,1,1,-1,-1,-6,3,0,-1
1454188602576555,-4,-1,0,2,0,-2,-2,-1
1454188602576555,-2,-1,-3,-1,2,-1,0,0
1454188602591565,1,-1,-2,-2,-2,-1,-2,-2
1454188602591565,-3,-1,-1,-3,0,1,-2,-1
1454188602592580,2,-2,0,3,2,0,1,0
1454188602592580,0,-1,0,-3,0,-1,-1,0
1454188602613594,-2,-2,-3,-3,-2,-5,-1,1
1454188602613594,1,1,-1,-1,0,-1,-1,-2
1454188602615582,-1,0,-4,-6,-5,-3,-2,-1
1454188602615582,-2,-3,2,3,0,1,0,0
1454188602627603,-1,-2,-2,-8,-4,-2,0,0
1454188602627603,-2,-2,1,12,2,-2,0,-1
1454188602636610,1,-1,-2,2,1,-2,0,0
1454188602636610,0,-1,-3,-11,-2,0,0,-2
1454188602651620,-3,-1,-1,-2,-6,-1,-1,-1
1454188602651620,-1,1,0,-1,2,1,0,1
1454188602652621,0,-1,0,2,0,-1,0,-2
1454188602652621,-1,-2,-2,-5,-1,-2,-1,-2
1454188602673636,0,-1,0,-2,-9,0,0,2
1454188602673636,0,-4,-1,-4,-2,-5,-1,-1
1454188602675642,0,-2,-1,4,2,1,-1,-3
1454188602675642,-1,0,1,-2,-5,1,-1,-2
1454188602696650,0,1,0,1,1,-3,0,-1
1454188602696650,-1,-2,-3,-2,-2,-1,0,0
1454188602697653,1,-1,-1,0,-1,0,-2,2
1454188602697653,-1,0,1,-1,0,-1,0,-1
1454188602711663,-2,-1,-1,0,-2,-2,-1,-1
1454188602711663,-2,0,-1,-5,0,-3,-1,0
1454188602712678,0,-1,0,3,-2,-1,-2,-3
1454188602712678,-2,-2,-3,1,0,-2,0,-1
1454188602733679,1,0,-1,-1,1,2,-1,-2
1454188602733679,-2,-3,-2,-3,-2,0,-4,0
1454188602735680,-2,-4,-2,-5,-6,-2,0,2
1454188602735680,0,0,-1,6,6,1,2,-1
1454188602747688,-2,-2,0,2,-1,-1,1,0
1454188602747688,-2,-2,-1,-6,-3,-2,-1,-1
1454188602756695,-2,-2,0,-1,7,0,-2,0
1454188602756695,-1,1,0,2,-4,2,0,0
1454188602771705,-2,-1,0,2,3,-1,0,-2
1454188602771705,-1,-1,-1,1,-2,-2,-1,-3
1454188602772706,0,-1,-2,-4,-3,0,-1,-2
1454188602772706,-1,0,-1,-7,-6,-2,-2,-2
1454188602793721,-1,0,-2,-3,3,0,-2,-2
1454188602793721,-1,0,1,5,3,-1,-1,-2
1454188602795723,-2,-1,0,-2,-5,0,0,-1
1454188602795723,-1,-3,-4,-13,-3,-3,-1,-2
1454188602807717,-2,-3,-1,7,-4,-1,-1,0
1454188602807717,-1,-2,-1,-1,2,-3,1,0
1454188602816737,-1,-1,-3,-2,0,-1,-2,-1
1454188602816737,1,0,2,0,0,-1,0,-2
1454188602831752,-2,-1,-2,-7,-3,-4,-1,0
1454188602831752,0,-2,-1,2,0,1,0,0
1454188602832735,-2,-1,-3,-2,-2,-1,0,-2
1454188602832735,-1,0,-1,0,0,-1,-1,0
1454188602853764,0,-1,-1,-3,0,0,-1,-2
1454188602853764,0,0,1,2,-2,-1,0,0
1454188602855765,0,1,0,-2,-3,1,-1,1
1454188602855765,-4,-1,-1,-4,-3,-4,-2,0
1454188602876417,0,-1,-3,1,-1,0,-2,0
1454188602876417,-2,-1,0,0,1,-1,-2,0
1454188602877990,0,-1,1,3,1,-1,-2,-1
1454188602877990,-1,-2,-2,-11,-3,-3,-2,-1
1454188602890998,-1,-2,0,7,0,0,-1,-1
1454188602890998,1,-1,0,-1,-3,-1,-1,-1
1454188602898006,0,0,1,1,-1,-3,1,0
1454188602898006,0,-1,-2,2,2,0,-2,0
1454188602914017,0,-1,-2,-8,0,-1,-2,0
1454188602914017,-1,-2,0,-2,0,0,-1,-4
1454188602915035,0,0,1,-1,-4,-1,0,-2
1454188602915035,0,-3,-1,1,-4,-2,-1,-1
1454188602936045,-1,2,-1,0,2,2,1,0
1454188602936045,-1,-1,-2,3,1,-1,-1,0
1454188602938043,-3,-1,-1,-2,6,-1,-1,0
1454188602938043,-3,-1,-2,-1,-4,-2,1,-1
1454188602951052,-1,-2,-1,-7,-5,0,-2,-2
1454188602951052,-1,1,-3,1,0,-1,0,1
1454188602957061,0,0,1,5,7,1,-1,-1
1454188602957061,-3,-3,-2,0,-5,-1,-2,0
1454188602974078,-2,-1,0,-1,-1,-3,-1,-1
1454188602974078,-3,-2,-3,-4,-2,-2,-1,-1
1454188602975078,-1,-2,2,-2,-4,1,-2,0
1454188602975078,0,-2,2,3,3,0,-1,-2
1454188602996094,-1,-1,0,-3,0,-3,0,0
1454188602996094,-1,-1,-2,-8,-7,3,-4,-2
1454188602998086,-2,-1,-3,2,-1,0,0,-2
1454188602998086,0,-1,-1,2,0,-1,-1,-1
1454188603010084,-3,-2,-2,-3,-2,-2,-1,-1
1454188603010084,-1,-2,-1,1,0,-3,-1,0
1454188603019091,0,0,-2,-1,3,0,0,-3
1454188603019091,1,0,0,-1,-2,3,-2,0
1454188603034156,0,-1,0,-1,-2,-1,-1,-1
1454188603034156,2,0,-1,-1,0,1,1,0
1454188603035161,-4,-2,-2,0,-5,-3,-2,-2
1454188603035161,-2,-1,-2,0,3,-1,0,-1
1454188603056172,-1,0,-2,2,-2,1,1,-3
1454188603056172,-2,0,-1,-1,0,1,-1,-1
1454188603058118,1,-3,0,-6,-3,-2,-2,-1
1454188603058118,-1,0,-1,2,0,0,-2,0
1454188603070183,-1,-3,-1,-5,-2,-3,-1,0
1454188603070183,-2,0,0,-3,-3,-2,-2,-1
1454188603079133,-1,-1,-2,0,-4,-2,0,-1
1454188603079133,-3,0,1,0,0,-2,0,-1
1454188603094143,-2,0,-4,0,1,0,-1,0
1454188603094143,1,-1,-1,-2,1,-1,-4,0
1454188603095159,0,0,-1,-3,-4,-1,-1,0
1454188603095159,1,-2,-4,-3,0,-1,-1,0
1454188603116214,0,-1,6,7,3,-2,-2,-3
1454188603116214,-1,-1,1,1,-5,-1,0,-2
1454188603118161,-1,-2,-4,-1,1,2,-1,1
1454188603118161,0,0,-2,-5,-1,0,1,-1
1454188603130188,1,0,-2,-4,-2,-1,1,2
1454188603130188,-2,0,-2,4,-1,-1,0,-2
1454188603139259,0,0,-2,-3,-8,-5,-2,-1
1454188603139259,-2,-2,-1,-7,-2,-2,0,0
1454188603154253,-2,-1,0,7,4,2,-2,0
1454188603154253,-1,0,1,-4,-3,-1,0,-1
1454188603155235,-3,0,-1,-3,0,0,1,0
1454188603155235,0,0,0,2,-1,1,-1,-2
1454188603176312,-1,-1,-1,-6,-5,-4,-2,-1
1454188603176312,-3,-1,-1,1,3,2,-2,-1
1454188603178304,0,-3,0,3,0,0,-1,-1
1454188603178304,-2,0,-1,-1,0,-2,-2,-2
1454188603190365,-2,-2,-2,-2,-3,1,1,0
1454188603190365,-1,-1,1,-1,0,-3,1,1
1454188603199353,0,-3,-4,-3,-2,-1,0,-2
1454188603199353,-1,-2,-1,0,-4,-2,-1,-1
1454188603214380,-2,-3,-4,-2,0,-1,0,-1
1454188603214380,-1,-1,0,1,2,0,0,-1
1454188603215327,-3,0,-1,-2,-3,-3,-2,-1
1454188603215327,1,-1,-2,-4,-4,-3,-1,0
1454188603236357,-2,-1,0,-5,-5,-1,-3,0
1454188603236357,-1,-2,1,14,9,0,-1,-1
1454188603238358,-1,0,2,2,-2,1,1,-2
1454188603238358,-1,-3,-3,-1,-2,-2,-1,-1
1454188603250354,-1,0,-3,-5,-5,-3,-1,-3
1454188603250354,1,-3,-3,-9,-6,1,-2,-1
1454188603259358,-1,-1,-1,1,1,-1,-2,-2
1454188603259358,-2,-1,-1,4,1,-1,-2,0
1454188603274384,-2,1,4,4,6,3,1,1
1454188603274384,-1,-3,-3,-3,-2,-2,-1,-2
1454188603275385,0,-2,-2,-2,0,-3,0,-1
1454188603275385,0,-1,-1,-2,-3,0,0,-1
1454188603296401,-2,-1,-4,0,-4,-2,-3,-1
1454188603296401,-2,-1,1,-1,-2,-3,-1,-3
1454188603298385,0,0,-4,-1,1,-1,-1,-1
1454188603298385,-2,-1,0,2,-2,0,0,0
1454188603310394,0,0,1,0,4,0,0,0
1454188603310394,0,-2,1,-8,-3,0,1,0
1454188603319455,-1,-2,-2,8,0,0,-2,0
1454188603319455,-2,-1,3,6,9,0,1,-2
1454188603333429,0,-2,-3,-3,-9,-1,-1,-1
1454188603333429,-1,-1,-4,-8,-5,0,-2,0
1454188603335412,-2,0,0,-5,-1,-2,-2,-1
1454188603335412,0,1,-3,0,1,0,-2,0
1454188603356517,-1,-3,-1,2,4,1,0,-2
1454188603356517,-1,0,0,-3,-2,-1,1,-1
1454188603357518,-1,0,-2,0,-3,1,0,0
1454188603357518,-2,-2,-1,-2,-3,-3,-2,-1
1454188603369529,-2,-3,-3,-5,-4,-3,0,-1
1454188603369529,-1,-1,-1,-1,-1,-1,-2,0
1454188603379553,-1,0,0,1,0,-1,-1,0
1454188603379553,-1,0,-1,-1,-5,-2,-1,-3
1454188603393563,-1,-1,-1,2,5,0,-1,-1
1454188603393563,-1,-2,-3,-5,-2,1,-4,-2
1454188603395545,-2,-1,0,4,1,-2,-2,-1
1454188603395545,-1,0,2,-1,1,-1,0,-1
1454188603416559,1,1,-3,-3,-4,-1,0,0
1454188603416559,-2,-1,-1,0,-1,-5,0,-1
1454188603417575,-1,-3,-2,-9,-11,-2,-1,-1
1454188603417575,1,-1,-1,3,2,3,0,0
1454188603429571,0,-1,2,6,6,0,1,-1
1454188603429571,0,0,-3,-1,-1,1,-3,-2
1454188603438575,1,0,-3,-5,-2,-4,0,-1
1454188603438575,-1,-1,-3,-2,-4,-2,-1,0
1454188603453588,-1,-1,0,-4,-5,-1,-3,-2
1454188603453588,0,-2,-3,-2,-2,-2,2,-1
1454188603455587,-2,-1,2,1,1,0,1,-3
1454188603455587,-3,-2,-2,-4,-5,-3,-2,-1
1454188603476602,-2,0,-3,-8,1,0,-2,-1
1454188603476602,-1,0,0,8,-2,-2,0,-2
1454188603477603,0,-1,1,2,4,0,-1,-1
1454188603477603,0,0,0,-4,-1,1,-2,-1
1454188603489614,0,0,-1,-2,-4,-1,-1,-1
1454188603489614,-2,0,-3,-2,-2,-1,-1,-2
1454188603498617,-1,-1,1,-2,1,1,-1,-1
1454188603498617,-2,0,0,0,1,2,-1,-1
1454188603513631,-1,-1,-1,3,2,-1,0,-2
1454188603513631,-1,-3,-1,-5,-2,0,-1,1
1454188603515630,0,-1,0,2,-1,-1,0,-2
1454188603515630,0,-3,-3,-1,0,0,0,-2
1454188603536713,1,-1,1,1,-2,-4,0,-2
1454188603536713,-1,0,1,2,3,-1,0,-1
1454188603537699,-3,-1,-2,-3,-1,2,1,-1
1454188603537699,0,-1,-1,1,1,-1,1,0
1454188603549704,-2,-3,-1,-4,-4,-3,-2,-2
1454188603549704,-2,-2,1,1,0,-1,-3,-1
1454188603558709,0,0,-1,-5,-5,-2,-2,-1
1454188603558709,0,-1,-1,-1,0,-3,-1,-1
1454188603573720,-2,-1,0,4,2,-4,-1,0
1454188603573720,0,-1,-1,-4,-4,2,-2,1
1454188603575722,-1,-1,-2,-1,5,0,-1,0
1454188603575722,-2,1,0,1,-6,0,0,-1
1454188603596738,-2,-1,-1,-4,-3,-2,-1,-2
1454188603596738,0,-2,-2,-2,-2,-3,0,-1
1454188603598739,0,0,0,3,3,2,1,-1
1454188603598739,-1,-3,-3,-4,-2,-3,-1,0
1454188603609769,0,-1,-2,3,2,1,0,-1
1454188603609769,-1,-2,-1,0,-3,-1,-1,-1
1454188603618752,-1,-1,-3,-6,-3,-1,-1,-2
1454188603618752,-2,-2,-1,-5,-4,-2,0,0
1454188603633779,-2,-2,0,6,0,1,-2,-2
1454188603633779,1,-2,0,3,2,-1,0,-1
1454188603635768,0,-2,-1,-3,-3,-3,-3,0
1454188603635768,0,-2,-4,-5,1,0,-3,-1
1454188603656781,0,-1,1,-1,-1,1,2,0
1454188603656781,0,1,1,0,-1,-1,-2,0
1454188603657780,-2,1,-1,2,-1,-1,1,-3
1454188603657780,-1,-1,-1,-3,-5,-2,-3,-3
1454188603669790,0,0,0,0,2,2,2,-1
1454188603669790,-3,-2,-2,-2,-3,-3,-1,0
1454188603678794,-1,-2,-2,-8,-2,-4,-2,-1
1454188603678794,0,-2,3,8,1,-2,-1,1
1454188603693808,-1,-1,0,-1,-4,1,-2,-1
1454188603693808,0,0,-1,1,1,0,-1,-1
1454188603695809,-3,-2,0,0,1,1,1,-1
1454188603695809,-1,0,-2,2,2,-1,0,-1
1454188603716837,0,-1,-4,-12,-2,-1,-3,-1
1454188603716837,-1,-1,0,5,-6,-2,-1,-1
1454188603717822,0,-2,2,-2,-2,-1,0,-1
1454188603717822,0,0,-6,-2,3,1,1,0
1454188603729832,-1,0,-1,3,-1,-2,-1,0
1454188603729832,0,0,-2,-4,-1,2,-2,-3
1454188603738836,0,0,0,2,0,-1,0,-2
1454188603738836,-1,-3,-1,-2,-3,-1,-1,-1
1454188603753849,-2,-2,-2,-4,-4,-2,-2,-1
1454188603753849,-2,-1,-2,2,3,1,0,0
1454188603755850,-1,-2,-2,-5,-5,0,-1,0
1454188603755850,-1,0,2,1,0,-6,-3,1
1454188603776913,-2,0,-1,3,0,2,-3,-2
1454188603776913,-2,0,1,-7,-3,-2,-2,-2
1454188603777927,-2,-1,-2,2,0,0,-1,1
1454188603777927,-1,-2,-1,-1,1,-1,0,-1
1454188603798945,-1,-2,0,-5,-5,-1,-2,-1
1454188603798945,-1,1,-1,5,5,-2,1,-1
1454188603800931,-1,-1,-2,-3,-1,3,-3,-2
1454188603800931,-1,0,0,-2,-5,-2,-3,-2
1454188603814048,-2,-4,-1,-3,-3,-4,0,-1
1454188603814048,1,-3,-1,-4,-1,0,-1,0
1454188603815995,-1,0,-2,2,0,1,0,-1
1454188603815995,0,-1,0,-1,0,1,0,-1
1454188603836064,1,0,2,4,-2,-2,-1,-3
1454188603836064,-1,-2,-3,-4,-1,1,0,-2
1454188603838005,-1,1,2,5,1,-2,-1,-1
1454188603838005,-1,0,1,-2,-2,1,0,-2
1454188603859017,-1,-1,-1,-3,-3,-2,-2,-2
1454188603859017,0,-1,-2,-7,-5,-2,-1,1
1454188603861022,-1,0,-2,6,2,0,0,0
1454188603861022,0,-1,-2,-2,1,-1,0,-2
1454188603874029,-1,-1,-2,0,1,-2,-1,1
1454188603874029,-2,-2,-4,-6,-6,-6,-1,0
1454188603876030,-2,-1,-1,-3,-3,0,-1,-1
1454188603876030,-1,1,0,4,5,1,0,0
1454188603896042,1,1,-2,0,2,-3,-2,-2
1454188603896042,-1,-2,-2,-1,0,5,-2,0
1454188603898048,-2,-3,-1,-5,-4,-2,-2,-1
1454188603898048,-1,-3,-3,-1,-3,-2,-1,-2
1454188603919124,0,-1,-2,-3,-2,-2,2,-2
1454188603919124,0,-1,0,0,-2,-2,0,0
1454188603921063,0,-2,-1,4,0,-1,-3,-2
1454188603921063,-1,-2,-1,-3,-2,1,-1,-2
1454188603934134,-2,-1,-2,-2,0,2,-1,0
1454188603934134,-1,1,0,-1,-5,-1,-3,-1
1454188603936073,-1,-1,-1,3,-1,-2,-1,0
1454188603936073,-1,-2,-1,-2,2,-1,-1,1
1454188603956148,-1,0,-1,-4,-5,-1,-2,-2
1454188603956148,-1,1,-1,-1,0,-2,1,-2
1454188603958109,-1,-1,1,-2,-1,-4,-2,0
1454188603958109,0,0,-2,7,2,3,0,-1
1454188603979104,-1,-1,1,-1,-1,1,-1,0
1454188603979104,-1,-2,-2,-2,0,-1,-1,-2
1454188603980122,1,-1,0,-8,-6,-4,-2,-2
1454188603980122,-3,-1,-2,-3,-2,-2,-1,-1
1454188603993129,1,0,-2,7,5,2,0,-2
1454188603993129,-1,-3,1,0,2,0,0,0
1454188604000135,-1,0,-2,-5,-2,-2,-1,0
1454188604000135,0,-2,-2,-7,-6,-2,-2,-2
1454188604016145,-2,0,-2,-2,-1,0,-1,0
1454188604016145,-2,-1,-1,0,0,-3,-2,-2
1454188604018148,-1,-2,-2,-5,5,2,0,-1
1454188604018148,0,-1,-1,8,-5,0,1,-2
1454188604039163,-1,1,-1,-2,-1,-2,2,-1
1454188604039163,-1,-1,-2,-1,-2,-2,-1,-1
1454188604040163,0,-2,-2,-3,-4,-2,-1,-1
1454188604040163,0,-1,1,-4,2,1,-2,0
1454188604053172,-1,-3,-2,2,-2,-1,-2,-2
1454188604053172,-1,0,1,2,1,2,0,-1
1454188604060231,-1,-2,-1,0,-1,0,-1,-2
1454188604060231,-1,-1,-2,0,-1,-3,-1,0
1454188604076274,-2,-1,1,-1,-3,-2,0,0
1454188604076274,-2,1,0,-2,1,-1,-2,0
1454188604078220,-1,-1,-2,-1,-4,-3,-3,-2
1454188604078220,-1,-3,1,-3,-1,-2,0,0
1454188604099292,-1,-1,-4,-5,1,-1,0,1
1454188604099292,0,-2,0,6,-1,0,-1,-1
1454188604100251,-1,-2,2,0,0,1,3,-1
1454188604100251,-3,-2,-1,-7,-1,-1,0,-3
1454188604113299,-1,-1,-2,5,-1,-2,-1,-1
1454188604113299,0,0,-1,-1,0,-3,0,0
1454188604120305,-1,-3,-3,-4,-6,0,-1,-2
1454188604120305,-1,-1,-1,0,0,-3,-2,-2
1454188604136393,1,-3,1,1,7,1,0,-1
1454188604136393,0,0,-1,-2,0,-1,0,0
1454188604138360,-2,0,0,4,3,-1,-1,-1
1454188604138360,-1,-1,3,1,-6,0,0,0
1454188604159357,0,-1,0,-8,-7,-4,0,-1
1454188604159357,-2,-1,-1,1,3,0,-1,-1
1454188604160356,-1,0,-2,-2,-1,1,-1,1
1454188604160356,-1,1,-2,2,0,-2,1,-2
1454188604173383,0,-2,0,3,-1,-2,-1,0
1454188604173383,-1,-3,-1,-3,-1,-2,-1,-2
1454188604179640,-1,-1,-2,-6,-3,-2,-2,-1
1454188604179640,-1,-1,-1,5,-3,-2,-2,-1
1454188604196648,-2,-2,-1,0,1,0,-3,0
1454188604196648,0,0,-1,-4,-1,0,0,-2
1454188604197644,0,-3,-1,0,-7,0,-2,-2
1454188604197644,-1,0,1,-3,4,-2,-2,0
1454188604218700,-1,0,0,1,1,0,0,0
1454188604218700,-1,-3,0,1,0,0,-2,1
1454188604220648,-2,-1,-2,-1,0,-4,0,-2
1454188604220648,-1,-2,-2,-5,-3,0,-2,-1
1454188604232709,-1,-1,-3,-2,-4,-2,0,1
1454188604232709,-2,-1,0,-1,-1,-1,-1,-2
1454188604241660,0,-2,-1,-2,-3,-2,1,0
1454188604241660,0,-1,0,-2,-1,-6,-2,-1
1454188604256725,0,-1,0,-6,2,3,-1,-3
1454188604256725,0,0,2,12,-3,0,1,1
1454188604257727,1,1,-4,-1,-1,-1,-3,0
1454188604257727,0,-1,0,0,-2,3,0,1
1454188604278713,-2,0,-1,0,0,-4,-1,-2
1454188604278713,0,0,-1,-5,0,3,0,0
1454188604280688,0,0,1,-3,-2,-2,-1,-2
1454188604280688,-1,1,0,8,6,0,-1,-1
1454188604292802,-2,-1,-2,-5,-10,-2,0,-2
1454188604292802,-2,-2,-2,-2,-1,-3,-2,-3
1454188604301772,-1,0,2,2,3,2,1,0
1454188604301772,0,0,-3,-7,0,-1,-2,-2
1454188604316782,-3,-1,1,0,-2,-1,-1,-2
1454188604316782,-1,-1,-3,-2,-4,-3,-2,-2
1454188604317671,-1,-2,-3,-3,0,0,-3,-1
1454188604317671,-2,-1,1,4,-2,2,0,-1
1454188604338707,-3,-3,-1,-2,-3,0,-1,0
1454188604338707,0,-2,-1,-12,-6,-7,-2,-1
1454188604340711,-1,0,3,13,4,3,2,1
1454188604340711,-1,-1,-2,5,4,2,0,-2
1454188604352701,-2,-2,-2,-6,-3,-3,-2,-1
1454188604352701,-3,0,-1,0,2,1,-1,0
1454188604361707,-1,-2,-1,-7,-5,-4,-2,0
1454188604361707,-1,-1,-2,-4,-5,-2,-1,-2
1454188604376838,3,-2,0,2,1,-1,-1,-2
1454188604376838,1,-1,-1,-1,2,-3,-2,0
1454188604377772,0,-1,1,0,-3,-2,0,-1
1454188604377772,0,-1,0,-2,-2,-2,0,0
1454188604398845,-2,0,-2,-4,0,-1,-2,-1
1454188604398845,-2,-2,0,4,-1,0,1,-1
1454188604400790,0,-1,-2,0,1,-1,-3,-2
1454188604400790,-1,-1,-3,-3,-1,-3,-1,-2
1454188604412853,1,0,-1,-1,-1,1,1,-2
1454188604412853,-1,-1,-1,-1,-3,2,1,0
1454188604421823,-3,-1,0,-9,-6,-1,0,-1
1454188604421823,-2,-1,1,8,0,-2,-2,-1
1454188604436874,1,1,2,2,8,4,-1,0
1454188604436874,0,-1,-2,-2,-2,-1,0,-2
1454188604438851,-1,-1,-3,-4,-2,-2,-1,-1
1454188604438851,-1,-1,0,-9,-6,-3,0,-1
1454188604458848,-1,-2,-1,3,-1,-2,0,0
1454188604458848,0,-1,0,0,1,0,-2,-2
1454188604460868,0,-1,-2,2,3,1,0,-2
1454188604460868,0,-3,-3,-7,-6,-2,0,-1
1454188604472893,-2,-1,2,4,-2,-2,-1,0
1454188604472893,-1,-1,-4,-5,-3,-2,-1,0
1454188604481847,-1,-2,-1,3,2,1,0,0
1454188604481847,-1,1,0,3,5,2,0,-1
1454188604495941,-2,-1,-4,-6,-5,-2,-3,-1
1454188604495941,-2,-1,-1,-5,-5,0,-1,0
1454188604497942,-1,0,1,8,7,0,-1,-1
1454188604497942,0,-2,-1,1,-3,-1,-1,0
1454188604519013,-2,-2,-1,-1,2,-1,-1,-2
1454188604519013,0,-2,1,0,1,2,0,-3
1454188604520960,-2,-2,-2,-7,-6,-5,-1,-1
1454188604520960,-2,1,-3,-5,-1,0,1,-2
1454188604533038,0,-3,-1,-4,-4,-4,-2,0
1454188604533038,-2,-1,-1,4,7,5,0,0
1454188604542077,-2,-2,0,0,-8,-1,-2,0
1454188604542077,-2,0,-2,-4,-1,-1,-3,0
1454188604556035,-2,-1,-4,-1,-3,-2,0,0
1454188604556035,-1,-1,-2,-3,0,-2,0,0
1454188604558033,0,-1,0,4,0,-1,-1,-2
1454188604558033,-1,-1,2,5,5,1,-1,1
1454188604579061,0,-2,-1,2,-3,0,-2,-1
1454188604579061,0,1,1,-7,-7,-4,-3,-2
1454188604580069,-1,-1,-2,3,-1,-1,-1,-1
1454188604580069,-1,-1,-1,-7,-4,-2,-1,1
1454188604593076,-2,0,-2,-1,3,3,0,-2
1454188604593076,-1,-3,0,2,0,-2,1,-2
1454188604602064,0,-1,-3,-3,1,1,0,0
1454188604602064,-1,-2,-1,-2,-2,-3,1,-2
1454188604616094,-2,-2,-1,-1,0,2,0,0
1454188604616094,-1,0,-2,-1,2,-1,-1,0
1454188604618077,-1,-2,2,-3,-8,-3,-3,-2
1454188604618077,-1,-1,-2,3,4,0,0,1
1454188604639110,0,-1,0,-5,-4,-3,-1,-1
1454188604639110,-2,-1,-2,-3,-5,-5,-2,-1
1454188604640111,-1,0,0,3,6,1,0,-1
1454188604640111,-1,-1,-1,-2,-5,2,-2,-1
1454188604653101,-2,0,-2,-1,2,-2,-1,-1
1454188604653101,0,-1,-2,1,-3,-1,-2,-1
1454188604661127,-2,0,-1,-3,0,-2,0,-2
1454188604661127,0,-2,-1,1,-1,0,1,-2
1454188604676137,-1,-1,-1,-5,1,0,0,-1
1454188604676137,-2,-2,-1,-3,-3,-3,-2,0
1454188604678123,-1,0,1,-2,-1,-1,0,0
1454188604678123,-1,-1,-2,-1,0,0,-3,-1
1454188604699189,-1,-1,-2,-2,-1,0,-1,0
1454188604699189,1,1,-3,-3,-3,-3,0,1
1454188604700197,0,-2,-1,-3,-6,-1,-2,-1
1454188604700197,-2,-1,-2,4,0,0,-1,-2
1454188604712158,1,0,1,3,5,1,-1,0
1454188604712158,-2,-1,1,-2,-1,-2,-1,-2
1454188604721170,-1,-2,-4,0,1,-3,-1,-2
1454188604721170,0,-1,0,-4,-3,-2,0,-1
1454188604736175,1,-2,-1,-1,-3,-1,0,0
1454188604736175,0,1,-2,-2,1,2,-1,0
1454188604742184,-1,0,-2,-7,-4,-2,-2,-1
1454188604742184,-1,0,0,1,1,2,-2,-4
1454188604759193,-2,0,1,2,1,0,1,0
1454188604759193,0,0,-1,2,1,0,0,0
1454188604760214,-1,0,-1,-1,1,3,-3,-1
1454188604760214,0,-3,-3,-1,-5,-5,-2,-1
1454188604781248,-2,-2,-1,-4,-4,-1,0,-1
1454188604781248,-1,-2,-2,-3,-1,1,-2,-1
1454188604783195,-1,-1,0,8,2,-1,-1,0
1454188604783195,1,0,-2,-5,-1,-1,-1,1
1454188604796212,-1,0,-2,-6,-6,-3,-2,-2
1454188604796212,-1,-3,-3,-4,-4,-4,-1,-3
1454188604798204,-1,-4,-1,9,5,2,1,-1
1454188604798204,0,0,0,-5,-2,-2,-2,-2
1454188604819273,-1,-1,-2,1,-4,-3,-2,-2
1454188604819273,-1,-1,1,-2,-3,3,1,-2
1454188604820239,0,-1,-2,-3,1,-2,0,-1
1454188604820239,-1,-3,0,1,1,-1,2,-2
1454188604841290,0,0,-1,1,-2,0,-3,0
1454188604841290,0,-1,-2,-4,-1,-3,-2,1
1454188604843239,0,1,-1,-5,1,0,-2,-1
1454188604843239,0,-1,3,11,4,3,-2,-1
1454188604856265,1,-1,-3,-3,-3,-6,-1,0
1454188604856265,-1,0,-3,-2,-2,1,-2,0
1454188604858265,0,-2,0,-1,-3,-1,0,0
1454188604858265,-2,-2,-1,-4,-2,-2,-1,-1
1454188604879271,-1,-1,-1,3,2,2,-1,-1
1454188604879271,0,-1,-1,6,6,-1,-1,-2
1454188604880262,-1,0,-3,-14,-9,-2,-2,-3
1454188604880262,-1,-1,-4,2,-1,-3,-5,-2
1454188604901296,-1,-1,3,4,-1,0,0,0
1454188604901296,1,-2,-2,1,3,3,1,0
1454188604903288,-2,-1,-1,1,6,-1,-1,-3
1454188604903288,-3,-1,-2,-7,-6,-4,-1,0
1454188604915394,-1,-2,-2,-4,0,1,0,-1
1454188604915394,0,0,0,5,-1,-1,1,0
1454188604922363,-2,-1,0,-2,-3,-1,0,0
1454188604922363,-1,-1,-2,-1,0,3,-1,-1
1454188604939415,-2,-1,-1,3,1,0,-2,-2
1454188604939415,-1,-1,1,-1,-1,-2,-1,-1
1454188604940424,-1,-2,-2,0,0,-1,0,-2
1454188604940424,0,-1,-2,-3,0,-2,0,0
1454188604961478,0,-1,-2,-3,-6,1,0,-2
1454188604961478,-2,-1,-1,-6,-6,-2,-1,0
1454188604963425,-2,-3,-1,-2,-1,-3,-2,0
1454188604963425,0,-2,0,6,1,-3,0,-1
1454188604975453,0,2,1,-3,-1,0,0,-2
1454188604975453,-2,0,-2,2,-2,0,-1,-1
1454188604982457,-1,0,-3,-7,-4,-2,0,0
1454188604982457,-1,-1,-3,-6,-2,-2,1,-2
1454188604998555,-1,-1,-1,2,1,-3,-1,-2
1454188604998555,1,0,1,1,1,1,-2,0
1454188605000516,-1,1,1,2,2,3,1,-1
1454188605000516,-2,-1,-2,-3,-6,-1,-2,-3
1454188605028577,-1,1,0,1,1,-3,0,1
1454188605028577,-3,-1,-1,0,-3,1,-2,0
1454188605030537,0,-3,-2,0,-1,0,-1,-1
1454188605030537,-1,-3,-2,0,1,1,0,-1
1454188605035527,-1,-3,-2,-4,-4,-4,-1,0
1454188605035527,-1,-2,1,-4,5,-1,0,-3
1454188605042585,-2,-1,-1,7,-7,-4,0,-1
1454188605042585,-2,0,0,0,2,-3,0,0
1454188605058682,-2,0,-2,-6,-4,1,-2,-1
1454188605058682,-2,-3,-2,1,0,-3,-2,0
1454188605060629,-1,-1,0,4,5,0,0,-1
1454188605060629,-2,0,0,-6,0,0,0,1
1454188605081664,-2,-2,1,3,1,0,0,1
1454188605081664,0,-2,-1,-3,-1,0,2,-2
1454188605082654,-1,-1,-1,-4,-5,-2,-2,-1
1454188605082654,-1,-1,-1,1,0,0,-1,-1
1454188605095655,-1,-1,0,2,4,2,-1,0
1454188605095655,-3,-1,-1,-3,-7,-4,-2,-2
1454188605102662,-1,-1,1,-1,3,-2,-1,1
1454188605102662,-3,-2,-6,-1,5,0,-2,-2
1454188605118725,-1,0,-1,-4,-5,0,0,-2
1454188605118725,0,-1,-1,-5,-2,-3,-2,0
1454188605120671,-1,-1,2,8,3,-2,0,0
1454188605120671,-1,-1,2,-5,-3,-1,-2,0
1454188605141741,-1,-2,-4,-4,-3,-3,-2,-2
1454188605141741,-1,-2,0,6,0,-2,0,-1
1454188605142713,0,-1,-2,-7,-3,0,0,-2
1454188605142713,-2,-1,-4,0,2,2,0,-1
1454188605155836,-1,-2,-1,1,1,-3,0,-2
1454188605155836,-2,-1,-1,-1,-5,-3,-1,1
1454188605162801,-1,-2,-3,-5,-6,-2,-2,0
1454188605162801,0,1,1,0,-3,-2,-1,-2
1454188605178911,0,0,-1,1,5,4,1,0
1454188605178911,0,0,-1,0,2,0,-1,-1
1454188605180872,-3,-2,-2,-4,-2,-3,-2,-1
1454188605180872,-2,-2,-2,-8,-6,-2,0,-2
1454188605201904,-1,-2,-3,-1,5,-1,-2,0
1454188605201904,-3,1,1,5,-6,-2,1,0
1454188605202889,1,0,-3,-4,4,0,-1,-1
1454188605202889,0,-1,6,6,2,2,1,1
1454188605215937,-2,-2,-4,-4,-1,0,-2,-2
1454188605215937,-1,-1,-6,-3,-3,-2,-1,-1
1454188605222906,-1,-2,0,0,-3,-3,0,-2
1454188605222906,1,-1,0,-2,-1,0,-1,0
1454188605238917,-2,0,-2,-1,-2,-3,-2,1
1454188605238917,-1,-1,-2,-3,-1,-2,-1,-3
1454188605240914,-1,-1,-1,0,1,2,1,-2
1454188605240914,1,-1,-2,-3,-3,-3,-3,-1
1454188605261930,0,-1,3,6,2,1,0,-4
1454188605261930,0,-1,-3,-1,-1,0,-2,0
1454188605262915,-1,-1,1,-1,0,1,0,-1
1454188605262915,-3,-1,-2,2,-2,-1,0,0
1454188605274978,-2,-2,-2,-11,-5,0,-2,-1
1454188605274978,-1,-2,0,1,1,0,-1,-1
1454188605284019,-1,0,1,5,-6,-2,-1,-1
1454188605284019,1,-2,0,-2,4,1,-2,-2
1454188605299082,0,0,-2,-2,-4,-3,-1,-2
1454188605299082,0,0,1,-3,-2,0,0,-2
1454188605301030,0,-3,-3,-2,0,2,-2,-1
1454188605301030,-2,-1,0,3,-2,-2,-1,0
1454188605321151,-1,-2,-1,-2,-4,-1,0,-1
1454188605321151,-1,-2,-1,-2,-1,-3,-1,-1
1454188605323097,1,1,1,2,2,-1,-1,1
1454188605323097,-1,1,-1,-2,-2,-1,0,0
1454188605335125,0,-1,-1,-1,1,-1,0,-1
1454188605335125,-1,0,-3,-3,-4,-1,0,-4
1454188605344111,-2,-2,-1,-2,0,0,-1,-2
1454188605344111,-1,-2,0,-6,-2,-2,0,-1
1454188605359136,-2,-1,-3,2,-2,-2,-2,0
1454188605359136,2,-1,2,5,0,-3,-4,-1
1454188605360137,0,0,0,-2,3,0,0,0
1454188605360137,0,-1,-3,-3,-2,-2,-1,-1
1454188605381157,-1,0,-2,-4,4,-3,0,-1
1454188605381157,-1,-2,-2,-3,-6,2,1,0
1454188605383150,-2,-1,-2,1,1,-2,-2,0
1454188605383150,1,1,0,1,-1,-1,-1,-1
1454188605395167,0,-2,0,-2,-2,-2,-2,1
1454188605395167,-1,-2,1,-1,2,0,-1,-1
1454188605411221,-1,-2,-1,-4,-4,-1,-1,0
1454188605411221,-1,-1,-2,-2,-2,0,-2,0
1454188605419184,-2,2,2,3,-1,0,-1,0
1454188605419184,0,-1,-2,-3,0,-1,0,0
1454188605420166,-1,-1,-3,-5,-5,1,1,-2
1454188605420166,-1,-1,-2,-2,-3,-3,-2,-3
1454188605441237,0,-2,1,3,-1,-3,1,0
1454188605441237,-1,0,-1,0,3,4,0,0
1454188605443193,-1,0,1,3,3,-2,-1,-1
1454188605443193,-3,-1,-1,-3,-1,-2,1,-1
1454188605455247,0,0,-1,3,-4,-1,-1,0
1454188605455247,-2,-1,-1,-2,3,0,1,0
1454188605464212,-1,-1,-4,-5,-4,-4,-3,-2
1454188605464212,-2,-1,-1,2,1,0,-2,-2
1454188605479323,-1,-1,-3,-3,-3,-3,-2,-1
1454188605479323,-1,-2,0,1,1,-1,-3,1
1454188605480264,-1,1,0,1,0,1,0,-1
1454188605480264,1,-2,-2,-2,-3,-3,-3,1
1454188605501297,-1,0,0,-3,0,3,0,-2
1454188605501297,-1,-2,-3,-2,-1,-1,-1,-3
1454188605503300,-2,-3,-1,-3,-1,0,-2,0
1454188605503300,0,1,1,4,1,0,2,-1
1454188605524313,-1,-1,1,-6,0,-2,-2,-4
1454188605524313,0,0,0,1,-1,-1,-2,-2
1454188605525295,0,1,-1,1,1,0,-2,0
1454188605525295,-1,-1,0,-1,-1,0,-2,0
1454188605539361,-2,-4,-1,-2,-2,-1,-1,1
1454188605539361,-2,1,0,-4,0,1,1,0
1454188605540366,0,-2,0,-1,-2,0,-2,-1
1454188605540366,1,0,-2,-3,-1,-1,-1,-1
1454188605561387,-1,0,-1,2,1,1,0,-1
1454188605561387,-1,-2,-1,-1,-3,-2,-1,-1
1454188605563370,-2,-2,-3,-3,0,-1,-2,-1
1454188605563370,0,-1,3,5,3,0,0,-1
1454188605575434,-1,-1,-3,-5,-5,-5,0,-2
1454188605575434,0,-1,0,-1,0,1,0,1
1454188605584386,0,1,1,7,2,0,1,0
1454188605584386,-2,-1,-4,-7,-2,-2,-1,-1
1454188605599448,-1,-1,-1,-3,-1,-2,0,-2
1454188605599448,-2,-1,-1,5,0,-3,-2,0
1454188605600450,0,-1,-3,-9,-3,-3,0,-1
1454188605600450,-3,-1,-1,-1,-5,0,-3,-2
1454188605621517,-1,0,0,-3,-2,0,0,-1
1454188605621517,-2,-2,-2,-3,1,-2,-3,-1
1454188605623515,0,-1,-1,0,-1,0,1,-1
1454188605623515,-1,-1,-2,0,-2,-2,0,-1
1454188605635521,0,1,0,2,2,2,-1,2
1454188605635521,0,-1,1,-2,-1,-1,1,-1
1454188605644533,-1,-3,-2,-3,-9,-3,-1,-1
1454188605644533,0,-1,-2,-6,0,-3,0,0
1454188605658601,-1,0,-2,0,2,4,-1,-2
1454188605658601,-1,-1,1,2,0,0,-1,-2
1454188605660562,-2,-1,-2,-5,4,0,-1,-1
1454188605660562,0,-3,1,2,-4,-3,-1,0
1454188605681616,0,-2,-3,2,-7,-3,-1,0
1454188605681616,0,-2,0,-2,3,1,0,-1
1454188605682582,-1,-2,1,1,-2,1,0,0
1454188605682582,0,0,-2,-3,-1,0,-2,-1
1454188605703680,-2,0,-1,-2,2,0,-2,-1
1454188605703680,1,0,-1,0,-4,-2,-1,-2
1454188605705632,0,0,-1,0,-1,-2,0,-1
1454188605705632,0,0,-1,1,2,1,-1,-2
1454188605718660,-1,-2,-1,-1,-3,-4,-1,0
1454188605718660,1,-2,-2,-3,-4,-2,-1,-1
1454188605720652,0,-2,-1,-2,0,-1,-2,-2
1454188605720652,-2,0,0,0,2,2,0,0
1454188605741761,-1,0,-1,1,-1,-1,0,-1
1454188605741761,-2,-2,1,-3,-6,0,-2,0
1454188605742706,0,1,-1,0,3,-2,-2,-1
1454188605742706,-2,-2,-1,-5,-4,-2,-2,-1
1454188605763723,-1,-1,1,6,4,-1,1,-2
1454188605763723,-2,-1,-1,-5,-3,-2,-1,1
1454188605765734,-2,-1,-2,-2,-5,-2,-1,-1
1454188605765734,0,0,-1,-4,3,0,-1,0
1454188605778752,1,-1,-2,0,-3,-1,-1,0
1454188605778752,0,0,0,3,2,-1,0,0
1454188605780735,-2,0,0,0,-2,-1,1,-2
1454188605780735,-1,0,1,0,-2,-2,0,1
1454188605801767,-2,-1,-1,-3,-1,0,-1,-1
1454188605801767,1,-1,-5,-4,-4,0,1,-1
1454188605802749,0,-2,0,1,3,1,-1,0
1454188605802749,-1,-2,-1,1,-2,-2,1,-2
1454188605823868,-1,-2,0,1,-3,0,-4,-2
1454188605823868,-1,0,-2,-1,2,-1,-1,-2
1454188605825852,-1,-1,-3,-4,-2,-1,0,0
1454188605825852,-1,-2,-1,0,-4,1,-2,-1
1454188605838964,1,0,2,2,0,0,-1,0
1454188605838964,-2,0,-1,-3,-3,-2,-1,-2
1454188605840930,-1,-1,-1,1,1,-3,-1,0
1454188605840930,0,-2,-2,0,-1,-2,0,-1
1454188605861961,-1,-1,0,-4,-4,-1,0,-2
1454188605861961,-2,-2,-1,2,1,-2,-1,0
1454188605862960,-2,-2,-1,-1,-1,3,-2,-2
1454188605862960,-1,-1,-2,-1,1,-2,-2,0
1454188605883994,-2,-1,0,-3,0,-2,0,0
1454188605883994,0,-1,-1,0,-1,-1,0,-1
1454188605885988,-1,-1,-1,2,-1,0,0,0
1454188605885988,1,-1,-3,-4,-3,-2,-1,-2
1454188605898000,2,-1,-1,0,-1,-4,-3,0
1454188605898000,0,-1,-1,-5,-1,-1,-1,-2
1454188605905059,-2,0,1,4,-4,-2,-1,-2
1454188605905059,-1,-1,-3,-4,0,-4,-2,-2
1454188605921070,-1,-2,0,-1,-4,4,-2,0
1454188605921070,-1,0,1,5,4,1,-1,-1
1454188605923016,-2,-1,-3,-3,-1,-2,-1,1
1454188605923016,-2,-2,0,-1,0,-1,0,-2
1454188605944086,-1,-1,-3,-4,-3,-4,-1,-2
1454188605944086,-1,-3,-1,0,-2,-2,-1,1
1454188605946048,0,-1,-2,-2,-2,-4,-1,1
1454188605946048,0,-2,-1,1,-2,-2,0,1
1454188605958097,0,0,-1,-4,-1,-1,0,0
1454188605958097,-1,1,1,3,1,-3,0,-2
1454188605965100,0,-3,0,-2,-2,-2,-1,-2
1454188605965100,0,-1,-2,-5,-3,0,0,-1
1454188605981150,0,-2,1,3,2,-2,2,-3
1454188605981150,1,0,0,-2,-3,-1,-1,0
1454188605983137,-1,-2,0,-3,-1,-1,-1,-1
1454188605983137,-1,-1,-1,1,-1,-1,-2,-2
1454188606004207,-1,-2,-1,-4,-4,-3,-1,0
1454188606004207,-2,-1,-1,2,-2,1,0,-2
1454188606005207,0,0,1,-1,4,2,0,-1
1454188606005207,-1,-1,0,2,-3,1,2,1
1454188606018296,0,1,-3,-4,4,1,0,-1
1454188606018296,-1,-3,2,2,-4,-4,-3,-3
1454188606025265,-1,-2,-1,2,0,-3,0,-2
1454188606025265,0,-1,-2,1,1,1,-1,0
1454188606041366,-2,-2,0,-3,-1,-2,1,-2
1454188606041366,-1,0,-2,1,0,-1,-2,0
1454188606043350,-1,1,-1,-2,-1,1,-1,-1
1454188606043350,-2,-2,0,1,0,0,-2,-2
1454188606064343,-2,-2,-2,-2,-1,-1,0,0
1454188606064343,-1,-2,-2,-5,-2,-1,-1,-1
1454188606065327,0,-1,-3,-1,-1,-5,-1,0
1454188606065327,-3,-1,-1,2,1,-1,2,0
1454188606078432,-1,1,-1,0,-3,-1,-2,0
1454188606078432,-1,-1,-3,-6,0,-2,-2,-2
1454188606085437,-1,-2,-2,-5,-6,-2,-3,-2
1454188606085437,-1,1,1,3,3,-2,-1,-1
1454188606101451,-1,1,-2,0,0,1,-1,0
1454188606101451,-3,-3,-2,-4,-4,-3,0,-1
1454188606103431,-1,-2,-1,-3,0,-2,1,-1
1454188606103431,-1,0,1,1,-4,2,-2,-2
1454188606124426,-1,-2,0,-1,-4,-4,-1,-4
1454188606124426,-1,0,0,-3,-1,0,0,-1
1454188606125411,1,-2,0,1,1,2,0,0
1454188606125411,-2,-1,-2,-2,-1,-7,0,0
1454188606138440,-2,-2,-1,1,1,3,-4,-3
1454188606138440,0,0,0,-1,-1,2,0,0
1454188606145444,0,-1,-3,-5,-3,0,-2,-2
1454188606145444,2,-1,2,6,1,-1,-1,1
1454188606161491,-2,-3,-3,-6,-2,-2,-1,-1
1454188606161491,-1,-2,0,9,1,-1,0,0
1454188606163459,-1,0,-1,-2,0,1,-1,-1
1454188606163459,1,-1,-3,-8,-5,-4,-2,-2
1454188606183507,-1,0,-1,3,3,0,-1,0
1454188606183507,-1,-1,1,-1,0,1,-1,0
1454188606185455,-1,-1,1,1,2,0,-1,0
1454188606185455,-3,-2,-3,-2,-8,0,-2,-1
1454188606197584,-3,-1,0,0,1,-3,0,0
1454188606197584,0,-3,-3,-1,-2,-1,1,-1
1454188606206519,0,-1,0,-2,-3,-3,-4,0
1454188606206519,1,1,-3,-7,-2,-2,-2,-2
1454188606221681,0,0,1,2,-2,0,-1,-1
1454188606221681,-1,0,-3,-2,0,0,-2,-3
1454188606222649,-2,0,0,-3,-2,-1,0,-2
1454188606222649,0,-1,0,0,5,2,0,1
1454188606243661,-2,-3,0,0,-1,-2,-1,-1
1454188606243661,-2,0,0,-2,-5,-3,-4,0
1454188606245662,-1,-1,-2,-6,-4,-2,-1,0
1454188606245662,0,1,2,7,3,0,1,0
1454188606257708,0,-1,-2,-4,1,1,2,-1
1454188606257708,-2,-2,-4,-7,0,-3,-2,0
1454188606266660,-2,-2,3,6,-3,-1,-1,-2
1454188606266660,-1,-2,-2,-3,-2,0,-2,-2
1454188606281680,0,0,-2,2,3,-1,-3,-1
1454188606281680,0,-1,-1,-1,0,1,1,0
1454188606282670,-3,-1,-3,-1,4,1,-2,-3
1454188606282670,-1,0,0,-6,-9,-2,-1,-1
1454188606303739,-2,-1,-1,-2,0,-2,-1,-1
1454188606303739,1,2,-1,0,1,1,0,0
1454188606305705,1,-1,-2,-1,-3,-2,0,-1
1454188606305705,-2,-1,-3,-4,2,2,0,-2
1454188606317750,-2,-1,-1,3,-4,-3,-1,0
1454188606317750,-1,-1,1,5,3,0,0,-1
1454188606326702,-1,-2,-2,-1,0,-3,-1,0
1454188606326702,0,-2,-2,-2,-2,-2,-2,-1
1454188606341710,1,0,-1,-4,-6,-3,-1,-1
1454188606341710,-1,-1,-1,-5,0,1,2,-2
1454188606342714,-2,0,0,5,-1,0,0,1
1454188606342714,-1,0,-1,1,3,0,1,0
1454188606363782,-3,-2,-1,-2,-3,-1,-1,-1
1454188606363782,-1,-1,0,-2,-3,-3,-2,-3
1454188606365742,0,-1,-3,-2,0,0,-2,-1
1454188606365742,-3,-1,-1,-6,-6,1,2,-1
1454188606377756,1,1,0,3,2,-2,-1,1
1454188606377756,0,-1,-1,-1,-3,-3,-1,0
1454188606386796,-1,-2,-1,-3,-1,-1,-2,-2
1454188606386796,0,1,-1,7,8,3,-1,1
1454188606401894,-1,-1,-2,-8,-4,-3,0,-1
1454188606401894,-1,-2,-2,5,-2,-1,-1,-1
1454188606402875,-1,0,-1,-3,1,-2,-3,-2
1454188606402875,-1,-2,-1,2,-1,0,-1,-1
1454188606423924,0,-1,-2,-2,-1,2,2,1
1454188606423924,-1,-2,0,-3,1,0,1,-1
1454188606425926,-1,-2,0,0,-4,-3,-2,1
1454188606425926,-1,-2,-3,-4,0,-2,-1,-2
1454188606438017,0,-1,-2,-1,-2,0,-3,0
1454188606438017,-2,0,0,-2,2,0,0,-1
1454188606447084,-1,-2,-2,0,-2,0,3,-1
1454188606447084,-2,-1,-1,-3,-2,-3,0,-1
1454188606461116,-1,-1,-2,-1,-2,-1,-1,-3
1454188606461116,-2,-1,-2,-4,-9,-2,0,0
1454188606463078,0,0,-2,-3,1,0,-2,-2
1454188606463078,1,0,2,0,5,1,1,0
1454188606483133,-3,-1,0,9,0,-2,-1,-1
1454188606483133,1,-1,0,1,1,3,-3,-1
1454188606492082,-3,-2,-2,-11,-6,-3,-2,-2
1454188606492082,-2,-4,4,4,-5,-2,-3,-1
1454188606498088,1,-2,0,1,5,2,1,-2
1454188606498088,-1,1,-1,3,3,-2,1,-2
1454188606506214,-1,0,-1,-3,0,0,1,0
1454188606506214,-2,-1,-4,-9,-4,-2,-2,-1
1454188606522217,0,-1,-1,-2,-6,-2,-2,-1
1454188606522217,-2,0,-1,0,1,-1,-1,0
1454188606523183,-1,0,0,2,-2,0,-1,0
1454188606523183,-2,-1,0,2,3,0,1,0
1454188606544233,-1,-3,-1,-1,0,-2,-3,-1
1454188606544233,0,-1,-2,-5,-2,-4,-2,-1
1454188606545233,0,-2,1,1,-1,-1,0,-1
1454188606545233,-2,-2,-2,-4,-6,-3,-5,-2
1454188606557243,-1,0,2,0,-2,-2,2,2
1454188606557243,-1,-2,0,1,0,-1,0,-1
1454188606566246,-1,-2,1,0,1,-1,1,-1
1454188606566246,0,-3,-1,0,0,-1,-2,-1
1454188606581205,0,1,-2,-5,-1,-3,-1,-1
1454188606581205,-2,1,0,-2,0,-2,-2,-2
1454188606583206,-1,-1,-1,1,-3,-3,0,-1
1454188606583206,0,1,-2,1,-1,-1,0,-2
1454188606604275,-3,-1,-4,-5,-3,0,-2,-1
1454188606604275,-1,-2,2,1,-2,0,0,1
1454188606605241,0,-2,-2,0,-1,-2,-2,-1
1454188606605241,0,-1,-2,-3,-3,-4,0,0
1454188606617232,-1,0,0,3,4,3,0,-2
1454188606617232,-2,-2,-2,-2,2,-1,0,-1
1454188606626292,-2,-2,-1,-4,-4,-1,0,0
1454188606626292,0,-2,-2,0,-1,-5,-4,-2
1454188606641302,0,-3,-3,-4,-5,0,-1,-2
1454188606641302,-1,-1,-2,3,0,-4,-1,-1
1454188606643250,0,0,1,1,3,4,0,0
1454188606643250,-1,-1,-1,-2,1,-1,0,-2
1454188606664318,-1,0,-2,-4,-3,-4,-2,-1
1454188606664318,0,-3,-2,4,-1,1,-1,-2
1454188606665265,-1,1,-2,0,-2,-2,0,-1
1454188606665265,1,-1,1,-3,-2,-1,-1,-1
1454188606686333,-1,-1,0,0,-1,0,-1,2
1454188606686333,0,0,-1,-3,0,1,-1,1
1454188606688317,0,-1,1,1,1,-1,-1,0
1454188606688317,-1,-1,0,0,-2,3,-2,-1
1454188606701344,-1,-1,-1,0,-2,0,1,-1
1454188606701344,0,-2,-2,-5,-3,-1,0,-1
1454188606703305,0,-1,-3,0,-2,-2,0,-2
1454188606703305,-3,-1,-1,2,1,-1,-1,-1
1454188606724359,-1,0,1,0,1,0,0,-2
1454188606724359,-1,-1,-1,-2,3,0,-1,-1
1454188606725306,-1,-1,-1,1,-10,-3,0,-1
1454188606725306,0,0,-2,-9,0,1,-1,-2
1454188606746376,-2,-1,3,8,1,0,-1,-3
1454188606746376,-2,-1,-4,-5,0,0,-1,-1
1454188606748340,0,-1,-2,2,2,0,0,-1
1454188606748340,-1,2,1,5,0,0,2,0
1454188606769336,-1,0,-4,-3,-4,-3,-3,-2
1454188606769336,0,-1,-3,-4,-4,-4,-4,-1
1454188606770338,-1,-1,0,-1,2,0,-2,-2
1454188606770338,-2,0,-1,1,0,-2,1,-1
1454188606784364,-1,-1,-1,-6,0,-1,-1,0
1454188606784364,0,-1,0,0,-7,-3,-2,0
1454188606785348,-1,-1,-2,-4,-1,-2,-3,-1
1454188606785348,0,-2,-2,0,-3,-2,-4,-1
1454188606806381,1,0,0,1,0,-3,-2,0
1454188606806381,-1,-2,-1,2,-2,-1,-1,-2
1454188606808364,-2,0,1,-5,-3,0,-1,-2
1454188606808364,-1,1,-1,-2,-4,-1,-2,-1
1454188606820392,-1,-1,-1,-1,2,2,2,-1
1454188606820392,0,0,-1,-1,1,0,-1,-1
1454188606827433,-1,-2,-1,2,1,1,1,0
1454188606827433,-1,-2,-4,-4,-5,-5,0,-2
1454188606843533,0,-2,-2,0,1,0,0,-1
1454188606843533,-2,0,0,2,-1,-2,0,-1
1454188606845495,0,0,-4,-3,3,0,-3,-3
1454188606845495,1,-4,1,4,1,1,-1,-1
1454188606866567,-2,-1,-3,-5,-2,-2,-3,-2
1454188606866567,-1,-1,-3,-4,-1,1,0,-1
1454188606867563,-2,-3,-4,-5,-4,-3,-1,-1
1454188606867563,-2,-1,1,6,1,-2,-2,0
1454188606880613,1,-1,0,-1,-2,-2,-3,-3
1454188606880613,-2,0,-1,-10,-4,0,-1,0
1454188606887618,1,-2,3,8,2,0,0,0
1454188606887618,0,-2,-3,0,4,-2,1,0
1454188606903584,0,-3,-2,-1,-3,2,1,0
1454188606903584,0,-2,-3,-3,-4,-4,-1,1
1454188606905575,-1,-3,-2,-2,-1,-1,-1,-1
1454188606905575,0,0,-1,-1,-2,-1,-1,-2
1454188606933608,-2,0,0,2,1,1,-1,-2
1454188606933608,1,-2,0,-3,-1,1,-2,-2
1454188606935595,-2,-2,-1,-4,-2,-1,-1,-1
1454188606935595,-1,-2,-1,-1,-5,-3,-3,-1
1454188606940610,-1,-1,0,1,4,1,2,-1
1454188606940610,-2,1,-1,-1,0,0,-2,-2
1454188606947616,-1,0,0,0,-2,-1,0,-1
1454188606947616,0,0,-2,-4,-5,0,-1,-1
1454188606963634,-1,-2,0,-5,-1,-4,-1,0
1454188606963634,-1,-2,-1,3,0,-2,1,-3
1454188606965636,-3,-1,-2,-3,0,-2,-2,0
1454188606965636,-2,-1,-1,3,3,1,-1,0
1454188606986645,-2,-1,-2,-5,3,-3,-2,-2
1454188606986645,-1,-1,-1,-1,-7,-2,-1,-3
1454188606987660,1,-1,-3,-4,-3,-1,-1,0
1454188606987660,-1,-1,0,-1,0,0,1,-1
1454188607000655,-2,-2,-1,2,-2,-4,-2,-1
1454188607000655,0,-3,-1,-2,2,-1,-2,0
1454188607007659,0,0,0,1,-1,-1,0,-1
1454188607007659,-1,0,0,-3,1,-1,1,-1
1454188607023661,-1,0,-1,1,-3,2,-1,-2
1454188607023661,-2,-2,-2,-6,-6,-4,-2,-1
1454188607025674,-1,0,-1,-2,-1,-3,-2,0
1454188607025674,-1,-2,-3,0,0,1,-1,1
1454188607046714,-1,-1,0,3,2,-1,0,-1
1454188607046714,-1,0,1,4,0,0,-1,0
1454188607047676,-2,-1,-1,1,-1,0,0,-2
1454188607047676,-1,-2,-3,-14,-6,-4,-1,0
1454188607060687,0,0,1,3,-2,-1,0,0
1454188607060687,0,0,0,6,3,1,1,-1
1454188607067692,-1,-1,-4,-6,1,-2,-1,0
1454188607067692,-1,-1,2,3,2,-1,-1,-1
1454188607083765,-2,-3,-3,-6,-13,-4,-3,-1
1454188607083765,-1,-3,-1,-2,4,-1,-3,-1
1454188607085721,0,-1,1,6,4,2,0,0
1454188607085721,0,1,-2,-3,-2,0,-1,-1
1454188607106738,0,-1,-1,1,0,-1,-1,0
1454188607106738,1,-1,0,-1,0,0,-1,0
1454188607107732,-1,0,-2,-3,-4,-4,-2,-1
1454188607107732,1,1,-1,-1,-2,-3,-2,-1
1454188607120748,0,-1,0,1,0,-1,-1,-1
1454188607120748,-1,-2,-1,-1,1,-1,0,-1
1454188607127752,-1,-3,-3,-5,-2,1,-3,-1
1454188607127752,-2,-1,0,-2,2,0,0,-2
1454188607143850,-2,-2,-1,4,0,-1,-3,-2
1454188607143850,1,0,0,0,-2,-1,1,1
1454188607145811,0,0,1,1,3,2,2,-1
1454188607145811,-1,-2,-1,-3,-8,-5,-4,0
1454188607166958,-2,-1,-3,-7,0,-3,-1,-1
1454188607166958,-2,-1,-3,4,6,0,-1,-3
1454188607167964,-1,2,0,-1,-6,0,-2,0
1454188607167964,0,-2,-1,-1,-1,0,0,0
1454188607180031,-1,-1,-1,-4,-4,-2,-1,1
1454188607180031,-2,-2,0,-3,0,-1,-1,-1
1454188607188999,0,-1,-1,6,1,-2,-2,-2
1454188607188999,-1,0,-4,-2,-3,2,-3,-2
1454188607204050,-1,-1,2,-1,-2,-1,-2,-2
1454188607204050,0,0,-3,-7,-4,-3,-1,-1
1454188607205986,-1,-2,0,-2,1,0,-1,0
1454188607205986,-1,1,3,4,5,1,1,0
1454188607227012,0,0,-3,2,-1,0,0,1
1454188607227012,-2,0,-1,-7,-5,-1,0,-1
1454188607228001,0,-3,-2,-2,-2,-2,-1,-2
1454188607228001,1,-2,0,0,-1,1,1,-1
1454188607240031,1,-1,-2,-3,1,1,2,-1
1454188607240031,0,-1,-2,4,2,-2,-2,0
1454188607249021,-3,0,0,-7,-11,-3,-1,0
1454188607249021,-3,0,-1,1,4,0,0,-1
1454188607264091,2,-1,-2,-3,0,-1,0,-1
1454188607264091,-2,-3,-1,5,-2,-2,-2,-1
1454188607266028,-1,-2,-1,-1,2,-3,-1,-1
1454188607266028,1,-3,-1,-2,-4,1,0,0
1454188607286107,-4,0,-2,-1,0,1,0,0
1454188607286107,-2,-1,-2,-5,-2,1,-1,0
1454188607288050,0,-1,3,2,1,0,0,-2
1454188607288050,-1,-1,-2,-2,-4,-4,-2,-1
1454188607300057,-1,0,-2,-6,-1,0,-2,-1
1454188607300057,0,0,0,6,-1,-1,1,-1
1454188607309084,1,-1,-2,0,3,-1,-1,0
1454188607309084,-3,-2,-1,-8,1,-3,-1,-1
1454188607324134,0,0,0,-1,-3,1,0,-2
1454188607324134,-2,-1,0,-1,-2,-2,0,-1
1454188607326094,0,-1,-1,-1,1,-1,-2,-2
1454188607326094,-1,0,-1,4,2,0,-1,0
1454188607354155,-2,-3,-2,-7,-6,-3,-2,-1
1454188607354155,0,-2,-1,-3,-1,0,0,-1
1454188607355093,-1,-1,2,9,2,0,-2,-2
1454188607355093,-1,0,-2,-2,2,1,-2,-1
1454188607360244,0,-2,-1,2,3,-1,0,-2
1454188607360244,-1,0,0,-3,-4,0,-1,-1
1454188607369239,-3,-2,-3,-4,-2,-2,-3,-3
1454188607369239,-2,-1,-1,-6,-6,-2,-1,-3
1454188607384271,-1,-1,1,3,2,3,1,-1
1454188607384271,2,0,0,-3,6,2,0,0
1454188607385253,-1,-1,-2,6,-2,-1,-1,1
1454188607385253,1,0,-1,0,-4,-4,1,-1
1454188607406329,-1,-2,-1,-5,-3,-4,-3,-1
1454188607406329,-2,-2,-3,-3,-3,-2,-1,-1
1454188607408266,0,0,-2,-6,-2,1,0,-1
1454188607408266,0,-1,0,6,0,-1,-2,-1
1454188607420340,0,0,-1,-1,-2,-1,1,0
1454188607420340,-1,0,0,-3,4,0,-2,-1
1454188607429306,-2,0,1,-1,-7,-2,-1,-1
1454188607429306,-2,-2,-1,-2,-1,-1,-2,-1
1454188607444355,-2,-1,-2,0,-2,0,-2,1
1454188607444355,-3,-1,-1,-1,-1,-3,-1,1
1454188607445296,-2,-2,-2,-4,1,-2,0,-1
1454188607445296,0,-2,-2,-3,-2,-2,0,1
1454188607466467,-1,1,-1,-1,3,1,0,-2
1454188607466467,0,-3,-3,2,-5,1,0,0
1454188607468446,0,-1,-2,-8,2,0,-1,0
1454188607468446,-2,-2,-1,9,-1,-2,1,0
1454188607480479,-1,-2,0,-5,-3,0,-1,-2
1454188607480479,-2,-1,-3,-4,-3,0,-1,-2
1454188607489464,1,-1,0,-1,0,0,0,0
1454188607489464,-1,-2,-1,-5,0,1,-2,-1
1454188607504486,-1,-3,-2,0,-4,-3,-1,0
1454188607504486,0,0,-1,0,-2,-1,-2,-1
1454188607505472,-1,-2,-1,2,-4,-1,-2,-1
1454188607505472,1,-1,-1,-3,3,2,0,-2
1454188607526545,-2,-2,1,4,4,0,1,-1
1454188607526545,-2,0,-4,-6,4,-1,-1,-2
1454188607528494,-2,-1,1,-1,-9,-2,-1,-1
1454188607528494,-1,0,-3,-2,0,-1,-1,-1
1454188607540528,-1,0,-2,-5,1,-1,-1,-1
1454188607540528,-1,0,0,2,0,-3,-1,0
1454188607549505,-1,-3,-1,4,7,2,0,0
1454188607549505,0,-1,-1,-7,-7,-2,0,0
1454188607564552,0,0,2,8,0,0,-4,0
1454188607564552,-1,-3,-3,0,0,1,-1,-1
1454188607565519,-1,1,-2,-4,-2,0,1,-1
1454188607565519,0,-1,-2,-3,-3,-1,-1,-1
1454188607586559,-1,-3,-2,-7,-3,-4,-2,-3
1454188607586559,-1,-1,1,5,1,1,1,0
1454188607588535,-1,-2,-1,-1,0,0,0,0
1454188607588535,-1,-1,1,0,-1,-2,-2,0
1454188607608575,-1,0,-3,-5,-5,-4,-1,-1
1454188607608575,-1,-2,-1,-1,-6,-2,0,-2
1454188607610550,1,-2,-2,0,1,-1,0,-1
1454188607610550,-1,2,-2,-2,-3,0,0,0
1454188607631592,-1,-3,-1,5,-2,0,1,0
1454188607631592,-1,1,0,-1,-5,-2,-2,0
1454188607632562,-2,-1,-4,-6,0,-5,-3,0
1454188607632562,-1,-1,3,6,-2,2,-3,-1
1454188607646605,0,-1,-1,-4,-1,-3,0,-1
1454188607646605,-2,-1,-1,-2,-2,-2,-2,-1
1454188607647573,-2,-2,0,1,-1,0,0,0
1454188607647573,-1,-2,-1,4,4,-1,0,-2
1454188607668595,-1,1,-2,-2,0,-1,0,-1
1454188607668595,1,-1,-2,-7,-3,-3,-1,-1
1454188607670589,-1,1,0,-4,-4,-1,-1,-1
1454188607670589,-3,-2,-4,-1,-2,-2,-1,0
1454188607683626,0,-1,1,4,3,4,-1,0
1454188607683626,-1,0,-1,-2,-4,-3,-1,-2
1454188607685600,-1,0,0,-2,-3,-3,-2,-2
1454188607685600,-1,-2,0,0,1,1,0,-1
1454188607706619,-1,-2,-3,3,-1,-1,-2,0
1454188607706619,-1,0,0,1,1,0,-2,0
1454188607707615,0,-3,-3,0,2,-4,0,-2
1454188607707615,-2,-2,-2,-6,-11,-1,-2,-2
1454188607728630,-1,-1,-3,-9,0,-2,-2,0
1454188607728630,-2,-2,0,11,3,2,0,-1
1454188607730631,-1,1,-1,-5,0,-2,0,-1
1454188607730631,-2,0,-4,3,1,-1,-2,-2
1454188607743701,0,-1,4,0,-4,-2,-1,-2
1454188607743701,-2,-3,-3,-2,1,0,-2,-1
1454188607749676,-1,0,-2,-2,-2,-1,-1,-1
1454188607749676,-1,-2,-1,-7,1,-3,0,-1
1454188607766687,-1,0,-1,1,-4,-1,-2,-2
1454188607766687,-1,1,0,1,3,0,1,0
1454188607767657,0,-2,-1,0,-1,-2,-3,-1
1454188607767657,-1,0,1,0,0,-3,0,-2
1454188607788731,0,-1,-3,-3,-1,-2,-1,-1
1454188607788731,-1,-3,-1,-6,-4,-4,-2,0
1454188607790673,-2,-1,1,6,6,4,1,-1
1454188607790673,-1,1,-2,0,0,-2,0,-2
1454188607803741,-2,-3,-2,-4,6,1,0,-1
1454188607803741,0,-1,0,-5,-10,-2,0,-3
1454188607809746,0,-1,0,4,-3,-1,-1,-1
1454188607809746,-1,-1,-1,0,2,-1,-1,1
1454188607826700,-2,-2,-2,-1,-1,2,-1,0
1454188607826700,0,-2,0,-4,0,-1,0,-2
1454188607827700,-2,-1,-1,-4,-3,1,-3,-1
1454188607827700,1,-3,-1,1,0,0,-1,0
1454188607848716,0,1,-2,-2,-2,-2,0,-1
1454188607848716,-2,0,0,-2,-1,3,-1,0
1454188607850716,0,-2,-3,1,-4,-2,0,-2
1454188607850716,-1,-1,1,3,3,3,1,0
1454188607863758,-1,0,-1,-1,-5,-1,-1,-1
1454188607863758,0,2,-3,-4,-3,-5,-2,-1
1454188607869792,-2,-1,-3,1,-2,-3,0,1
1454188607869792,-1,-1,-2,-11,-1,0,-3,-1
1454188607886784,-2,-1,-1,7,2,-2,-1,-1
1454188607886784,0,0,1,4,3,1,0,1
1454188607887743,0,-2,-2,-5,3,-2,-2,-1
1454188607887743,1,-2,-1,-2,-10,-4,-1,0
1454188607909772,-1,-2,0,-2,3,1,3,0
1454188607909772,-1,-2,0,0,1,0,-4,-2
1454188607910759,-3,0,0,2,1,2,-1,0
1454188607910759,-1,-1,-1,0,2,0,0,0
1454188607923796,-1,-1,0,0,-1,-2,-3,-3
1454188607923796,-1,-2,0,-5,-6,-2,-1,0
1454188607929830,0,-2,-1,-4,-5,0,-1,-2
1454188607929830,-1,0,-2,2,0,0,-1,-1
1454188607946841,-1,-1,-2,3,-3,-2,1,-1
1454188607946841,-1,-1,-3,-3,0,1,-1,1
1454188607947785,0,-1,-1,-5,-2,-2,-2,-1
1454188607947785,0,0,-1,4,1,0,0,1
1454188607968799,-1,0,-1,-1,0,-1,-2,0
1454188607968799,-1,-1,0,0,-1,-2,0,0
1454188607970801,-3,-2,1,-2,1,0,-2,-1
1454188607970801,0,-2,-1,-3,6,-3,-1,-2
1454188607983811,0,0,-1,-2,-7,1,0,-2
1454188607983811,-2,0,-1,1,0,-1,-1,-1
1454188607997877,0,0,-2,0,-4,0,-1,-1
1454188607997877,-2,-3,-1,0,3,-1,-2,1
1454188608006880,-2,-1,-1,0,1,-1,0,1
1454188608006880,0,-1,-1,1,0,0,-1,0
1454188608007828,0,-2,0,-2,-1,-1,0,0
1454188608007828,0,0,0,-3,-6,-2,1,-1
1454188608028862,0,-2,0,2,0,-1,-1,-2
1454188608028862,-1,-2,-1,-3,-1,-3,-1,-2
1454188608030843,-1,0,-2,-1,-1,-1,-1,0
1454188608030843,-3,-1,-2,0,-3,-1,-2,-1
1454188608043874,0,0,0,2,2,1,-2,0
1454188608043874,-2,-2,-1,-3,4,1,1,-1
1454188608049877,-2,0,-3,-1,-3,-1,1,-1
1454188608049877,-1,0,-4,-4,-2,-1,-2,-1
1454188608066869,-2,-1,-3,-3,-1,-1,-1,0
1454188608066869,-2,-3,1,6,6,-2,-1,-1
1454188608067870,0,-1,0,-6,-8,-2,-1,0
1454188608067870,-1,-1,2,-2,-1,-2,-1,-1
1454188608088911,-1,-1,-2,6,2,3,-1,0
1454188608088911,0,1,-1,0,1,1,-1,-2
1454188608090893,-2,-2,-1,-6,-5,-3,0,-2
1454188608090893,-1,-1,-2,2,-2,-4,-3,-2
1454188608102895,-1,-2,0,-2,1,-4,1,-1
1454188608102895,-2,-2,-2,-6,-5,1,0,-1
1454188608111931,0,0,-1,-2,4,2,-1,-1
1454188608111931,-2,-2,-1,5,0,1,-2,0
1454188608126942,0,-2,-2,-5,-2,-4,-1,-2
1454188608126942,-1,-1,-2,1,-5,-3,-1,-1
1454188608127913,-1,-1,0,2,4,1,-1,0
1454188608127913,0,-1,-3,-6,-3,-1,-2,-1
1454188608148980,-1,-2,-2,-3,-2,-4,-1,0
1454188608148980,0,-1,0,-2,-1,0,-2,0
1454188608150942,0,1,-1,0,0,3,-2,0
1454188608150942,-2,-1,0,0,-5,-1,0,-1
1454188608162238,-1,-1,-2,-3,-5,-3,-1,-1
1454188608162238,-1,1,-1,1,-4,-2,-2,-1
1454188608171244,-1,-2,-2,6,4,1,-1,0
1454188608171244,1,0,-1,-4,2,2,-1,-1
1454188608186302,-1,-1,-3,-6,-8,-3,-3,0
1454188608186302,-1,0,-3,0,0,-2,2,0
1454188608188264,-2,-3,1,1,-1,-5,-2,-1
1454188608188264,-2,0,-4,-5,0,2,-1,1
1454188608209266,-1,-2,0,5,1,0,0,-2
1454188608209266,-3,0,-1,2,0,-1,0,-2
1454188608210264,-2,0,-3,-2,-1,-1,-1,-3
1454188608210264,-2,-3,2,-1,-2,1,0,-2
1454188608222323,-1,0,1,-4,3,0,-1,0
1454188608222323,0,-2,-2,-5,-5,-2,-2,-2
1454188608231324,1,-2,0,-1,-3,-1,-1,-1
1454188608231324,0,0,-2,4,0,-1,-1,-1
1454188608246324,-1,1,-1,-4,2,2,0,0
1454188608246324,0,-1,0,2,-2,0,-1,-1
1454188608248325,-2,-2,-2,-1,4,-2,-2,0
1454188608248325,-2,-4,-3,-5,-12,-3,-2,-1
1454188608269352,-1,-2,-3,0,-1,-1,0,0
1454188608269352,0,-1,2,-1,1,0,-1,0
1454188608270340,0,0,-1,-3,-3,-3,0,-3
1454188608270340,-1,0,3,3,5,2,1,-3
1454188608282349,0,-1,-1,0,-2,-1,-3,-3
1454188608282349,-3,-1,-2,0,-2,-3,-1,1
1454188608291356,0,-1,-1,-4,-4,-3,-1,-1
1454188608291356,-2,0,-2,5,0,0,1,-1
1454188608306428,-1,2,-2,-3,1,1,0,-2
1454188608306428,-1,-2,-2,0,2,1,0,0
1454188608308417,-2,1,-1,1,-5,-1,0,-1
1454188608308417,-1,0,-2,-7,-3,-3,-4,0
1454188608329434,-1,-2,0,1,2,-1,-1,0
1454188608329434,-2,-3,-1,1,0,-1,-1,0
1454188608330417,-1,-1,-4,-2,1,0,-2,-1
1454188608330417,-1,-3,-2,-4,-3,-3,-2,-1
1454188608342426,-2,-3,-1,-1,2,-2,-2,-1
1454188608342426,0,-2,-1,-1,-7,4,0,-1
1454188608351451,-1,-1,-1,-5,-3,-2,1,0
1454188608351451,-1,0,-3,-1,3,-1,0,0
1454188608366553,-2,-2,-1,-5,-2,-4,-1,0
1454188608366553,-1,0,1,2,-1,-4,-1,-2
1454188608368516,-2,-1,0,2,1,4,0,1
1454188608368516,-1,-1,0,5,1,0,0,0
1454188608388530,-2,-2,-1,-5,-6,-4,-2,-1
1454188608388530,-2,1,-4,-6,-1,0,0,-2
1454188608390532,1,-1,-1,4,-1,0,-1,-1
1454188608390532,-2,1,0,-2,0,-4,0,-1
1454188608402543,-1,1,1,4,1,2,0,-1
1454188608402543,0,-1,0,-2,-1,-2,-2,-3
1454188608411549,0,-3,-1,-3,-2,-2,-1,-1
1454188608411549,0,-3,-2,-1,-1,0,1,-1
1454188608426691,-2,-1,-4,-1,-1,-2,-1,0
1454188608426691,-3,-1,-3,-4,1,0,-1,0
1454188608427692,-1,-1,3,3,6,0,-3,-3
1454188608427692,-2,0,-2,-3,-7,-3,-3,-2
1454188608448671,-1,-2,0,-6,-1,-3,-1,-2
1454188608448671,1,0,0,7,1,2,-2,-1
1454188608450654,-1,0,-2,-2,-1,0,1,-1
1454188608450654,-2,-2,-1,-2,2,1,-3,-2
1454188608462681,0,-2,-1,4,0,-2,-2,-2
1454188608462681,0,1,2,-5,-2,-2,0,-3
1454188608471722,-2,0,-4,-1,-2,-2,-1,2
1454188608471722,-1,1,-2,4,2,-2,-2,-2
1454188608486802,-2,0,-2,-5,-4,2,1,-2
1454188608486802,-1,-2,-1,-2,-3,-3,-1,0
1454188608487783,-3,-1,-1,1,0,2,0,-2
1454188608487783,-1,1,0,-2,4,-1,-1,1
1454188608508818,0,-2,0,3,-1,2,-1,1
1454188608508818,0,-2,0,1,1,0,-2,0
1454188608510819,-1,-4,-2,-5,-5,-2,-2,-1
1454188608510819,0,-2,-1,-3,-3,-4,1,-2
1454188608522811,0,-1,-3,1,-2,-2,-1,-1
1454188608522811,0,0,-1,-2,-6,1,0,0
1454188608531815,0,-1,-1,-6,1,-1,-1,-1
1454188608531815,-1,-1,0,7,3,-2,-1,0
1454188608546862,-1,-1,0,-6,-5,-2,-1,-2
1454188608546862,-4,-2,-3,5,2,0,0,-2
1454188608547860,0,-2,-2,-4,-4,-1,-2,-1
1454188608547860,-1,0,0,0,-2,-1,2,-2
1454188608568906,-2,-1,1,2,3,-2,-1,-1
1454188608568906,0,-2,-3,-6,-3,-3,-4,-2
1454188608570877,-2,-2,1,2,0,1,2,-2
1454188608570877,1,-1,-1,-3,0,1,0,0
1454188608590953,-1,-1,-2,1,2,0,0,1
1454188608590953,-1,0,-1,-3,-2,-2,-1,-1
1454188608598916,-1,-1,-2,1,-1,-1,-1,0
1454188608598916,0,-2,-2,-4,-5,-2,-2,-2
1454188608606908,0,-2,0,2,1,0,0,-2
1454188608606908,0,1,-1,-7,2,-1,1,0
1454188608607913,1,-1,-1,5,-3,-1,-2,0
1454188608607913,-2,-1,-1,-2,0,1,-2,-1
1454188608628973,-1,0,-2,0,-10,-3,-3,-1
1454188608628973,-1,-2,-1,1,1,-2,1,0
1454188608630975,-2,-1,-1,-1,2,-1,-2,-2
1454188608630975,-1,-2,0,0,0,0,0,-2
1454188608650944,-1,-1,-2,-6,-2,-2,-2,-1
1454188608650944,-1,-3,-1,0,-2,-3,-1,-1
1454188608652936,-1,1,0,-1,3,0,-1,-1
1454188608652936,1,-2,-3,0,-3,-2,-1,-1
1454188608666961,0,-1,-2,0,-1,-1,-1,-2
1454188608666961,-2,0,0,-1,-1,2,0,0
1454188608667947,-1,-1,-2,-1,-2,-3,0,0
1454188608667947,-1,0,-1,-3,-1,-1,-2,-1
1454188608689016,-1,-2,1,1,1,-4,0,-2
1454188608689016,1,1,-1,0,-1,2,-1,-2
1454188608690962,-1,-2,-1,-6,-4,-4,-1,-1
1454188608690962,-1,-2,0,7,5,1,1,0
1454188608710995,0,1,-1,-5,-11,-3,-2,-1
1454188608710995,0,-1,0,2,2,-2,-4,0
1454188608712977,-2,-1,0,2,2,1,-1,-2
1454188608712977,-2,-2,-2,-9,-3,-2,-2,-3
1454188608726042,0,-2,1,-1,0,-1,2,1
1454188608726042,-1,-2,-1,-1,-3,-3,-2,0
1454188608733003,1,0,0,-2,-3,-1,-1,0
1454188608733003,0,1,-1,2,1,1,-1,0
1454188608749022,0,0,-2,1,2,-1,-1,-1
1454188608749022,-1,-1,-2,-3,-5,-2,0,-1
1454188608751015,-1,-1,-1,-1,0,-2,1,-1
1454188608751015,-1,-2,-1,-2,-5,-4,-1,0
1454188608771033,-2,-1,-3,-2,0,1,-1,0
1454188608771033,0,-3,-1,0,-2,0,0,-1
1454188608773019,-1,-2,-2,-5,-4,-2,-3,0
1454188608773019,-2,1,1,2,-1,-1,-1,-2
1454188608786083,-1,0,1,5,4,0,1,0
1454188608786083,-1,0,-2,-6,0,-1,0,-2
1454188608793034,-2,0,-3,-3,-5,-3,0,0
1454188608793034,0,-3,2,-2,2,0,0,1
1454188608809064,-2,-1,-3,-6,2,2,-2,0
1454188608809064,-2,0,0,3,0,0,-2,-2
1454188608810066,0,-1,-2,-3,-1,-3,-2,0
1454188608810066,-2,-1,-1,-3,-6,-3,-2,-2
1454188608831116,-2,-2,-2,3,4,2,1,-2
1454188608831116,-2,-2,-2,-3,-4,-2,-4,-1
1454188608833062,-1,-1,-1,1,-1,0,-1,-3
1454188608833062,0,-2,0,0,0,-3,-1,-2
1454188608846126,-1,0,0,0,0,-1,0,-1
1454188608846126,-1,-2,-1,-5,1,-1,-1,-2
1454188608853094,-1,0,0,3,-1,0,0,-1
1454188608853094,-1,1,-1,-1,-2,0,-1,-1
1454188608869092,-1,-3,0,-1,-6,-4,-1,-2
1454188608869092,-1,1,-1,-1,4,-2,-1,-1
1454188608870103,0,0,-1,-4,0,-3,-3,0
1454188608870103,-3,-3,-3,-1,1,2,0,0
1454188608891161,-1,-2,-2,-3,0,-1,-3,-2
1454188608891161,-2,-1,0,3,-6,-2,0,0
1454188608893105,-1,-4,-2,0,-2,-4,0,0
1454188608893105,1,0,-1,-4,0,-1,-2,-2
1454188608906174,-1,-1,0,1,2,3,1,-1
1454188608906174,-2,-2,-2,-6,0,-1,-2,0
1454188608912259,-1,0,1,2,-3,-1,-2,-1
1454188608912259,0,-1,0,0,-4,-1,-1,-1
1454188608929269,0,-1,-3,-4,-2,-3,-1,-1
1454188608929269,1,1,0,2,4,3,0,-1
1454188608930233,-2,1,-2,2,0,0,-1,0
1454188608930233,-1,-2,-2,-4,-2,-1,-1,0
1454188608951289,-3,-1,-2,-7,-4,-4,-3,-3
1454188608951289,-1,-2,-2,6,-3,-3,-1,-1
1454188608953243,0,-3,-2,-3,0,-1,-2,0
1454188608953243,0,-1,0,4,2,0,-2,0
1454188608966258,0,0,-1,-4,-2,1,-2,-2
1454188608966258,-1,-2,-2,-6,-5,-1,-2,1
1454188608972299,-1,-1,-1,1,3,2,1,-3
1454188608972299,-1,-1,0,-1,-4,-2,0,-2
1454188608989311,0,-2,-1,2,0,-4,1,0
1454188608989311,-1,-1,0,-2,-2,1,-3,-2
1454188608990274,1,-2,0,-1,-3,4,1,0
1454188608990274,-2,0,-3,-5,0,-2,-1,0
1454188609011327,1,-1,-1,-1,-2,-1,-1,-1
1454188609011327,1,-1,1,8,3,-1,0,0
1454188609013310,-3,-1,-2,-9,1,1,-1,-1
1454188609013310,0,-1,2,6,0,2,-1,-2
1454188609026294,-1,1,-1,-6,-2,-1,-3,-2
1454188609026294,-1,-1,-1,1,-5,-2,0,-2
1454188609032306,0,-3,0,-1,-1,-2,0,0
1454188609032306,0,-1,0,3,2,1,1,0
1454188609049356,-2,2,0,4,1,0,1,1
1454188609049356,-1,-1,-2,-5,3,-1,-1,-2
1454188609050316,-1,0,-3,-3,-4,-2,-2,-2
1454188609050316,-2,-2,-2,-4,-5,-4,-1,-2
1454188609071334,-2,-1,-1,2,2,2,-1,-3
1454188609071334,-1,1,-1,-1,1,-1,-1,-1
1454188609073316,-2,-2,0,3,1,-2,-1,-1
1454188609073316,0,0,-3,-5,-3,-2,-3,1
1454188609085358,-1,-2,1,0,-1,-1,-2,0
1454188609085358,0,-2,-3,2,-1,0,-3,-1
1454188609094402,-2,-1,1,-1,0,0,0,-1
1454188609094402,-1,-1,-1,-4,-1,-1,0,0
1454188609109377,0,1,-2,3,-1,-4,0,-1
1454188609109377,-1,-1,-1,-9,-5,0,-1,0
1454188609110382,-1,-1,-2,4,-2,-1,0,-1
1454188609110382,-1,-1,1,5,5,3,0,-1
1454188609131410,-1,-2,-1,-2,-2,1,-2,0
1454188609131410,-1,-2,-1,-5,-4,-3,0,-2
1454188609133536,0,-3,-1,0,1,0,-2,0
1454188609133536,-2,0,-4,-2,-6,3,-1,-1
1454188609145548,-1,-3,0,-4,-2,-3,-1,-2
1454188609145548,-1,0,0,3,-1,-3,0,-1
1454188609154606,-1,-1,0,-2,-3,2,0,-1
1454188609154606,-1,-2,-1,-3,-1,-5,-2,-2
1454188609168679,0,0,-2,6,1,2,-1,-1
1454188609168679,-3,-1,0,-2,0,1,-1,-3
1454188609170666,0,0,-1,-1,-2,-4,1,0
1454188609170666,-1,1,-1,-1,2,-1,1,-1
1454188609191736,-1,0,-2,-4,-2,0,0,-2
1454188609191736,-2,0,1,-1,0,-1,-1,0
1454188609192733,-1,-3,1,2,-3,0,-1,0
1454188609192733,0,-1,-1,-2,-2,-2,-1,-1
1454188609204821,0,-1,-3,3,2,-1,-1,1
1454188609204821,0,-3,-1,-2,-2,1,-2,-1
1454188609213789,-3,0,-2,-3,-2,0,-3,-1
1454188609213789,0,-1,0,-2,-3,-3,-3,-1
1454188609228839,-1,-1,-2,-4,-7,1,0,-1
1454188609228839,-2,-1,0,0,2,2,0,0
1454188609230822,0,0,1,6,7,2,-1,-2
1454188609230822,-1,-3,-2,1,1,0,0,-2
1454188609251856,-1,-1,-1,-4,-1,-4,-1,-3
1454188609251856,1,-1,-2,0,-1,-3,-1,0
1454188609252815,0,-2,-4,-6,-7,-1,-2,0
1454188609252815,0,0,-1,1,2,-1,1,-2
1454188609264882,0,-1,0,3,0,0,0,-1
1454188609264882,0,-2,-3,-8,-5,1,-2,-2
1454188609273939,-2,-1,-1,5,4,-2,-1,-2
1454188609273939,-2,0,-1,4,1,-1,-1,0
1454188609289044,-1,-2,0,-5,-2,0,-1,-1
1454188609289044,-1,-2,-2,-2,-4,-3,0,-1
1454188609290993,-2,-1,-3,-3,0,3,-1,-2
1454188609290993,-2,-1,-2,-4,-4,-1,0,1
1454188609311056,-2,-1,0,1,-4,-3,-1,0
1454188609311056,-2,1,1,1,0,-2,-1,-1
1454188609313004,0,-2,-1,-2,-1,-3,1,-1
1454188609313004,1,-2,5,13,5,2,-1,0
1454188609325029,-1,-3,-4,-4,-4,-3,-3,-1
1454188609325029,-1,-2,-1,-3,-1,0,-1,-2
1454188609334069,-3,0,-1,-2,-2,-2,-1,-1
1454188609334069,-3,-1,-3,-6,-1,-1,-1,-1
1454188609349134,-1,1,-1,-5,-2,-2,0,-1
1454188609349134,-1,0,-3,9,4,-1,2,-1
1454188609350136,0,0,0,1,0,2,0,-2
1454188609350136,-3,-3,-3,-8,-3,1,-4,0
1454188609371149,1,-1,1,-1,-3,0,-2,-1
1454188609371149,-2,-1,-3,-6,-2,-3,0,1
1454188609373096,0,-2,1,0,-1,1,0,-1
1454188609373096,-1,0,-4,-1,-3,-2,-1,1
1454188609385124,-1,-1,3,4,2,0,2,0
1454188609385124,-1,0,-3,-2,-3,3,-2,-1
1454188609394111,-2,0,-3,-4,-2,-3,-1,0
1454188609394111,0,-1,0,-5,-1,-2,-1,1
1454188609409177,-2,-2,0,1,-3,-2,0,-1
1454188609409177,0,-2,-3,-2,3,0,-2,0
1454188609410176,1,2,6,3,-5,-3,-3,-3
1454188609410176,-2,-3,0,-6,-2,3,0,-2
1454188609431192,-2,1,2,12,6,-2,-2,-1
1454188609431192,-1,0,0,0,2,-1,0,0
1454188609433141,-2,0,-6,-5,-1,2,-1,2
1454188609433141,0,2,3,-3,-3,-4,-2,-1
1454188609445201,-1,-2,-2,-7,-4,-2,-2,-3
1454188609445201,-1,-3,-2,4,-3,-2,0,-2
1454188609454249,-1,1,3,-1,2,0,-2,-2
1454188609454249,1,1,-1,4,5,2,1,-1
1454188609469251,-3,0,-6,-5,-3,2,-1,0
1454188609469251,-2,-6,1,-6,-6,-5,-3,-3
1454188609470269,-1,-2,-3,-2,1,-3,0,-2
1454188609470269,-1,1,-1,2,-2,-1,-3,-1
1454188609491319,0,-4,-1,-1,1,-1,-2,-1
1454188609491319,1,2,2,1,3,0,-1,-1
1454188609493277,-1,0,0,1,-6,-3,-1,0
1454188609493277,-2,-3,-3,-6,-6,-2,-1,-2
1454188609514342,-2,-4,-4,-10,-6,-1,-1,0
1454188609514342,0,2,10,12,5,1,1,-1
1454188609515297,-1,0,-14,-2,5,0,1,-1
1454188609515297,-1,-4,-6,1,0,1,0,-2
1454188609529306,0,2,4,-4,-1,-2,-1,-1
1454188609529306,-2,-5,-3,-7,-4,-2,0,-1
1454188609530306,-2,-3,-2,0,-3,-3,1,-1
1454188609530306,-2,-1,6,-4,1,-4,-1,0
1454188609552314,1,3,4,8,5,3,0,-2
1454188609552314,0,-7,-14,-3,-2,-2,-4,-1
1454188609553307,-1,-1,5,0,-1,1,-2,0
1454188609553307,-1,-3,-8,-3,-7,-2,-1,-2
1454188609574323,-3,0,2,4,3,3,0,0
1454188609574323,-1,4,3,-2,-3,-2,-2,-2
1454188609575324,-2,-2,-6,-5,-3,-3,0,0
1454188609575324,-2,-4,-6,-1,0,-1,0,-1
1454188609589388,0,1,-3,0,-4,0,-2,-1
1454188609589388,0,-1,1,-3,0,1,0,-1
1454188609590353,-1,-1,6,3,-4,-5,-3,-2
1454188609590353,0,-1,-14,-2,-2,-3,-2,-1
1454188609611405,0,-1,-2,-3,4,-1,0,-2
1454188609611405,-3,3,3,0,-4,-2,0,0
1454188609613389,-3,-10,-9,-3,0,1,-1,-2
1454188609613389,0,4,7,0,0,-1,0,-1
1454188609634405,0,3,10,-1,-4,-2,-4,-2
1454188609634405,0,-8,-30,-4,-2,-2,0,-1
1454188609635382,1,3,19,-2,-1,-1,-2,1
1454188609635382,0,4,2,2,-1,-1,-2,-1
1454188609648431,-1,-11,-8,-5,-3,-4,1,-1
1454188609648431,1,8,0,0,2,1,-2,0
1454188609655435,-1,-3,0,-5,-2,-2,-1,-3
1454188609655435,0,0,-5,-1,1,0,-1,-1
1454188609671446,0,3,11,10,2,-2,1,1
1454188609671446,1,1,6,-1,-1,2,-1,-1
1454188609673412,-3,-8,-18,-7,-2,-1,-2,-2
1454188609673412,-1,-1,8,-4,0,0,0,-1
1454188609694418,-2,-2,-2,-1,0,-1,-1,-2
1454188609694418,-2,-1,2,-3,0,-3,-1,-2
1454188609695419,-1,3,3,3,-2,0,0,1
1454188609695419,-1,-2,0,0,-3,-3,-1,-2
1454188609708472,-1,-4,-9,-2,0,-1,0,-2
1454188609708472,-1,-5,0,2,-3,1,0,1
1454188609715479,1,1,-1,-4,0,1,0,-2
1454188609715479,-3,1,5,1,-1,-4,0,-1
1454188609731488,-1,-3,-15,-3,-4,-1,-3,-1
1454188609731488,-3,0,2,-4,0,-4,-2,-2
1454188609733455,2,0,0,2,1,1,1,0
1454188609733455,0,-1,-1,3,1,2,1,-2
1454188609753468,-2,-2,0,-4,-2,-3,-2,0
1454188609753468,0,0,3,2,-1,0,-1,0
1454188609755451,0,0,2,1,0,-1,-2,0
1454188609755451,-1,-4,-19,-1,0,-2,-2,-1
1454188609768515,0,2,3,-1,-3,0,0,0
1454188609768515,0,-1,11,-1,-3,-3,-1,1
1454188609775526,-5,-9,-26,-7,-5,-2,-1,-2
1454188609775526,-1,-3,3,-5,0,0,0,-1
1454188609791532,-3,1,2,2,0,-1,-1,-2
1454188609791532,1,0,-1,-1,0,2,0,0
1454188609793478,1,0,2,7,2,-3,-1,0
1454188609793478,0,-1,2,-2,-3,0,-1,0
1454188609813513,0,-3,-2,-1,1,-2,-1,-1
1454188609813513,-1,0,-19,-6,-3,-2,-1,-1
1454188609815493,0,5,4,-2,-1,-3,0,1
1454188609815493,-1,-4,-3,0,-6,0,-1,0
1454188609828522,0,3,5,1,4,0,-1,0
1454188609828522,-1,-3,8,-3,-3,-2,-3,-1
1454188609835525,-1,-1,7,-3,0,1,1,-3
1454188609835525,-1,5,5,-3,2,-1,0,0
1454188609851555,-1,-9,-7,-2,-3,-3,0,-1
1454188609851555,-1,-2,3,-3,0,-1,-2,-1
1454188609852554,-2,-1,-2,0,-1,-2,-2,0
1454188609852554,1,1,10,6,3,-2,-2,0
1454188609873554,-2,0,-15,-5,-2,1,0,-1
1454188609873554,0,-2,2,1,-1,-1,1,-1
1454188609875546,-2,0,1,-1,0,1,-1,-1
1454188609875546,0,-2,-7,-3,-2,0,0,-1
1454188609888601,-1,-1,2,4,-1,-3,-1,-1
1454188609888601,-3,-3,-22,0,-1,-3,-2,-1
1454188609895566,-1,4,1,-3,0,2,0,2
1454188609895566,-1,-3,2,-2,1,-2,-1,-1
1454188609911702,2,2,4,1,2,-2,-2,-1
1454188609911702,-1,1,5,2,-8,1,1,-1
1454188609912704,2,-2,-2,0,-2,0,-2,-2
1454188609912704,-2,-3,-10,-3,-3,-4,-1,-2
1454188609933804,1,0,0,-2,-3,0,-1,0
1454188609933804,-1,0,2,2,4,2,-2,-2
1454188609939809,0,-1,-3,0,0,-2,-1,-1
1454188609939809,-4,-1,2,0,-4,0,-2,-1
1454188609948776,-2,0,-1,1,-1,1,-2,-2
1454188609948776,0,-1,2,-1,2,-2,0,-1
1454188609954784,0,4,1,-1,-2,-1,1,0
1454188609954784,1,-2,-4,2,3,4,-2,-1
1454188609971855,-3,-3,-1,-2,-3,2,-3,-3
1454188609971855,-2,3,3,-4,-3,0,-1,-1
1454188609972834,-1,-7,-1,-2,-2,0,-1,-2
1454188609972834,2,-2,2,-1,0,-2,-1,1
1454188609993865,-1,-1,-7,-3,1,2,-1,-1
1454188609993865,-2,-3,0,2,1,-1,0,-1
1454188609995867,-2,-1,3,-3,-4,-4,-3,-1
1454188609995867,-3,-3,-4,0,3,-1,-2,-1
1454188610007875,-1,-1,1,-4,-9,-1,-2,0
1454188610007875,-1,-1,1,-3,1,-1,-3,0
1454188610016881,0,1,-4,-1,0,1,0,-1
1454188610016881,-1,-2,4,1,1,0,1,-1
1454188610031925,-1,0,1,6,7,0,0,-1
1454188610031925,-1,-2,-6,-2,-3,-2,2,-1
1454188610032941,-1,-3,-4,-5,-3,-4,-2,-1
1454188610032941,-1,-2,-4,-10,-4,-1,-1,-2
1454188610053940,0,0,7,8,2,-1,1,-2
1454188610053940,-1,-2,-16,-1,-3,-4,-3,-2
1454188610055953,0,-2,7,-1,3,2,0,0
1454188610055953,-2,2,2,-3,-6,-3,0,0
1454188610067963,-1,-3,-7,-9,-3,-3,-3,0
1454188610067963,1,0,5,3,5,1,2,0
1454188610076977,-1,-2,-1,1,0,0,0,-2
1454188610076977,0,0,-2,0,-2,-1,0,-1
1454188610090986,0,-1,0,0,-2,-1,1,-1
1454188610090986,0,-1,0,0,-5,-2,-2,-2
1454188610092967,-1,1,-2,0,0,0,-2,-1
1454188610092967,0,-1,0,-1,0,-3,0,0
1454188610114003,-1,-1,6,0,-1,0,0,1
1454188610114003,-2,-2,-22,-5,0,2,-2,0
1454188610116007,-1,-1,2,5,0,-1,-1,-3
1454188610116007,0,0,-2,-1,2,-1,-1,-2
1454188610128036,0,-1,-2,1,-2,-3,-1,-3
1454188610128036,-2,-1,5,-4,-3,-2,0,-1
1454188610136999,-2,-3,-3,-4,-3,-3,0,-1
1454188610136999,-2,-1,-9,-4,-4,3,-1,-1
1454188610151067,0,-1,2,3,2,0,0,-2
1454188610151067,-1,2,8,-1,-2,0,-2,-2
1454188610153026,-1,-3,-5,3,2,2,1,-1
1454188610153026,1,-2,3,1,0,-3,-3,-1
1454188610174047,1,1,-5,-6,-3,-2,-2,-1
1454188610174047,-1,-2,0,1,0,0,1,0
1454188610176041,-1,2,0,-1,-3,-2,-1,-1
1454188610176041,-2,-1,-4,-5,-6,-3,1,0
1454188610187034,0,0,-2,-2,-2,1,-1,0
1454188610187034,-1,-1,1,8,6,1,0,-1
1454188610197051,-2,1,1,0,1,0,-2,0
1454188610197051,-1,-2,0,0,0,-4,-2,-3
1454188610211161,-2,-1,-6,-9,-12,-2,-1,-1
1454188610211161,-1,-2,3,-7,1,-1,-1,-2
1454188610213123,0,-1,-1,7,2,-1,0,0
1454188610213123,-2,-1,3,4,-3,1,-2,-1
1454188610234177,-1,-2,-1,-6,0,-1,-1,1
1454188610234177,-2,-2,-1,-1,-2,0,-2,-1
1454188610235174,0,0,2,-8,-3,-2,-1,-4
1454188610235174,0,-2,-12,3,0,-1,-2,-4
1454188610247184,-2,-5,-15,-1,3,0,0,0
1454188610247184,-2,-3,2,-6,0,-3,0,1
1454188610256151,-1,-1,-3,-1,3,3,-1,0
1454188610256151,-2,-2,4,0,-3,1,0,1
1454188610271161,-2,1,2,-1,0,-2,-3,-1
1454188610271161,0,-2,-5,-4,-6,-3,-2,-1
1454188610273149,1,-1,-3,4,-2,-4,-2,-1
1454188610273149,0,1,2,6,5,5,0,0
1454188610294217,-1,-1,1,-2,0,-1,0,-2
1454188610294217,1,1,1,-6,-2,-1,-2,-1
1454188610295217,-2,-1,-5,-2,-2,-3,-2,0
1454188610295217,0,-1,-3,2,-2,-1,-1,-2
1454188610307277,1,0,4,2,3,1,0,-1
1454188610307277,-1,-1,1,0,-6,0,-1,0
1454188610316334,-1,-1,-3,-6,-2,0,0,0
1454188610316334,0,4,1,1,3,-2,2,2
1454188610331383,-2,-4,-3,1,0,0,-2,-1
1454188610331383,-3,-1,-2,-4,0,-2,-1,0
1454188610333366,-1,-2,4,3,0,0,0,-1
1454188610333366,-1,0,0,-4,-3,-4,-2,-2
1454188610354360,-1,2,4,0,-1,1,0,0
1454188610354360,0,-2,-2,0,1,1,-2,-1
1454188610355345,-2,-4,-1,-1,-2,-3,-1,0
1454188610355345,-3,-1,0,-4,-6,1,-3,-2
1454188610367463,-1,-2,-3,-2,-2,-3,0,-1
1454188610367463,-1,1,3,3,5,4,0,-2
1454188610376418,-1,0,-1,2,0,1,-1,-3
1454188610376418,-3,-2,0,-5,-5,0,-4,-2
1454188610391568,-2,-1,-2,-6,-5,-6,0,0
1454188610391568,0,-1,0,4,4,0,0,0
1454188610393537,-1,0,1,-6,-6,-1,-2,-1
1454188610393537,-1,-3,-4,-5,-3,-1,0,0
1454188610413583,0,-1,0,1,4,1,-3,-1
1454188610413583,-2,1,-1,0,-1,-3,-2,-1
1454188610415531,-2,-3,-2,-2,-2,-2,-1,0
1454188610415531,-2,-1,-2,1,1,-2,-1,0
1454188610436601,-2,-3,-4,-5,-2,-1,0,0
1454188610436601,-2,-1,3,3,0,-2,0,0
1454188610437560,-3,0,-4,3,0,-1,-1,-2
1454188610437560,-1,-1,-3,-8,-3,-3,0,0
1454188610451611,0,1,3,2,1,0,-1,-3
1454188610451611,-1,-1,-4,2,1,0,-3,0
1454188610453567,0,0,-2,-7,-6,-1,-1,-1
1454188610453567,0,-1,1,7,2,3,0,0
1454188610473590,-1,0,-1,2,-4,-7,-2,-1
1454188610473590,-1,1,5,1,1,-1,1,1
1454188610475571,0,-2,-3,0,2,-2,1,0
1454188610475571,0,-5,6,-4,2,-2,0,-1
1454188610496642,0,-1,-9,0,-2,0,-2,-1
1454188610496642,-2,0,0,0,4,-1,0,-2
1454188610498607,0,-1,6,-7,-8,1,-2,-1
1454188610498607,2,1,6,-1,-2,-2,0,0
1454188610511653,-3,-4,1,2,2,-3,0,1
1454188610511653,0,-1,0,3,0,1,-1,0
1454188610512653,0,0,3,-1,2,-3,-2,0
1454188610512653,0,-3,-23,-4,-1,2,-1,-3
1454188610533670,0,0,0,-4,-6,-2,-4,-2
1454188610533670,-1,-1,-2,-1,0,1,0,-1
1454188610539754,-2,-2,-14,0,-1,0,-1,-1
1454188610539754,0,0,4,3,-1,0,0,-1
1454188610556712,-1,1,2,-10,-3,-2,-1,-1
1454188610556712,-1,-4,-2,2,-3,-2,0,-2
1454188610557711,-1,2,3,8,8,3,0,0
1454188610557711,-1,-3,-1,-3,-5,-4,0,-1
1454188610571740,-2,3,-3,-1,0,1,0,-1
1454188610571740,-1,-5,-14,-5,-4,-2,-1,0
1454188610572725,1,-5,0,-4,0,2,0,0
1454188610572725,-3,1,1,-1,0,-2,0,-1
1454188610593791,-2,1,8,1,-2,-3,-1,-2
1454188610593791,0,1,-1,-1,-5,-1,-3,-1
1454188610595751,0,-2,-5,-3,-2,-3,-2,0
1454188610595751,-2,2,7,4,7,-1,-3,0
1454188610616887,0,-1,-8,2,-5,2,1,-1
1454188610616887,-3,-12,-10,-7,-4,-3,-4,-2
1454188610617841,-4,-1,-12,-4,-2,-2,-2,-3
1454188610617841,-1,-1,-1,0,0,-2,0,0
1454188610630860,-1,5,23,-1,2,2,0,1
1454188610630860,1,5,-2,3,-3,-1,-1,0
1454188610637857,1,2,-4,1,1,2,0,-1
1454188610637857,0,-5,1,-3,-2,0,-1,1
1454188610653932,-3,-6,-11,0,0,-2,-3,-2
1454188610653932,0,4,7,-6,-9,-3,-2,-1
1454188610655934,-3,-2,4,-1,0,-5,-2,-1
1454188610655934,-1,4,-10,5,5,3,0,-1
1454188610675998,0,-2,-5,0,0,3,0,1
1454188610675998,-4,-7,-4,-8,-4,-3,-1,-2
1454188610677980,-1,1,0,-3,-6,-4,-2,0
1454188610677980,0,-2,2,-3,-4,0,-2,-3
1454188610691009,1,0,8,0,-3,-3,-4,-1
1454188610691009,-1,1,-10,0,1,-2,1,-1
1454188610697995,-3,-2,5,5,3,2,0,-2
1454188610697995,-7,-2,2,-4,-4,-2,-2,-4
1454188610714062,0,-5,-8,-3,2,0,1,-1
1454188610714062,1,2,4,-3,-8,-1,-1,0
1454188610716027,1,-6,-9,-8,-5,-2,0,-2
1454188610716027,3,1,-1,3,2,0,0,1
1454188610736042,2,3,-1,7,1,1,0,-1
1454188610736042,-2,-5,4,1,7,1,-1,0
1454188610738024,-2,4,13,-3,-4,0,-2,-3
1454188610738024,-2,5,-7,-1,-1,0,0,-2
1454188610751052,-3,-5,-15,-5,2,-1,-1,-1
1454188610751052,4,6,6,0,-3,-3,-2,-2
1454188610758047,5,2,-8,4,0,1,0,1
1454188610758047,-5,-3,19,-5,-3,-2,-2,-2
1454188610774155,-5,-1,-20,2,0,-1,-1,-1
1454188610774155,0,-1,14,-2,2,0,1,-1
1454188610775154,-3,-2,3,-3,-2,-3,-3,0
1454188610775154,3,-1,-9,1,-1,-1,-2,0
1454188610796221,1,0,3,1,1,0,0,0
1454188610796221,-6,-1,-6,1,0,-1,-2,-2
1454188610798182,-2,-6,-13,-2,1,-3,0,-2
1454188610798182,-1,-4,5,0,-2,-4,-3,-1
1454188610819239,2,-3,-3,-12,-3,-1,-2,-1
1454188610819239,-8,1,3,14,-3,1,1,0
1454188610820226,7,4,3,1,1,2,1,1
1454188610820226,0,-5,-4,-4,-1,0,-1,1
1454188610834249,-4,-15,-3,-2,-3,0,-1,-2
1454188610834249,-1,2,-6,-3,0,-1,-1,-3
1454188610835249,-2,-6,-3,0,-2,-1,-2,0
1454188610835249,-5,16,1,-5,-3,-3,-2,0
1454188610856227,3,-5,5,0,-1,-2,0,0
1454188610856227,3,-2,-2,0,-1,-2,-1,0
1454188610858209,-2,0,16,2,2,-1,-1,0
1454188610858209,0,-5,-20,2,4,2,1,1
1454188610871245,-5,-4,-41,-2,-3,-5,0,-5
1454188610871245,11,-2,5,-3,0,0,-1,3
1454188610877278,13,13,16,0,0,0,0,4
1454188610877278,-33,-11,0,-3,-6,-1,-1,-7
1454188610894378,-36,0,10,-1,-4,-3,-6,-12
1454188610894378,2,-10,-12,-5,-3,0,-2,-2
1454188610895326,10,2,-10,1,3,0,0,2
1454188610895326,30,15,29,6,2,1,3,5
1454188610916392,2,-14,-15,-1,-2,1,2,2
1454188610916392,-11,-3,-27,-9,-4,-3,-1,-4
1454188610918375,-2,-2,6,-4,-2,-1,-12,-2
1454188610918375,-1,-1,-7,5,4,-5,7,-3
1454188610930401,5,3,47,13,1,2,3,6
1454188610930401,5,-2,-9,-7,-4,1,0,-1
1454188610937487,4,-5,6,-3,0,-2,-1,2
1454188610937487,7,-8,-10,-7,-6,0,-1,-1
1454188610954447,-20,14,-2,0,0,-2,-4,-7
1454188610954447,-10,-15,22,2,1,-5,-1,-7
1454188610955444,-6,-7,-1,-3,-3,-1,3,7
1454188610955444,21,14,5,0,-1,0,-6,6
1454188610976515,33,8,8,0,3,2,4,10
1454188610976515,-51,-15,-2,-5,-3,-2,-6,-11
1454188610978476,-23,-7,-54,1,-1,-3,-3,-7
1454188610978476,5,0,4,-4,-3,-2,-1,-4
1454188610990489,33,2,8,0,-1,0,1,7
1454188610990489,-3,16,8,4,2,3,6,5
1454188610999494,-25,-20,-4,0,-1,1,-7,-19
1454188610999494,-12,-4,-27,1,0,-1,-4,0
1454188611013504,9,-1,0,-5,-2,-2,4,0
1454188611013504,20,13,-31,-7,-3,0,2,2
1454188611015498,12,-10,37,11,3,1,5,8
1454188611015498,-13,-19,-57,-7,-1,1,-3,-4
1454188611036608,-43,4,6,-5,-5,-3,-5,-12
1454188611036608,7,1,3,2,4,1,9,4
1454188611037611,10,15,2,0,-5,-7,-24,3
1454188611037611,12,-5,3,4,5,1,9,1
1454188611050580,20,-1,4,-1,-1,2,-4,6
1454188611050580,-21,8,17,-3,0,-1,-4,-1
1454188611059583,10,-3,-8,-5,-7,-6,3,-9
1454188611059583,4,-3,52,4,-7,-2,-3,3
1454188611074600,-31,-6,-51,-1,9,1,-4,-5
1454188611074600,23,8,20,2,0,0,2,5
1454188611079604,5,-12,-5,-3,-1,0,5,1
1454188611079604,-36,1,-33,-7,-7,-1,-7,-7
1454188611096616,1,-5,10,3,4,-1,2,-3
1454188611096616,6,14,-8,15,2,1,-13,-11
1454188611097617,0,-21,36,-8,0,2,15,12
1454188611097617,-39,-11,-58,-16,-6,-5,-7,-16
1454188611109605,51,2,13,-6,-7,0,1,19
1454188611109605,-7,6,4,13,3,-5,-9,-11
1454188611118667,-9,17,3,8,9,0,-2,-5
1454188611118667,11,-8,12,-8,-5,0,2,-1
1454188611133678,-14,-10,-7,-11,-4,-1,0,-3
1454188611133678,30,-5,-8,6,-2,-1,5,12
1454188611135626,34,3,-4,-5,-6,-4,-18,2
1454188611135626,5,4,15,2,3,1,18,4
1454188611156660,-52,16,0,-1,-3,-4,-40,-10
1454188611156660,8,-1,57,5,1,2,40,2
1454188611157659,-21,37,3,-2,10,4,6,7
1454188611157659,-13,-35,-56,-15,-12,-4,-3,-2
1454188611169703,30,13,15,4,0,-1,18,0
1454188611169703,-30,-17,-10,-8,-2,-4,-19,-9
1454188611178709,-5,23,4,11,1,1,10,-1
1454188611178709,33,25,45,9,7,3,0,0
1454188611193719,49,-12,19,5,3,7,25,18
1454188611193719,-53,-57,-33,-22,-7,-2,-34,-8
1454188611195666,-82,-7,-39,-9,-10,-6,19,-25
1454188611195666,-8,-1,7,1,0,-2,-23,2
1454188611216816,12,-9,-3,5,-1,-5,-28,-9
1454188611216816,50,25,3,-7,-1,6,40,14
1454188611217778,107,-17,-16,-1,-3,1,-15,16
1454188611217778,-83,3,37,13,7,3,12,-5
1454188611229825,-80,25,14,-3,-1,-4,-6,-26
1454188611229825,32,9,-10,8,1,-4,-8,4
1454188611238779,1,-35,-19,-8,-6,-3,-6,-7
1454188611238779,73,16,-28,2,3,4,-34,22
1454188611253842,-5,-33,-15,-8,-7,-2,31,-3
1454188611253842,-18,28,31,-4,0,-2,19,-4
1454188611255790,-31,8,-17,0,-1,-1,-1,0
1454188611255790,22,7,32,5,0,-3,-15,-6
1454188611276858,2,2,-13,12,2,3,-9,4
1454188611276858,15,-51,-57,-21,-10,-4,-11,-3
1454188611277808,-17,28,33,9,6,2,10,-6
1454188611277808,17,0,6,1,4,3,16,12
1454188611289828,-22,15,16,1,1,-4,-3,-9
1454188611289828,8,-6,-37,0,-3,-1,-2,0
1454188611298834,14,-9,-4,-10,-4,-5,-11,-3
1454188611298834,2,3,-11,-3,0,-4,-2,-6
1454188611313885,39,0,22,6,-1,3,19,13
1454188611313885,-89,-7,-14,4,6,0,-1,-13
1454188611315860,54,24,84,4,-6,-8,-36,-8
1454188611315860,-14,-21,-93,-23,-8,-4,6,-8
1454188611336878,27,-31,10,-2,-7,-3,5,10
1454188611336878,52,19,11,5,-1,-4,-7,2
1454188611337862,-35,-2,14,-8,-4,2,16,-3
1454188611337862,-2,8,33,13,1,-3,8,-6
1454188611360877,27,26,-13,-19,0,-4,-16,-3
1454188611360877,24,-3,-22,0,-4,3,-8,1
1454188611362880,68,-1,-20,3,3,8,18,21
1454188611362880,-76,-7,3,6,1,-8,-9,-17
1454188611374927,-19,-22,-30,-14,1,0,-7,-8
1454188611374927,12,3,44,-13,-9,-6,-9,-5
1454188611375889,11,-3,-25,4,2,1,-2,10
1454188611375889,-3,-8,9,-10,-11,0,25,-7
1454188611396905,58,17,5,-2,-10,-5,-4,12
1454188611396905,-80,-6,4,5,10,0,-7,-12
1454188611397906,7,-7,-8,-11,-7,-2,-5,-9
1454188611397906,48,3,7,14,6,1,-3,16
1454188611418962,1,2,1,-5,1,1,10,-1
1454188611418962,-39,-6,6,-6,-20,-10,-16,-5
1454188611420943,-22,-11,-36,-15,2,4,13,8
1454188611420943,8,4,40,7,5,2,-9,-4
1454188611433969,38,-4,-7,4,5,1,-2,-2
1454188611433969,5,9,-13,-11,-8,-1,5,6
1454188611435956,11,10,-13,-22,-29,-2,1,6
1454188611435956,51,-5,-1,58,43,8,8,5
1454188611456033,-26,-8,7,-14,-2,-3,-5,-2
1454188611456033,35,30,-8,-9,18,6,6,22
1454188611458019,-80,-33,13,26,-1,1,17,-2
1454188611458019,50,23,0,-18,-23,-8,-14,-9
1454188611479054,-57,-15,-16,-27,-7,-13,-32,-18
1454188611479054,15,-3,30,14,7,3,3,-7
1454188611481040,14,5,1,13,3,-1,-2,-10
1454188611481040,-93,-7,2,-28,-11,0,9,-4
1454188611494098,36,5,-7,17,6,2,4,8
1454188611494098,44,0,15,-2,-10,-1,-9,20
1454188611495157,-2,2,-7,-13,-1,-6,-2,-11
1454188611495157,-19,-11,15,13,15,0,-8,-5
1454188611516167,4,0,-50,-17,-16,-3,1,0
1454188611516167,4,11,19,-1,0,2,3,-3
1454188611518116,55,8,6,24,18,6,1,19
1454188611518116,-59,-16,41,15,13,-4,-9,-13
1454188611539148,30,5,-6,8,0,1,10,11
1454188611539148,22,2,-16,-25,-8,-6,-8,-14
1454188611540134,75,30,6,34,11,7,4,16
1454188611540134,-20,-16,-15,-32,-6,0,9,19
1454188611553156,-95,-37,13,3,4,0,-16,-17
1454188611553156,-29,-7,10,24,3,2,1,-12
1454188611559545,-43,-6,15,-17,-7,-3,1,-9
1454188611559545,90,24,-8,-24,-18,0,-1,10
1454188611576612,6,7,16,16,10,3,9,1
1454188611576612,59,0,-4,8,5,-4,-9,5
1454188611578568,-45,-11,4,-20,-4,-1,-6,-5
1454188611578568,-25,-8,-13,-5,-14,-5,4,-12
1454188611598591,-16,-8,6,5,5,-1,-6,0
1454188611598591,4,2,-14,2,-1,-1,-3,1
1454188611600572,-14,-4,-16,0,-1,-5,-5,-4
1454188611600572,21,0,-4,-14,-11,-1,-18,-4
1454188611613602,17,12,6,4,3,2,34,-3
1454188611613602,70,3,9,14,6,6,12,30
1454188611619606,-91,-20,-17,-1,4,-3,-9,-20
1454188611619606,52,-1,-15,-16,-15,-8,-8,-5
1454188611636618,-22,3,10,-4,-5,-5,0,-2
1454188611636618,1,-4,-6,-4,-6,3,3,-3
1454188611637619,27,24,11,1,15,3,6,8
1454188611637619,-70,-47,-9,9,-4,-8,-10,-16
1454188611658634,25,16,3,-3,-7,2,1,1
1454188611658634,-9,-6,4,-5,-2,-5,-2,-9
1454188611660616,17,1,-7,-11,-13,-2,-10,-4
1454188611660616,17,18,-2,-12,-6,-2,7,6
1454188611672690,-15,5,14,16,-2,2,-5,-4
1454188611672690,-36,-6,-33,-23,15,8,3,0
1454188611681683,28,-9,21,11,3,-1,-3,1
1454188611681683,-27,2,-19,-14,-5,2,5,1
1454188611696831,1,-6,-1,-7,-9,-3,-6,1
1454188611696831,-23,0,9,-19,-14,-6,-3,-1
1454188611697794,-18,-16,-16,-1,-1,-6,-8,-12
1454188611697794,-7,5,9,-2,2,1,6,3
1454188611718848,43,11,0,4,1,1,-10,1
1454188611718848,-43,-5,-12,1,2,-2,-10,-14
1454188611720796,-5,-10,-6,-10,-3,3,10,3
1454188611720796,20,7,7,-6,-2,2,1,5
1454188611732822,-44,-11,0,8,-2,-3,-7,-9
1454188611732822,1,2,9,13,5,0,1,3
1454188611739817,-39,-5,-25,-8,-5,-4,-8,-9
1454188611739817,49,9,4,8,6,0,-1,7
1454188611756819,5,-6,-10,-12,-3,0,0,-2
1454188611756819,0,23,14,-2,-9,0,6,-1
1454188611757830,-27,-24,-14,45,36,8,6,0
1454188611757830,89,38,2,-5,-5,-2,0,7
1454188611778855,-36,-14,-12,9,1,-4,-3,-3
1454188611778855,-51,-19,-31,13,-3,-5,-3,-11
1454188611780855,22,10,7,-25,-18,-6,-3,-4
1454188611780855,7,-2,-1,14,13,1,1,0
1454188611792865,12,10,1,3,2,-3,-3,7
1454188611792865,-22,-3,9,6,-3,2,4,-4
1454188611799935,-18,-2,-6,-8,-3,-4,-8,-5
1454188611799935,7,-6,-1,9,8,3,4,4
1454188611816930,-22,1,-1,-9,-6,-2,-1,-11
1454188611816930,16,-7,-8,-12,-12,-5,0,4
1454188611817929,11,2,6,16,-4,0,-5,2
1454188611817929,-63,-8,14,18,10,8,9,-5
1454188611838986,31,-2,-9,-7,2,-3,2,-10
1454188611838986,-39,-16,1,-2,1,-2,-12,-11
1454188611840931,26,6,3,-18,-9,-2,0,1
1454188611840931,16,-4,-4,-8,-15,-2,0,5
1454188611853076,26,4,6,6,7,3,1,6
1454188611853076,10,-4,-2,-6,-3,-3,-3,-1
1454188611860081,-25,20,6,-2,-2,1,-1,1
1454188611860081,-13,-22,-17,-1,4,-1,-2,-6
1454188611876093,8,2,3,8,3,0,0,3
1454188611876093,0,2,7,-2,0,-3,2,6
1454188611878041,-11,1,-5,-11,-9,-2,-3,-5
1454188611878041,6,0,2,-10,-7,-1,-3,-1
1454188611899072,-11,0,-6,-14,-6,2,1,3
1454188611899072,39,2,6,11,2,-3,-3,-1
1454188611901054,1,-12,-4,-6,3,-3,-4,-5
1454188611901054,-43,-16,2,-13,-7,-2,1,-3
1454188611912081,16,8,-3,-21,-8,-4,-2,1
1454188611912081,-3,-4,12,21,14,7,1,-2
1454188611922125,15,-1,-5,4,5,-1,-3,-2
1454188611922125,7,4,-6,31,-3,-5,-6,-5
1454188611936153,12,-2,4,-13,2,2,6,6
1454188611936153,23,-4,-3,19,9,4,7,11
1454188611938148,-22,1,7,9,1,-2,-5,-5
1454188611938148,14,2,-8,-9,-4,-1,-1,-3
1454188611959208,-8,-3,3,8,0,-3,-3,-1
1454188611959208,-4,6,-6,-5,-2,-1,0,-2
1454188611960199,14,-5,5,-10,-9,-1,4,6
1454188611960199,-3,0,0,-10,-5,-1,1,-1
1454188611972180,8,5,-3,8,4,3,-2,0
1454188611972180,-41,-12,-3,5,9,0,4,-2
1454188611981221,16,-1,-2,-10,-5,-4,-3,2
1454188611981221,20,4,1,-3,3,-3,-2,3
1454188611996324,-20,-8,-6,-6,-16,-3,-4,-6
1454188611996324,19,4,1,-9,-2,-1,-4,0
1454188611998326,7,-4,-1,11,7,1,7,0
1454188611998326,-4,2,2,6,2,0,-5,-1
1454188612019372,-5,-4,0,2,1,0,-4,1
1454188612019372,6,2,5,-9,-6,-7,-1,-3
1454188612020325,0,1,-10,-5,-10,-5,3,-2
1454188612020325,-7,-2,2,-8,1,2,-3,-3
1454188612032351,-12,0,4,8,3,1,1,-2
1454188612032351,3,1,3,-3,3,2,-5,-3
1454188612041337,6,4,4,-6,-6,-3,-2,-2
1454188612041337,2,18,19,0,-1,-8,0,3
1454188612056417,-24,-25,-40,-6,-1,0,6,-5
1454188612056417,-5,-5,-3,-2,-2,5,-20,-11
1454188612058389,4,14,3,-6,1,-2,-4,0
1454188612058389,-9,-3,-1,3,1,3,5,-2
1454188612079418,6,12,27,8,1,0,-2,1
1454188612079418,5,1,-27,-7,-4,-6,1,2
1454188612080404,-5,-17,-9,-7,-4,2,-1,0
1454188612080404,-8,-4,-13,1,2,0,-1,-1
1454188612092431,2,2,2,0,0,-4,-3,1
1454188612092431,2,-1,7,-4,-2,2,3,-1
1454188612101420,3,4,17,-2,-2,-2,-8,-3
1454188612101420,-4,-36,-22,1,3,-3,6,-1
1454188612116533,-1,6,17,-3,-2,0,0,0
1454188612116533,1,4,-15,-7,-4,-3,1,-2
1454188612118522,-5,-12,8,2,3,-1,0,-2
1454188612118522,5,8,-1,1,2,1,0,0
1454188612138547,-10,-19,-3,-2,-1,-3,-2,-4
1454188612138547,7,3,15,-2,-4,-5,0,3
1454188612140494,-4,-5,-14,-8,-4,-2,-3,-2
1454188612140494,-4,3,2,3,4,3,-1,-1
1454188612152558,2,2,-1,1,0,-1,-4,-1
1454188612152558,3,3,-6,5,-2,-1,2,0
1454188612161512,0,3,18,9,4,0,2,0
1454188612161512,-3,2,-27,-6,-6,-1,-3,-1
1454188612176653,-2,-1,-2,-11,-5,-3,-4,-4
1454188612176653,-2,-5,4,-1,-1,-4,1,-1
1454188612178602,-2,-1,-9,0,-2,4,-1,-1
1454188612178602,0,10,19,0,-3,0,-2,0
1454188612198632,1,9,-4,4,3,1,0,1
1454188612198632,-1,4,-6,0,-1,0,0,-3
1454188612200615,0,-3,1,1,-3,-1,0,0
1454188612200615,-4,-4,6,-6,-4,-2,-3,-1
1454188612212643,-2,7,1,0,-4,-3,-1,0
1454188612212643,1,-18,-6,3,0,-2,0,-3
1454188612221642,-2,0,-18,-9,-2,-1,-1,-2
1454188612221642,-2,8,21,1,-1,-2,-1,-1
1454188612237642,-6,-23,-14,-4,1,-2,-2,-3
1454188612237642,3,15,5,3,-2,0,-1,2
1454188612239643,-4,0,6,0,2,1,0,-2
1454188612239643,3,9,-6,12,4,-1,1,2
1454188612258711,1,5,63,12,6,-6,-5,1
1454188612258711,-11,-29,-100,-43,-12,4,7,-5
1454188612260668,1,-12,16,-1,-8,-5,-5,-3
1454188612260668,-1,7,11,0,0,0,0,-1
1454188612272685,2,7,7,4,2,1,1,1
1454188612272685,5,-2,35,9,2,0,0,0
1454188612281672,3,14,-2,1,4,-1,1,0
1454188612281672,-3,-13,-20,-7,-4,-1,-4,-4
1454188612296750,1,6,-6,-2,-3,1,1,-1
1454188612296750,1,3,4,3,0,-4,-4,0
1454188612297744,-1,4,-8,-1,-1,0,2,1
1454188612297744,-1,0,7,6,6,1,-1,1
1454188612318803,0,2,-9,-6,-5,0,-1,-1
1454188612318803,0,2,0,1,-1,-2,-3,-1
1454188612320750,-1,0,33,1,-1,-3,0,-2
1454188612320750,-4,-10,-13,-22,-9,-3,2,-3
1454188612341783,0,-6,-5,7,3,1,0,0
1454188612341783,1,0,16,8,1,0,-1,0
1454188612342780,5,10,5,5,7,3,2,3
1454188612342780,0,4,7,7,2,1,-1,-1
1454188612356794,-5,-8,-16,-22,-9,-2,-2,-4
1454188612356794,-3,-8,22,-2,-4,-2,-3,-1
1454188612357775,0,-6,-19,-1,-4,-1,1,-1
1454188612357775,-3,-2,6,1,1,-1,-1,1
1454188612378808,4,14,-8,9,6,2,1,2
1454188612378808,0,1,18,3,-1,-6,-2,-1
1454188612380809,-3,-12,-35,-10,-4,8,1,-2
1454188612380809,-1,5,6,0,-1,-3,-4,-2
1454188612400884,-7,-10,-5,-6,-5,-3,1,-1
1454188612400884,4,18,14,7,3,2,1,1
1454188612408838,0,-14,-15,3,1,-3,-4,-1
1454188612408838,-5,-6,-21,-7,-6,-1,-1,-1
1454188612416893,1,7,5,4,1,2,-3,-5
1454188612416893,-14,-15,-4,-10,-5,-4,-2,-3
1454188612417846,8,17,9,3,3,-1,-1,3
1454188612417846,-1,3,8,10,-2,-1,0,0
1454188612438910,-6,-14,1,-11,-2,-2,-3,-2
1454188612438910,3,10,-17,-5,1,2,1,0
1454188612440861,-3,-17,-10,2,-2,-5,1,-2
1454188612440861,-1,-14,8,-3,-5,-1,0,-2
1454188612461876,-1,6,0,1,0,-4,-2,-1
1454188612461876,7,15,-6,10,5,7,0,2
1454188612462870,-7,-13,15,-10,-5,-2,-1,-1
1454188612462870,0,0,0,-5,-3,-3,-5,-3
1454188612476882,2,9,-5,6,1,-1,-3,-3
1454188612476882,-3,-15,-14,-7,-2,-2,2,4
1454188612477881,1,9,-9,-3,-3,-2,-2,-3
1454188612477881,1,6,32,7,2,0,0,1
1454188612498896,1,-1,-41,-4,0,0,4,0
1454188612498896,-7,-6,26,-10,-8,-10,-14,-6
1454188612500898,-5,-5,-1,-5,-2,8,7,-3
1454188612500898,3,1,6,1,-1,-5,-2,-3
1454188612521918,2,-1,-1,4,-2,1,1,0
1454188612521918,0,-3,18,2,8,-1,-2,-1
1454188612522913,-1,6,-3,5,-2,-3,-2,1
1454188612522913,-4,-10,-3,-4,-2,1,0,-2
1454188612535940,1,-6,7,-7,-1,-4,-3,-3
1454188612535940,5,3,-12,5,-2,4,2,0
1454188612542978,-5,-2,16,1,-1,-5,-5,-1
1454188612542978,3,2,-47,3,3,0,0,1
1454188612559046,-6,-10,-22,-10,-3,-1,-4,1
1454188612559046,-1,-1,5,-5,-3,0,5,-6
1454188612560027,9,15,7,6,3,-2,3,2
1454188612560027,4,24,82,14,2,-3,3,17
1454188612581061,-18,-76,-92,-35,-10,-6,-16,-7
1454188612581061,-4,8,2,1,-1,3,5,-1
1454188612583009,-4,-1,9,-1,-2,-3,-5,-4
1454188612583009,3,12,-1,4,2,3,2,3
1454188612596072,4,13,37,10,3,-3,1,1
1454188612596072,-3,-4,-8,-5,-3,9,1,-3
1454188612603051,-2,-8,-23,-1,1,-3,-4,0
1454188612603051,-2,-4,-11,-3,-1,0,0,-7
1454188612619087,2,9,13,6,1,1,3,2
1454188612619087,-1,-5,-14,-8,4,-7,-6,-2
1454188612621048,-2,4,13,4,-9,-1,0,-1
1454188612621048,-6,-18,-26,-2,1,0,-6,-5
1454188612641049,1,14,14,4,3,-1,0,-3
1454188612641049,2,6,27,1,-3,-3,0,6
1454188612643051,-3,-7,-3,-9,-2,-1,-2,-4
1454188612643051,-1,-11,-63,-6,0,-2,-2,-3
1454188612656112,1,12,27,3,-7,0,0,-2
1454188612656112,-2,-4,19,0,0,-1,3,-1
1454188612663080,2,11,-12,3,7,0,0,2
1454188612663080,-10,-20,6,-15,-12,-3,-4,-5
1454188612679130,4,11,3,10,5,4,4,2
1454188612679130,-1,-2,-21,2,-3,-1,-1,1
1454188612680130,3,3,4,-6,-4,-2,-2,-1
1454188612680130,-1,-10,-12,-1,2,-1,-3,-1
1454188612701146,3,0,-4,4,3,4,3,-2
1454188612701146,-3,-5,0,-4,-6,-6,-4,1
1454188612703092,-5,-10,-3,-6,0,0,-1,-2
1454188612703092,1,6,2,-5,-4,-2,0,0
1454188612716158,-1,-1,7,6,-1,-3,-2,-1
1454188612716158,2,5,-21,6,5,1,-1,-2
1454188612722248,-2,2,30,0,-7,1,1,2
1454188612722248,-5,-1,7,-10,-5,-5,-2,-5
1454188612739259,-2,0,0,-2,1,-2,2,1
1454188612739259,3,15,15,2,0,2,-1,0
1454188612740221,-2,-11,-9,0,-1,-3,-3,0
1454188612740221,-2,-12,-3,3,3,2,2,-3
1454188612761276,0,8,26,2,-3,1,0,0
1454188612761276,-3,-2,0,-5,-4,-4,-4,-3
1454188612763223,-3,-4,-5,-7,-3,-4,-2,-2
1454188612763223,0,1,2,-1,-5,-3,0,-1
1454188612776293,-1,-1,-1,0,4,2,-1,-3
1454188612776293,1,-6,-16,1,0,-1,0,0
1454188612782340,2,0,-17,-2,-3,-1,-4,-3
1454188612782340,-2,-2,17,-6,0,-2,1,0
1454188612799402,1,2,-9,-2,-3,1,1,0
1454188612799402,-3,-3,-4,4,-2,-3,-2,-1
1454188612800390,-1,-2,23,-1,1,1,0,-1
1454188612800390,-1,4,-5,1,6,2,-3,-1
1454188612821446,-1,-5,-9,-6,-10,-5,-1,-1
1454188612821446,0,-1,-15,-4,1,5,5,0
1454188612823393,-4,-5,-9,-3,-2,-5,-2,-4
1454188612823393,0,-2,-6,1,1,2,2,-1
1454188612835455,2,0,10,1,0,-2,-2,0
1454188612835455,-3,-7,-16,1,-2,-4,-2,-1
1454188612844425,1,3,-17,2,0,0,-1,-1
1454188612844425,-2,-8,10,-8,-6,-5,-3,-2
1454188612859471,1,2,-4,1,0,2,-1,0
1454188612859471,-1,0,6,3,0,-3,-3,-2
1454188612860470,-1,0,-8,-1,0,3,3,0
1454188612860470,0,1,3,-4,-5,-4,-2,-1
1454188612881588,-1,1,7,6,0,-1,1,-1
1454188612881588,-2,-2,-2,-7,2,-2,-1,-1
1454188612883550,-2,-3,3,7,0,2,0,-1
1454188612883550,1,4,1,5,4,3,-1,0
1454188612895553,-3,-3,-20,-9,-4,-3,-3,-1
1454188612895553,-2,-1,-4,-3,-7,-2,-3,-1
1454188612904603,1,-7,-6,-1,0,-1,-1,0
1454188612904603,-2,-2,-30,-3,-3,-1,-2,1
1454188612918613,-1,0,9,-3,0,-1,-2,-1
1454188612918613,-3,0,-4,-4,-3,-4,-2,-1
1454188612920596,2,9,12,3,1,5,0,0
1454188612920596,-3,-8,3,-6,-2,-3,-2,-1
1454188612941621,-6,-2,-3,0,0,-1,-2,-1
1454188612941621,-1,-1,11,1,-3,-1,-2,-2
1454188612942631,-2,-2,-6,-2,-1,-4,-2,-1
1454188612942631,5,7,6,5,3,1,0,0
1454188612954622,2,-3,2,-3,-4,-2,0,-2
1454188612954622,-4,-4,4,-3,-4,-1,-1,-1
1454188612963628,-6,-3,-4,-2,2,-2,-3,-3
1454188612963628,-1,2,-13,5,0,2,0,-2
1454188612978692,0,-1,0,2,0,-3,-4,-1
1454188612978692,3,-3,-7,-7,-4,1,0,-1
1454188612980652,-1,-1,-4,-1,-1,-1,1,0
1454188612980652,0,4,7,1,-3,0,0,0
1454188613001672,-1,0,8,0,-1,-1,3,2
1454188613001672,-1,-4,-8,-4,-3,-5,-3,-2
1454188613002670,-2,-2,5,-6,-9,2,-5,1
1454188613002670,1,0,13,1,2,-2,-2,-2
1454188613014754,0,3,25,3,3,1,1,-1
1454188613014754,-3,-8,-21,-4,2,0,-1,-2
1454188613023744,-1,1,8,1,1,-3,1,-1
1454188613023744,1,5,12,1,-3,-2,1,0
1454188613038770,-5,-2,3,-6,-2,0,-3,-1
1454188613038770,-1,0,8,0,-3,-1,1,0
1454188613040717,-2,-3,-4,-2,-2,-1,-1,0
1454188613040717,-2,-4,-16,-8,-3,-1,-2,0
1454188613061789,-3,-5,-15,7,2,-3,-2,-1
1454188613061789,0,2,2,2,2,2,0,1
1454188613062755,0,-3,-3,-2,0,-2,-2,-2
1454188613062755,-2,-2,-9,0,-1,1,0,-1
1454188613074755,-1,-1,-7,-8,-7,-1,-2,-2
1454188613074755,-1,-1,2,0,-1,-1,0,-1
1454188613083765,1,0,6,3,0,2,0,-2
1454188613083765,-2,0,8,0,1,1,-1,0
1454188613098776,-2,0,-9,-4,3,-2,-1,-2
1454188613098776,-1,-5,-20,-4,-11,-2,-3,0
1454188613100779,1,-2,-22,-3,-1,-2,1,0
1454188613100779,-1,0,16,2,1,-1,-1,-3
1454188613121829,0,1,10,-4,-5,-1,1,-1
1454188613121829,0,2,9,2,1,-1,-2,-3
1454188613122791,-2,-7,-22,-2,3,0,1,-1
1454188613122791,-1,-1,5,0,-4,-1,-1,-2
1454188613134838,-1,-3,-15,-7,-4,-3,1,-1
1454188613134838,-1,0,12,-4,-1,0,-1,-3
1454188613143806,-1,0,2,8,0,-2,-1,-2
1454188613143806,-2,-3,-5,7,7,2,1,0
1454188613158800,-2,-3,-4,-2,-2,-3,-2,0
1454188613158800,1,-1,1,-2,-1,-1,-1,0
1454188613160811,-4,-1,6,-3,0,1,1,-1
1454188613160811,-2,-1,-4,-1,-4,-1,-4,-1
1454188613181865,-1,-2,-6,-2,-2,0,-2,-1
1454188613181865,-2,0,-9,4,4,0,-3,-1
1454188613182865,0,2,8,1,3,-2,-1,-1
1454188613182865,-1,-2,0,-3,-6,-2,1,-2
1454188613194890,1,-2,-2,0,0,1,1,0
1454188613194890,-2,-1,20,-1,-2,1,1,-2
1454188613203949,-1,-3,-7,-4,-4,-2,-3,-1
1454188613203949,-1,-2,1,-4,-3,-6,-2,-1
1454188613219070,0,4,8,5,5,3,1,1
1454188613219070,0,-3,-13,3,3,1,-1,0
1454188613221065,-1,0,-9,-5,-3,-2,-1,-1
1454188613221065,-3,-1,2,-1,0,-2,0,-2
1454188613241051,-1,-2,3,6,-1,-1,-1,-3
1454188613241051,0,0,3,-3,1,-4,-1,-2
1454188613243036,0,0,-3,-1,0,4,1,0
1454188613243036,0,-2,-8,-2,-6,-3,0,0
1454188613255097,-2,-2,-7,-6,-3,-3,-2,-2
1454188613255097,0,1,2,2,-1,-3,0,0
1454188613264133,-1,-1,5,-1,-3,0,-2,0
1454188613264133,-2,1,-15,-3,3,2,-1,-1
1454188613278200,-1,-2,-1,1,1,-2,0,-1
1454188613278200,1,-2,-5,1,-2,-1,-1,-1
1454188613285203,0,0,21,-2,-4,-4,-1,-4
1454188613285203,-1,0,-1,1,-2,-1,-1,1
1454188613301216,-3,-8,-51,-5,-2,0,-2,-1
1454188613301216,-1,0,15,-5,-4,-2,-1,-2
1454188613303187,-3,-2,5,-1,0,-2,0,-2
1454188613303187,-1,-1,12,-4,0,-2,0,-1
1454188613324231,-1,2,18,9,0,0,-1,-3
1454188613324231,1,1,-2,1,4,2,-2,-1
1454188613325177,0,-2,-10,-2,2,-1,-1,0
1454188613325177,-3,0,6,-4,-6,-4,-1,-1
1454188613339242,1,-1,5,-6,2,-1,-1,2
1454188613339242,-1,-2,-4,6,-2,-1,-1,-1
1454188613340242,-1,2,5,-2,-2,-3,-2,-2
1454188613340242,-1,-6,-14,-2,-2,0,-2,0
1454188613361257,-1,1,9,-1,-1,-1,-2,-1
1454188613361257,-2,0,3,-1,-1,-1,0,-1
1454188613363207,1,-1,-2,1,-2,-1,1,1
1454188613363207,-1,-1,2,1,1,2,-1,-1
1454188613384273,-1,-6,-19,-3,-1,0,0,-1
1454188613384273,0,0,9,2,0,-1,-2,0
1454188613385274,-3,1,-3,-3,1,0,-1,-1
1454188613385274,0,4,13,3,-3,0,-3,-1
1454188613399284,-1,-6,-23,-9,-4,-4,-2,-1
1454188613399284,0,-9,-12,-6,-5,0,0,-1
1454188613400253,1,0,14,10,3,0,-1,-1
1454188613400253,-2,-4,-31,2,4,0,-2,-2
1454188613421300,-1,3,8,-1,0,3,2,-1
1454188613421300,-2,-1,1,-5,-4,-2,-3,-2
1454188613423246,-2,-1,-9,-2,-6,-3,-1,-2
1454188613423246,-1,-2,4,-4,-3,-1,-1,1
1454188613444308,-1,2,5,2,-2,-4,-1,0
1454188613444308,-1,0,-11,-2,4,-1,2,1
1454188613445278,-1,3,5,1,1,3,-1,-1
1454188613445278,-1,-4,-22,-2,-1,-1,0,-2
1454188613458359,-2,-2,6,-2,-3,-2,-2,-2
1454188613458359,0,-2,10,3,0,0,0,-1
1454188613465329,1,7,-2,0,-1,-1,-1,0
1454188613465329,1,-11,-17,-1,3,-1,-1,0
1454188613481339,-4,-1,6,-3,-9,-2,-2,-1
1454188613481339,0,1,-2,-2,1,1,0,-1
1454188613483340,-1,-3,-9,4,5,0,-1,0
1454188613483340,-1,6,10,-1,-6,1,-1,-1
1454188613504342,0,0,11,-3,3,0,0,-2
1454188613504342,-1,-2,-6,8,0,-1,-1,-1
1454188613505344,-1,-5,-16,-3,-3,0,0,1
1454188613505344,-1,2,14,0,1,-1,0,-1
1454188613518402,0,-1,2,0,-4,-3,-4,-1
1454188613518402,0,3,5,-5,-2,1,0,0
1454188613525359,-1,-3,5,1,1,-2,-2,-1
1454188613525359,-1,0,3,3,3,-1,0,0
1454188613541419,0,-2,-2,-2,-3,2,-2,-1
1454188613541419,-2,-2,-3,-3,0,-4,-2,-1
1454188613543365,0,-5,-5,-3,-3,-2,-1,-2
1454188613543365,1,-1,5,-2,-4,-4,-2,-1
1454188613564386,0,3,-10,2,5,3,1,0
1454188613564386,-2,-3,0,-2,-2,-2,-3,0
1454188613565381,-1,-3,0,-5,-2,-1,1,-1
1454188613565381,-2,2,4,-4,-2,-1,-3,-1
1454188613578408,0,-2,8,6,1,-1,0,0
1454188613578408,-1,-3,-23,-3,0,0,-1,-1
1454188613585450,-1,-1,-3,-8,-12,-1,-2,-1
1454188613585450,1,0,2,-2,6,1,-1,-2
1454188613601538,0,-1,-1,9,2,-1,-2,0
1454188613601538,-1,-1,3,3,0,-1,0,0
1454188613603485,-1,-1,-1,-6,-4,-2,-1,-2
1454188613603485,-2,-1,0,1,-2,-2,0,-1
1454188613631525,-1,-2,-10,-3,-3,0,-2,0
1454188613631525,-1,0,2,-5,1,0,0,-1
1454188613633506,0,0,0,2,2,1,0,0
1454188613633506,-1,0,0,1,-2,1,-1,-2
1454188613638728,0,0,-3,-4,-1,-2,-1,-2
1454188613638728,-2,0,0,-2,-4,-2,-2,-2
1454188613644758,-3,-1,-4,1,-5,-2,-1,-1
1454188613644758,-2,-2,-5,-1,0,-5,-2,0
1454188613661766,-1,-2,2,-3,2,0,2,0
1454188613661766,1,1,11,5,-1,1,-3,-1
1454188613662747,-1,-3,0,-1,4,1,0,-2
1454188613662747,0,-1,1,-5,-4,-4,-1,0
1454188613683782,-1,0,4,-6,-3,-2,-2,-3
1454188613683782,-1,0,3,-5,-5,-1,3,-1
1454188613685783,-1,0,5,6,7,0,-2,0
1454188613685783,-2,-1,-1,-1,-2,2,1,0
1454188613698809,-2,-1,2,2,2,0,-2,1
1454188613698809,0,-4,-6,-1,-1,-1,-3,-1
1454188613704868,-1,-1,-2,-3,-1,-2,-2,0
1454188613704868,-1,-1,-4,0,-3,-3,-2,-2
1454188613721884,-1,0,-3,-1,-4,-3,-1,-1
1454188613721884,1,2,-3,-1,4,2,2,0
1454188613722842,0,-1,-5,-4,-1,0,0,-2
1454188613722842,-1,-1,-1,-5,-4,-1,-1,-2
1454188613743896,-2,-1,2,6,-2,-2,0,-2
1454188613743896,-3,-3,-1,-1,-1,-2,-2,0
1454188613745842,-1,-1,-4,-3,0,0,0,0
1454188613745842,-2,-1,-4,-1,-3,-1,-1,1
1454188613757928,0,1,20,0,0,-2,-2,-2
1454188613757928,0,-4,-44,-1,3,0,1,-1
1454188613764896,-3,-4,-9,-4,-3,-4,-2,-1
1454188613764896,-1,-1,4,-4,0,0,-2,-2
1454188613781887,-2,-2,8,1,-5,-2,0,-2
1454188613781887,-2,-4,-5,0,0,0,-3,0
1454188613782889,-1,-1,5,2,1,0,1,-1
1454188613782889,0,-1,-6,3,1,0,0,-1
1454188613803923,-1,-2,-6,-8,-2,-1,-1,-4
1454188613803923,-1,2,8,-2,0,-2,-1,0
1454188613805916,0,-3,-7,0,-3,0,-1,0
1454188613805916,-1,-2,2,1,-1,-1,0,-1
1454188613817967,-2,0,-7,-1,2,2,-1,0
1454188613817967,-1,-1,4,-2,-6,-2,-1,-1
1454188613826966,0,1,1,-6,-5,-1,-3,-2
1454188613826966,1,2,4,5,3,2,0,0
1454188613841076,1,-2,-2,3,3,-1,1,1
1454188613841076,-1,1,2,-5,-1,-3,-1,-1
1454188613843022,-1,-3,-11,3,-1,0,-1,0
1454188613843022,-2,-2,-1,-4,-1,-2,-1,-1
1454188613864093,-2,-3,-9,-5,-3,1,-1,1
1454188613864093,3,3,9,7,1,1,0,0
1454188613866040,-1,-2,0,3,3,-3,1,-1
1454188613866040,-3,-5,-9,-9,-2,0,-2,-2
1454188613878055,0,3,20,1,-7,-2,-1,-1
1454188613878055,-3,-3,-27,-1,-1,-4,-1,-1
1454188613887060,0,2,3,1,2,1,-1,-1
1454188613887060,-1,1,-12,-1,-3,-3,-1,-1
1454188613901085,-3,-1,11,-3,3,-1,-1,-1
1454188613901085,-2,1,5,0,-1,1,1,-2
1454188613903077,1,0,3,-9,-3,-1,-2,0
1454188613903077,0,0,2,10,1,-2,-1,1
1454188613924136,0,-2,-14,-3,1,0,-1,-2
1454188613924136,-1,-1,7,-4,-5,1,0,-2
1454188613925137,0,-1,0,-2,-4,-1,0,-1
1454188613925137,0,-1,2,-4,-3,-4,-2,0
1454188613937198,1,-1,-10,2,2,2,-1,-2
1454188613937198,-1,-2,7,1,-1,-3,-2,-1
1454188613946205,0,1,2,0,1,0,-1,0
1454188613946205,0,-1,1,-1,1,-1,-2,-1
1454188613961295,-1,-2,-4,-3,-4,-1,-2,-1
1454188613961295,-2,0,3,-8,-3,-1,-2,0
1454188613963240,-1,-3,5,10,3,2,-1,-1
1454188613963240,0,1,11,-1,1,1,-2,0
1454188613984275,-2,-2,-15,-3,0,-1,-1,0
1454188613984275,-1,-3,9,-2,-5,-3,-2,-1
1454188613985256,-1,1,-4,-4,-1,-2,-1,-1
1454188613985256,0,-2,3,3,5,2,1,-2
1454188613997283,0,0,5,3,-1,-1,-1,-2
1454188613997283,-2,2,5,-1,3,0,-2,-2
1454188614006322,-2,-3,-7,-6,-6,-3,-3,1
1454188614006322,-4,-1,-3,-4,-2,1,1,-2
1454188614021355,-1,-1,-4,-5,0,-2,0,-1
1454188614021355,-1,-4,1,2,-1,-2,-2,-2
1454188614023354,2,1,1,-1,-2,1,-2,-2
1454188614023354,-2,1,-3,-2,-2,-1,-2,0
1454188614044387,-2,-1,-7,0,4,0,0,0
1454188614044387,0,-1,0,-3,-9,-3,1,-1
1454188614045361,-2,-1,1,-1,2,2,-1,-2
1454188614045361,-1,-3,-7,-2,1,-3,0,-2
1454188614057414,-2,0,15,-4,-4,0,-1,1
1454188614057414,-1,-3,-18,9,6,0,-1,0
1454188614066376,-1,2,5,-4,-2,-2,-2,0
1454188614066376,-2,-3,-1,-1,-3,-2,-2,-1
1454188614081395,1,-1,-9,-3,-2,-4,0,-2
1454188614081395,0,1,7,-7,0,3,-2,-1
1454188614083380,-1,-2,-3,2,-2,-2,-2,0
1454188614083380,-1,-3,-3,-2,-2,2,0,0
1454188614104408,-2,0,2,-3,-5,-2,-1,0
1454188614104408,0,-2,-3,6,2,1,-2,-1
1454188614105409,0,0,3,-1,1,0,-2,0
1454188614105409,1,-3,-16,-5,-3,-4,-3,-2
1454188614117541,-1,-1,-2,0,0,3,0,-3
1454188614117541,0,1,9,-1,0,-1,-1,-1
1454188614126493,-1,-6,-7,-2,-2,0,0,-4
1454188614126493,-1,0,3,0,-1,-2,0,-1
1454188614141560,-1,-1,-5,-12,-9,-3,-3,0
1454188614141560,-1,0,5,10,3,-1,-1,0
1454188614142537,0,0,9,2,0,-3,-2,0
1454188614142537,0,-2,-9,1,1,1,0,0
1454188614163576,0,0,-1,-2,3,1,2,0
1454188614163576,-2,-1,-2,-9,-2,-3,-2,-2
1454188614165524,-1,0,2,0,-6,-3,-2,-2
1454188614165524,-2,0,-3,1,1,0,-2,-2
1454188614186556,-2,-2,2,1,0,0,0,0
1454188614186556,-1,-4,-1,0,-1,-1,1,0
1454188614187556,-1,0,-5,-3,1,-1,0,0
1454188614187556,-2,-2,5,-2,1,-1,-1,-2
1454188614201602,-1,-2,-4,1,-1,-2,-1,-1
1454188614201602,-1,0,-2,-3,-1,0,-2,-2
1454188614203564,-1,1,-1,1,1,-1,0,-2
1454188614203564,-3,-2,1,-4,-4,-1,-1,0
1454188614223617,-1,-2,-1,0,-2,0,-3,-1
1454188614223617,-2,-2,-2,4,4,-1,-1,0
1454188614225564,1,0,7,1,-6,-4,0,-2
1454188614225564,0,-1,-7,-3,1,0,0,1
1454188614246633,-1,-1,-2,3,4,-1,0,-1
1454188614246633,-2,-2,5,-6,-3,-1,0,-1
1454188614247634,-1,-2,-8,-2,-2,-3,-2,-2
1454188614247634,-2,1,6,1,-2,-2,0,-1
1454188614261645,0,-2,2,5,0,-2,-3,-1
1454188614261645,-1,-4,-18,-5,-2,1,0,-3
1454188614263592,-2,0,2,-2,1,-2,0,0
1454188614263592,1,-1,0,-7,-3,0,-1,-1
1454188614283710,-2,-1,-1,1,2,0,-1,0
1454188614283710,0,2,6,3,2,0,0,0
1454188614289714,-2,-3,-5,-1,1,0,2,0
1454188614289714,1,1,-3,-5,-3,1,-2,-2
1454188614306690,0,-1,-1,-6,-4,-4,-2,-3
1454188614306690,0,-1,0,4,-3,3,-2,0
1454188614307712,-1,0,11,4,8,1,0,1
1454188614307712,-1,-3,-45,-1,-1,-2,0,0
1454188614321737,-2,-2,5,-7,-5,-4,-2,0
1454188614321737,-1,-1,1,-6,0,-1,-3,-2
1454188614322717,-1,1,0,-1,-2,1,-1,-2
1454188614322717,-3,-1,15,-1,-1,-2,-2,0
1454188614343700,0,-1,-8,5,2,-1,-2,0
1454188614343700,0,0,-8,1,1,-4,1,0
1454188614345698,1,-1,-1,-3,-4,0,-1,0
1454188614345698,-1,-1,6,1,0,-1,-2,-1
1454188614366806,0,-3,-9,-5,-3,-3,1,-2
1454188614366806,0,-2,-1,-3,-2,-4,-2,-2
1454188614367769,-1,-4,-8,-6,-1,-2,-1,-2
1454188614367769,-1,0,7,5,-2,-1,0,0
1454188614380778,1,-2,-1,3,6,7,-2,-2
1454188614380778,-1,-2,3,-4,1,-1,-1,1
1454188614387766,0,-2,-6,1,-3,-2,-1,0
1454188614387766,0,-2,1,-4,-2,-2,-1,0
1454188614403797,0,2,9,1,2,-2,-1,1
1454188614403797,0,-3,-21,-5,-5,-2,-1,-1
1454188614405797,-1,-2,-3,-6,-3,-1,-2,-3
1454188614405797,1,1,22,3,2,2,1,-1
1454188614426826,-1,3,4,6,2,-1,0,-2
1454188614426826,-1,-1,-3,-6,-1,1,0,-2
1454188614427793,-1,-2,-1,-1,-1,-2,-1,-1
1454188614427793,-1,0,7,-5,-1,-2,-2,-2
1454188614440859,-1,0,-1,-2,-5,3,-1,-1
1454188614440859,-1,-1,2,2,-2,-2,-3,0
1454188614447826,-1,1,0,-5,-2,-1,-2,0
1454188614447826,-1,0,-3,8,1,0,-2,0
1454188614463820,-3,-5,-6,-4,-2,-2,-1,1
1454188614463820,-2,0,-1,-2,-4,-1,-1,-1
1454188614465819,-1,-4,-5,-2,1,1,1,-2
1454188614465819,1,0,-1,-2,-1,-4,-1,-1
1454188614486878,-1,-3,-7,-2,-4,-3,-1,-2
1454188614486878,-1,0,5,-2,-3,-2,-1,-1
1454188614487836,-1,-1,-4,-1,-1,0,0,1
1454188614487836,-1,-3,-3,3,2,2,1,-1
1454188614500899,-2,-1,-8,-1,1,-1,-1,-2
1454188614500899,-2,0,5,-6,-4,-3,-1,-1
1454188614507868,-2,-1,2,4,1,-3,-5,-1
1454188614507868,-1,-1,-3,-5,1,0,0,0
1454188614523880,0,-1,-2,-2,-3,0,0,1
1454188614523880,0,1,6,3,3,-3,-2,-1
1454188614525873,-1,-1,-6,-2,1,2,0,0
1454188614525873,-3,-1,2,-3,-5,-3,-4,-1
1454188614546911,0,-2,0,-7,-2,-2,-1,-1
1454188614546911,-1,0,1,7,0,-1,0,0
1454188614547880,-3,-3,1,0,-1,-1,1,-1
1454188614547880,-2,-2,-5,-2,-2,-2,-2,-1
1454188614560887,-2,0,0,-5,-2,-4,-2,-2
1454188614560887,0,-3,-2,2,2,3,0,0
1454188614567947,0,1,4,2,-4,-2,-2,0
1454188614567947,-2,0,-7,2,2,0,0,-1
1454188614583958,-2,-1,1,-2,-4,-2,-1,0
1454188614583958,-1,0,-4,1,5,0,-1,-1
1454188614585940,1,-1,3,-2,-4,-3,-1,0
1454188614585940,-1,-1,4,-6,-4,-2,0,-1
1454188614606021,0,-1,-14,4,-1,0,1,-3
1454188614606021,-1,-2,-2,0,0,0,2,0
1454188614607967,-1,-2,-2,-4,-1,-2,1,0
1454188614607967,0,0,-1,-4,-1,-2,-1,-2
1454188614620995,-2,-3,0,-2,0,-1,-3,0
1454188614620995,-1,-2,-1,-4,-5,-2,-1,0
1454188614627987,-2,0,-8,-9,-3,-3,-2,-1
1454188614627987,2,-2,1,17,5,4,1,1
1454188614644051,0,1,6,3,0,-1,0,0
1454188614644051,0,-1,-5,-6,-3,-3,-1,-1
1454188614646066,0,-1,1,-1,0,0,-1,-2
1454188614646066,-1,-2,3,-9,-6,-3,-3,-2
1454188614666199,-1,-2,-11,-3,-3,-2,-1,-1
1454188614666199,0,-1,0,9,5,4,1,-1
1454188614668147,0,0,14,0,0,0,-1,-1
1454188614668147,-1,-2,-25,-6,-2,0,-2,-1
1454188614681209,-1,-1,2,3,-1,-3,2,0
1454188614681209,-1,-3,4,-9,-10,-3,-2,-2
1454188614687292,-2,1,5,2,-1,-1,-1,-1
1454188614687292,0,-1,4,1,3,-3,0,-1
1454188614704305,1,1,3,-2,-4,-1,-4,-1
1454188614704305,-2,-2,-6,0,2,-1,1,-1
1454188614705288,-2,-2,-8,4,5,3,-1,-1
1454188614705288,-2,-2,2,-3,-5,-3,-2,-1
1454188614726320,-1,-1,-1,-6,2,0,-1,-1
1454188614726320,0,-2,1,-2,-4,-1,-3,-2
1454188614728277,-1,0,-9,0,-6,-4,-2,-2
1454188614728277,-2,-2,-1,-2,0,-2,-1,1
1454188614740294,-1,1,5,0,1,1,-1,-2
1454188614740294,0,0,2,-1,5,0,-1,-1
1454188614749282,-2,0,-4,-1,-6,-2,-1,0
1454188614749282,0,-2,1,-4,-2,0,-1,-2
1454188614764311,1,-1,1,1,3,2,0,1
1454188614764311,-2,1,7,-3,-4,-1,-2,0
1454188614765298,-2,-3,-10,0,2,-2,0,-2
1454188614765298,-2,-1,-10,2,1,0,1,-1
1454188614786398,-1,-2,4,-2,-4,-1,1,-2
1454188614786398,1,-2,-4,0,2,1,-1,0
1454188614788382,-1,-2,3,-1,-2,-1,-1,-3
1454188614788382,-1,-1,-9,-7,-5,-1,-4,-3
1454188614800369,-2,-3,-2,8,0,-2,0,-1
1454188614800369,3,-1,-1,3,2,1,0,0
1454188614809436,-1,-2,-1,-2,1,0,-1,-1
1454188614809436,-1,1,10,-3,-2,0,0,-1
1454188614823428,-2,-1,-21,-3,-2,-2,-1,0
1454188614823428,-2,1,5,-3,-2,-2,-2,0
1454188614825420,1,-3,-3,-4,-2,-2,0,0
1454188614825420,-1,2,8,7,1,1,-1,-2
1454188614846845,0,1,9,2,2,0,0,-1
1454188614846845,-4,-4,-8,-3,-5,0,-2,-2
1454188614847844,-1,0,-1,0,1,0,2,0
1454188614847844,0,0,0,0,1,1,0,1
1454188614859909,-2,-2,-2,-2,0,0,-3,-2
1454188614859909,0,-1,4,-2,-3,-3,0,-1
1454188614868872,0,-1,-6,-3,-1,-1,1,0
1454188614868872,-1,-3,6,3,-7,0,-4,-2
1454188614883925,-1,0,6,-6,1,-2,-1,-1
1454188614883925,-2,-1,-9,2,2,0,-1,0
1454188614885888,-1,-1,-3,-3,-4,-3,-1,0
1454188614885888,-1,-3,0,-9,-5,-2,-1,-1
1454188614906897,-1,-3,-2,-2,0,-2,-2,-1
1454188614906897,-2,-2,0,0,1,1,-1,-2
1454188614907896,0,-1,-1,-1,-1,-1,-2,-3
1454188614907896,0,-1,-2,-3,1,-1,2,-1
1454188614919950,-3,0,4,2,-4,-3,0,-2
1454188614919950,-1,-2,-15,-2,-2,0,-2,-1
1454188614928901,0,0,8,3,0,0,-2,-2
1454188614928901,-1,-1,-15,-5,-1,-1,-1,0
1454188614943967,-1,0,3,-1,0,0,-2,-2
1454188614943967,-1,0,1,2,0,-1,0,0
1454188614945927,0,-2,-3,-2,-6,-5,-2,-2
1454188614945927,-1,-2,2,2,5,1,-2,-1
1454188614966036,-1,-2,-8,0,-4,0,-1,0
1454188614966036,-4,0,-3,-9,-2,-3,0,0
1454188614967982,-1,-1,-5,8,1,0,0,1
1454188614967982,-1,-2,11,2,-3,-2,0,-4
1454188614980045,0,0,-7,-2,1,0,-1,-1
1454188614980045,0,0,3,-5,-5,-4,-2,-3
1454188614989522,-2,1,4,-11,-6,2,-1,0
1454188614989522,0,-1,3,5,5,0,0,0
1454188615003589,0,-3,1,2,-2,0,-1,-1
1454188615003589,0,-1,1,2,1,-2,-1,-1
1454188615005550,-2,-2,0,-1,1,-1,-2,-1
1454188615005550,-2,-2,-4,-3,-5,-3,-2,-2
1454188615026607,1,-1,-1,-2,2,4,0,-1
1454188615026607,-2,0,3,-1,-2,-1,-2,0
1454188615027586,-1,-1,-6,-2,0,1,0,-2
1454188615027586,-1,-3,-4,-5,0,-1,1,-1
1454188615040561,-1,-1,0,-3,-2,-4,-1,-1
1454188615040561,-1,2,9,1,1,1,1,-1
1454188615049572,-1,-2,-20,-1,2,-2,-2,-1
1454188615049572,-1,0,-1,0,3,0,0,0
1454188615063596,0,1,1,1,-8,-3,0,-1
1454188615063596,0,0,13,-2,2,-2,-2,1
1454188615065578,-1,-5,-42,-5,-3,-2,-3,-2
1454188615065578,-2,0,3,-3,-3,-2,-1,0
1454188615086647,-2,1,-1,-2,1,1,0,-1
1454188615086647,-2,-2,3,-2,-5,-2,0,-1
1454188615088610,0,1,12,-3,-1,0,0,-1
1454188615088610,-2,-3,-6,-2,-1,-3,-1,0
1454188615099620,-1,0,-1,-2,2,1,0,0
1454188615099620,-1,1,-7,3,1,1,-1,-1
1454188615109620,-1,-1,6,0,2,0,0,0
1454188615109620,1,-2,-3,4,2,1,-1,0
1454188615123673,-1,-1,6,-3,-2,-1,-2,-1
1454188615123673,-1,-2,-5,-5,-4,-4,-1,-3
1454188615125641,-1,0,2,3,-1,-1,-1,-2
1454188615125641,1,-1,4,-1,-2,1,-2,-2
1454188615146777,-3,-1,-4,-4,-4,-5,-1,-1
1454188615146777,0,-2,-10,-6,1,1,-2,-2
1454188615147739,0,0,15,5,0,-3,0,0
1454188615147739,-1,2,-20,1,-4,-1,0,-1
1454188615159750,0,-3,-2,-3,3,-3,0,-1
1454188615159750,-1,-1,3,0,0,1,-2,-1
1454188615168786,-1,0,3,-3,2,-3,-1,-1
1454188615168786,0,-1,4,-2,-6,-4,-1,1
1454188615183803,-3,-2,-3,0,3,1,-1,0
1454188615183803,-3,-1,-7,-3,-6,-1,-2,-1
1454188615185751,-1,-1,8,5,4,2,-1,-1
1454188615185751,-1,0,-1,-3,-3,0,0,-1
1454188615213848,-1,0,0,-3,-3,0,-3,-1
1454188615213848,0,-2,2,3,0,-2,0,-1
1454188615215828,-1,1,-1,0,-2,0,-1,0
1454188615215828,-2,-1,4,-1,1,0,-2,0
1454188615228869,-1,-3,3,-4,-3,-2,-2,0
1454188615228869,1,-4,-11,2,1,3,1,0
1454188615230886,0,-3,4,-4,-5,-2,-2,-2
1454188615230886,-2,1,2,3,0,-2,0,-2
1454188615243899,-1,1,-2,-3,2,1,0,-3
1454188615243899,-2,0,-4,6,-4,-3,0,0
1454188615245882,-1,0,-1,-3,-2,-2,-4,0
1454188615245882,0,0,-1,-3,0,-1,1,1
