Starting time:1454188792235782
Ending time:1454188797224434
Sample count:998
14757395258967641292,0,-2,1,3,-7,2,0,0
14757395258967641292,0,0,0,0,0,0,0,0
14757395258967641292,0,1,-1,-1,0,-2,-3,-1
14757395258967641292,1,-2,-2,-5,0,-1,1,-1
14757395258967641292,0,0,0,0,0,0,0,0
14757395258967641292,0,0,0,0,0,0,0,0
14757395258967641292,0,0,0,0,0,0,0,0
14757395258967641292,-1,0,-3,1,3,0,-1,-2
14757395258967641292,0,0,0,0,0,0,0,0
14757395258967641292,0,0,0,0,0,0,0,0
14757395258967641292,1,-3,-3,-5,-5,-5,-2,-1
14757395258967641292,-2,-1,1,8,8,-2,1,0
14757395258967641292,0,0,0,0,0,0,0,0
14757395258967641292,0,0,0,0,0,0,0,0
14757395258967641292,0,0,0,0,0,0,0,0
14757395258967641292,-1,-1,-3,-6,-6,-2,-3,-1
14757395258967641292,0,0,0,0,0,0,0,0
14757395258967641292,0,0,0,0,0,0,0,0
14757395258967641292,0,0,0,0,0,0,0,0
14757395258967641292,-1,-1,-2,-4,-1,-2,-1,-2
14757395258967641292,0,0,0,0,0,0,0,0
14757395258967641292,0,0,0,0,0,0,0,0
14757395258967641292,-3,0,0,-4,-7,-3,-2,-1
14757395258967641292,0,0,0,0,0,0,0,0
14757395258967641292,-1,0,1,14,4,1,-1,0
14757395258967641292,0,0,0,0,0,0,0,0
14757395258967641292,0,0,0,0,0,0,0,0
14757395258967641292,-2,-2,-2,-5,-2,-1,-3,1
14757395258967641292,0,0,0,0,0,0,0,0
14757395258967641292,0,0,0,0,0,0,0,0
14757395258967641292,0,0,0,0,0,0,0,0
14757395258967641292,-3,-2,0,-2,0,1,0,-2
14757395258967641292,0,0,0,0,0,0,0,0
14757395258967641292,0,0,0,0,0,0,0,0
14757395258967641292,0,-1,-1,0,0,-1,-1,-2
14757395258967641292,0,0,0,0,0,0,0,0
14757395258967641292,-1,-1,0,-1,-2,-3,1,0
14757395258967641292,0,0,0,0,0,0,0,0
14757395258967641292,0,0,0,0,0,0,0,0
14757395258967641292,-2,-1,-3,-6,-4,-1,-1,-2
14757395258967641292,0,0,0,0,0,0,0,0
14757395258967641292,0,0,0,0,0,0,0,0
14757395258967641292,0,0,0,0,0,0,0,0
14757395258967641292,-2,-2,-3,-4,-2,-3,-3,-2
14757395258967641292,0,0,0,0,0,0,0,0
14757395258967641292,0,0,0,0,0,0,0,0
14757395258967641292,-1,1,4,0,3,-1,1,0
14757395258967641292,0,0,0,0,0,0,0,0
14757395258967641292,-1,0,-1,4,2,3,0,-2
14757395258967641292,0,0,0,0,0,0,0,0
14757395258967641292,0,0,0,0,0,0,0,0
14757395258967641292,1,-2,-2,-6,-5,-3,-2,-1
14757395258967641292,0,0,0,0,0,0,0,0
14757395258967641292,0,0,0,0,0,0,0,0
14757395258967641292,0,0,0,0,0,0,0,0
14757395258967641292,-3,0,1,-1,1,3,-1,-3
14757395258967641292,0,0,0,0,0,0,0,0
14757395258967641292,0,0,0,0,0,0,0,0
14757395258967641292,0,0,0,0,0,0,0,0
14757395258967641292,0,0,0,0,0,0,0,0
14757395258967641292,0,1,1,-1,-2,0,-1,3
14757395258967641292,0,0,0,0,0,0,0,0
14757395258967641292,0,0,0,0,0,0,0,0
14757395258967641292,-1,-1,-2,-5,-4,-3,-2,-3
14757395258967641292,0,0,0,0,0,0,0,0
14757395258967641292,0,0,0,0,0,0,0,0
14757395258967641292,0,0,0,0,0,0,0,0
14757395258967641292,1,-1,4,8,2,-2,-2,0
14757395258967641292,0,0,0,0,0,0,0,0
14757395258967641292,0,0,0,0,0,0,0,0
14757395258967641292,0,0,0,0,0,0,0,0
14757395258967641292,0,0,0,0,0,0,0,0
14757395258967641292,-1,-2,-2,-12,-6,-2,-3,-1
14757395258967641292,0,0,0,0,0,0,0,0
14757395258967641292,0,0,0,0,0,0,0,0
14757395258967641292,0,-1,-2,-1,1,1,-1,-2
14757395258967641292,0,0,0,0,0,0,0,0
14757395258967641292,0,0,0,0,0,0,0,0
14757395258967641292,0,0,0,0,0,0,0,0
14757395258967641292,1,-1,1,2,3,0,0,1
14757395258967641292,0,0,0,0,0,0,0,0
14757395258967641292,0,0,0,0,0,0,0,0
14757395258967641292,0,0,0,0,0,0,0,0
14757395258967641292,-1,0,-1,-3,-5,-3,-2,-1
14757395258967641292,-2,0,-2,0,1,0,-1,-1
14757395258967641292,0,0,0,0,0,0,0,0
14757395258967641292,0,-1,1,0,-2,3,1,1
14757395258967641292,0,-3,-2,-8,-3,-1,-2,-1
14757395258967641292,0,0,0,0,0,0,0,0
14757395258967641292,0,0,0,0,0,0,0,0
14757395258967641292,0,0,0,0,0,0,0,0
14757395258967641292,-2,0,-4,-3,-2,1,0,-1
14757395258967641292,0,0,0,0,0,0,0,0
14757395258967641292,0,0,0,0,0,0,0,0
14757395258967641292,0,0,0,0,0,0,0,0
14757395258967641292,0,0,0,0,0,0,0,0
14757395258967641292,0,0,0,0,0,0,0,0
14757395258967641292,1,-1,-3,1,0,-3,-1,-3
14757395258967641292,-1,-2,0,0,0,-1,-3,-1
14757395258967641292,1,-1,1,0,-2,-2,1,-2
14757395258967641292,0,0,0,0,0,0,0,0
14757395258967641292,0,0,0,0,0,0,0,0
14757395258967641292,0,0,0,0,0,0,0,0
14757395258967641292,-3,0,0,3,-1,0,1,1
14757395258967641292,0,0,0,0,0,0,0,0
14757395258967641292,0,0,0,0,0,0,0,0
14757395258967641292,0,0,0,0,0,0,0,0
14757395258967641292,0,0,0,0,0,0,0,0
14757395258967641292,-2,-1,0,3,-1,1,2,-1
14757395258967641292,0,0,0,0,0,0,0,0
14757395258967641292,0,0,0,0,0,0,0,0
14757395258967641292,1,-1,2,8,-4,-2,-2,-1
14757395258967641292,0,0,0,0,0,0,0,0
14757395258967641292,0,0,0,0,0,0,0,0
14757395258967641292,0,0,0,0,0,0,0,0
14757395258967641292,-2,-3,-2,-1,3,2,0,-2
14757395258967641292,0,0,0,0,0,0,0,0
14757395258967641292,0,0,0,0,0,0,0,0
14757395258967641292,0,0,0,0,0,0,0,0
14757395258967641292,0,0,0,0,0,0,0,0
14757395258967641292,0,-3,-4,-2,-3,0,-3,-1
14757395258967641292,-5,2,0,-5,-4,-3,-2,0
14757395258967641292,0,0,0,0,0,0,0,0
14757395258967641292,0,0,0,0,0,0,0,0
14757395258967641292,1,-2,4,-5,-2,-3,-1,0
14757395258967641292,0,0,0,0,0,0,0,0
14757395258967641292,0,0,0,0,0,0,0,0
14757395258967641292,-1,-1,2,0,2,-2,-1,-2
14757395258967641292,0,0,0,0,0,0,0,0
14757395258967641292,0,0,0,0,0,0,0,0
14757395258967641292,0,0,0,0,0,0,0,0
14757395258967641292,0,0,0,0,0,0,0,0
14757395258967641292,5,1,-1,-4,-2,-1,-2,-1
14757395258967641292,0,0,0,0,0,0,0,0
14757395258967641292,0,0,0,0,0,0,0,0
14757395258967641292,-1,0,0,-4,-5,-3,-1,-2
14757395258967641292,0,0,0,0,0,0,0,0
14757395258967641292,0,0,0,0,0,0,0,0
14757395258967641292,0,0,0,0,0,0,0,0
14757395258967641292,-2,-1,-3,3,1,-1,0,2
14757395258967641292,0,0,0,0,0,0,0,0
14757395258967641292,0,0,0,0,0,0,0,0
14757395258967641292,0,0,0,0,0,0,0,0
14757395258967641292,0,0,0,0,0,0,0,0
14757395258967641292,2,-1,-3,-2,-3,-1,-1,-1
14757395258967641292,0,0,0,0,0,0,0,0
14757395258967641292,0,0,0,0,0,0,0,0
14757395258967641292,1,-3,-6,-2,-3,-2,-1,-3
14757395258967641292,0,0,0,0,0,0,0,0
14757395258967641292,0,0,0,0,0,0,0,0
14757395258967641292,0,0,0,0,0,0,0,0
14757395258967641292,-2,3,7,-1,4,2,-1,-1
14757395258967641292,0,0,0,0,0,0,0,0
14757395258967641292,0,0,0,0,0,0,0,0
14757395258967641292,0,0,0,0,0,0,0,0
14757395258967641292,0,0,0,0,0,0,0,0
14757395258967641292,-9,-9,-5,-3,-5,-1,-1,2
14757395258967641292,0,0,0,0,0,0,0,0
14757395258967641292,0,0,0,0,0,0,0,0
14757395258967641292,-11,2,-3,-1,3,-1,0,-3
14757395258967641292,0,0,0,0,0,0,0,0
14757395258967641292,0,0,0,0,0,0,0,0
14757395258967641292,0,0,0,0,0,0,0,0
14757395258967641292,2,5,4,2,3,2,2,0
14757395258967641292,0,0,0,0,0,0,0,0
14757395258967641292,0,0,0,0,0,0,0,0
14757395258967641292,0,0,0,0,0,0,0,0
14757395258967641292,0,0,0,0,0,0,0,0
14757395258967641292,-1,-29,-19,-5,2,1,2,0
14757395258967641292,0,0,0,0,0,0,0,0
14757395258967641292,0,0,0,0,0,0,0,0
14757395258967641292,-18,19,11,-3,-5,-5,-5,-4
14757395258967641292,0,0,0,0,0,0,0,0
14757395258967641292,0,0,0,0,0,0,0,0
14757395258967641292,0,0,0,0,0,0,0,0
14757395258967641292,-6,46,-3,0,0,0,-2,-2
14757395258967641292,0,0,0,0,0,0,0,0
14757395258967641292,0,0,0,0,0,0,0,0
14757395258967641292,0,0,0,0,0,0,0,0
14757395258967641292,0,0,0,0,0,0,0,0
14757395258967641292,17,26,11,5,1,4,7,5
14757395258967641292,0,0,0,0,0,0,0,0
14757395258967641292,4,-36,-11,-3,2,-6,-3,-3
14757395258967641292,0,0,0,0,0,0,0,0
14757395258967641292,12,8,-4,-6,-4,-8,-36,-35
14757395258967641292,0,0,0,0,0,0,0,0
14757395258967641292,0,0,0,0,0,0,0,0
14757395258967641292,-3,-5,13,9,8,8,26,3
14757395258967641292,0,0,0,0,0,0,0,0
14757395258967641292,0,0,0,0,0,0,0,0
14757395258967641292,0,0,0,0,0,0,0,0
14757395258967641292,-9,-4,11,1,3,14,26,-1
14757395258967641292,0,-20,-11,-9,-8,-5,-11,0
14757395258967641292,0,0,0,0,0,0,0,0
14757395258967641292,0,0,0,0,0,0,0,0
14757395258967641292,14,22,3,3,4,1,4,4
14757395258967641292,1,-36,9,5,3,-1,27,23
14757395258967641292,0,0,0,0,0,0,0,0
14757395258967641292,0,0,0,0,0,0,0,0
14757395258967641292,7,-14,3,3,1,1,-2,-2
14757395258967641292,0,0,0,0,0,0,0,0
14757395258967641292,0,0,0,0,0,0,0,0
14757395258967641292,0,0,0,0,0,0,0,0
14757395258967641292,0,0,0,0,0,0,0,0
14757395258967641292,9,-6,-5,-3,-1,4,20,16
14757395258967641292,0,0,0,0,0,0,0,0
14757395258967641292,0,0,0,0,0,0,0,0
14757395258967641292,-5,-7,3,-2,1,-2,-8,-5
14757395258967641292,8,-10,-22,-13,-12,-11,-14,-33
14757395258967641292,0,0,0,0,0,0,0,0
14757395258967641292,0,0,0,0,0,0,0,0
14757395258967641292,-6,-23,1,1,4,6,-6,-35
14757395258967641292,0,0,0,0,0,0,0,0
14757395258967641292,0,0,0,0,0,0,0,0
14757395258967641292,0,0,0,0,0,0,0,0
14757395258967641292,0,0,0,0,0,0,0,0
14757395258967641292,-15,22,2,1,0,-5,-8,15
14757395258967641292,0,0,0,0,0,0,0,0
14757395258967641292,-2,-47,5,2,2,6,38,15
14757395258967641292,0,0,0,0,0,0,0,0
14757395258967641292,-21,16,3,2,3,-7,-10,-8
14757395258967641292,0,0,0,0,0,0,0,0
14757395258967641292,0,0,0,0,0,0,0,0
14757395258967641292,-15,-22,8,5,3,0,-10,9
14757395258967641292,0,0,0,0,0,0,0,0
14757395258967641292,0,0,0,0,0,0,0,0
14757395258967641292,0,0,0,0,0,0,0,0
14757395258967641292,0,0,0,0,0,0,0,0
14757395258967641292,2,-63,7,-1,-5,-26,-15,23
14757395258967641292,0,0,0,0,0,0,0,0
14757395258967641292,4,59,-28,-14,-14,-25,-19,-67
14757395258967641292,0,0,0,0,0,0,0,0
14757395258967641292,14,53,4,4,1,4,5,7
14757395258967641292,0,0,0,0,0,0,0,0
14757395258967641292,0,0,0,0,0,0,0,0
14757395258967641292,-31,55,-20,-14,-11,-7,-11,-17
14757395258967641292,0,0,0,0,0,0,0,0
14757395258967641292,0,0,0,0,0,0,0,0
14757395258967641292,0,0,0,0,0,0,0,0
14757395258967641292,0,0,0,0,0,0,0,0
14757395258967641292,10,96,17,8,12,14,9,22
14757395258967641292,0,0,0,0,0,0,0,0
14757395258967641292,0,0,0,0,0,0,0,0
14757395258967641292,0,0,0,0,0,0,0,0
14757395258967641292,1,-24,1,0,0,-1,-5,2
14757395258967641292,20,7,-8,-6,-1,3,4,-1
14757395258967641292,0,0,0,0,0,0,0,0
14757395258967641292,-13,-58,3,7,5,11,-11,3
14757395258967641292,0,0,0,0,0,0,0,0
14757395258967641292,0,0,0,0,0,0,0,0
14757395258967641292,0,0,0,0,0,0,0,0
14757395258967641292,0,0,0,0,0,0,0,0
14757395258967641292,10,29,-1,-4,-13,17,8,-10
14757395258967641292,0,0,0,0,0,0,0,0
14757395258967641292,20,24,-12,0,3,7,41,35
14757395258967641292,0,0,0,0,0,0,0,0
14757395258967641292,-6,30,22,4,0,-3,8,1
14757395258967641292,0,0,0,0,0,0,0,0
14757395258967641292,0,0,0,0,0,0,0,0
14757395258967641292,2,-23,-5,-2,0,-6,-1,4
14757395258967641292,0,0,0,0,0,0,0,0
14757395258967641292,0,0,0,0,0,0,0,0
14757395258967641292,0,0,0,0,0,0,0,0
14757395258967641292,0,0,0,0,0,0,0,0
14757395258967641292,22,31,-5,-1,-3,-1,-4,0
14757395258967641292,0,0,0,0,0,0,0,0
14757395258967641292,0,0,0,0,0,0,0,0
14757395258967641292,0,0,0,0,0,0,0,0
14757395258967641292,-12,-29,-7,-1,1,11,1,5
14757395258967641292,0,0,0,0,0,0,0,0
14757395258967641292,0,0,0,0,0,0,0,0
14757395258967641292,2,-62,2,0,1,-4,3,8
14757395258967641292,0,0,0,0,0,0,0,0
14757395258967641292,0,0,0,0,0,0,0,0
14757395258967641292,0,0,0,0,0,0,0,0
14757395258967641292,0,0,0,0,0,0,0,0
14757395258967641292,0,-73,-15,-4,-1,-6,2,2
14757395258967641292,0,0,0,0,0,0,0,0
14757395258967641292,0,0,0,0,0,0,0,0
14757395258967641292,0,0,0,0,0,0,0,0
14757395258967641292,23,-6,-9,-2,-1,-7,-4,-6
14757395258967641292,0,0,0,0,0,0,0,0
14757395258967641292,0,0,0,0,0,0,0,0
14757395258967641292,-9,22,-3,-2,-4,-7,-4,-4
14757395258967641292,0,0,0,0,0,0,0,0
14757395258967641292,0,0,0,0,0,0,0,0
14757395258967641292,0,0,0,0,0,0,0,0
14757395258967641292,-15,-58,-27,-2,-2,1,-1,-15
14757395258967641292,-16,24,10,9,0,-6,4,-25
14757395258967641292,0,0,0,0,0,0,0,0
14757395258967641292,0,0,0,0,0,0,0,0
14757395258967641292,0,0,0,0,0,0,0,0
14757395258967641292,-6,15,-7,-9,-2,0,0,2
14757395258967641292,0,0,0,0,0,0,0,0
14757395258967641292,0,0,0,0,0,0,0,0
14757395258967641292,20,8,2,1,1,-1,5,2
14757395258967641292,0,0,0,0,0,0,0,0
14757395258967641292,0,0,0,0,0,0,0,0
14757395258967641292,0,0,0,0,0,0,0,0
14757395258967641292,37,83,7,3,4,3,4,28
14757395258967641292,4,-25,-9,-7,-3,0,10,6
14757395258967641292,0,0,0,0,0,0,0,0
14757395258967641292,0,0,0,0,0,0,0,0
14757395258967641292,0,0,0,0,0,0,0,0
14757395258967641292,-10,16,-31,-9,-4,1,-10,-5
14757395258967641292,0,0,0,0,0,0,0,0
14757395258967641292,0,0,0,0,0,0,0,0
14757395258967641292,14,16,25,6,1,-1,2,-1
14757395258967641292,0,0,0,0,0,0,0,0
14757395258967641292,0,0,0,0,0,0,0,0
14757395258967641292,0,0,0,0,0,0,0,0
14757395258967641292,0,0,0,0,0,0,0,0
14757395258967641292,-4,0,-8,-9,-4,-5,5,6
14757395258967641292,0,0,0,0,0,0,0,0
14757395258967641292,0,0,0,0,0,0,0,0
14757395258967641292,0,0,0,0,0,0,0,0
14757395258967641292,-15,-40,-3,-1,1,-3,-3,5
14757395258967641292,0,0,0,0,0,0,0,0
14757395258967641292,0,0,0,0,0,0,0,0
14757395258967641292,-16,-21,1,-1,-2,13,18,-7
14757395258967641292,0,0,0,0,0,0,0,0
14757395258967641292,0,0,0,0,0,0,0,0
14757395258967641292,0,0,0,0,0,0,0,0
14757395258967641292,0,0,0,0,0,0,0,0
14757395258967641292,7,-36,13,7,4,3,-19,1
14757395258967641292,0,0,0,0,0,0,0,0
14757395258967641292,0,0,0,0,0,0,0,0
14757395258967641292,0,0,0,0,0,0,0,0
14757395258967641292,6,45,1,0,-2,-4,-12,1
14757395258967641292,0,0,0,0,0,0,0,0
14757395258967641292,0,0,0,0,0,0,0,0
14757395258967641292,-56,-95,-20,-5,-3,-6,-5,-13
14757395258967641292,0,0,0,0,0,0,0,0
14757395258967641292,0,0,0,0,0,0,0,0
14757395258967641292,0,0,0,0,0,0,0,0
14757395258967641292,0,0,0,0,0,0,0,0
14757395258967641292,0,10,-12,-8,-2,-7,0,-3
14757395258967641292,0,0,0,0,0,0,0,0
14757395258967641292,0,0,0,0,0,0,0,0
14757395258967641292,0,0,0,0,0,0,0,0
14757395258967641292,-5,22,0,1,1,-1,-6,-1
14757395258967641292,0,0,0,0,0,0,0,0
14757395258967641292,0,0,0,0,0,0,0,0
14757395258967641292,-4,63,17,6,4,2,-1,13
14757395258967641292,0,0,0,0,0,0,0,0
14757395258967641292,0,0,0,0,0,0,0,0
14757395258967641292,0,0,0,0,0,0,0,0
14757395258967641292,0,0,0,0,0,0,0,0
14757395258967641292,19,-24,1,2,2,-2,-3,-6
14757395258967641292,0,0,0,0,0,0,0,0
14757395258967641292,0,0,0,0,0,0,0,0
14757395258967641292,0,0,0,0,0,0,0,0
14757395258967641292,16,29,9,9,3,1,-7,3
14757395258967641292,0,0,0,0,0,0,0,0
14757395258967641292,0,0,0,0,0,0,0,0
14757395258967641292,13,-50,-14,-9,-5,-1,1,4
14757395258967641292,0,0,0,0,0,0,0,0
14757395258967641292,0,0,0,0,0,0,0,0
14757395258967641292,0,0,0,0,0,0,0,0
14757395258967641292,0,0,0,0,0,0,0,0
14757395258967641292,-15,-9,-1,1,-2,-2,4,-1
14757395258967641292,0,0,0,0,0,0,0,0
14757395258967641292,0,0,0,0,0,0,0,0
14757395258967641292,0,0,0,0,0,0,0,0
14757395258967641292,15,-6,-10,-6,-5,-2,8,14
14757395258967641292,0,0,0,0,0,0,0,0
14757395258967641292,0,0,0,0,0,0,0,0
14757395258967641292,-4,-17,-1,0,0,-2,-2,-21
14757395258967641292,0,0,0,0,0,0,0,0
14757395258967641292,0,0,0,0,0,0,0,0
14757395258967641292,0,0,0,0,0,0,0,0
14757395258967641292,0,0,0,0,0,0,0,0
14757395258967641292,16,34,5,0,0,2,-13,0
14757395258967641292,0,0,0,0,0,0,0,0
14757395258967641292,0,0,0,0,0,0,0,0
14757395258967641292,0,0,0,0,0,0,0,0
14757395258967641292,18,12,-2,-1,-2,0,11,3
14757395258967641292,0,0,0,0,0,0,0,0
14757395258967641292,0,0,0,0,0,0,0,0
14757395258967641292,-63,4,12,-4,0,-4,-11,-18
14757395258967641292,0,0,0,0,0,0,0,0
14757395258967641292,0,0,0,0,0,0,0,0
14757395258967641292,0,0,0,0,0,0,0,0
14757395258967641292,0,0,0,0,0,0,0,0
14757395258967641292,11,84,8,0,0,2,3,1
14757395258967641292,0,0,0,0,0,0,0,0
14757395258967641292,0,0,0,0,0,0,0,0
14757395258967641292,0,0,0,0,0,0,0,0
14757395258967641292,-30,-70,-44,-13,-7,-2,-13,-4
14757395258967641292,0,0,0,0,0,0,0,0
14757395258967641292,0,0,0,0,0,0,0,0
14757395258967641292,-4,-35,-7,-2,0,-10,-8,-8
14757395258967641292,0,0,0,0,0,0,0,0
14757395258967641292,2,-27,1,3,0,-1,1,-3
14757395258967641292,0,0,0,0,0,0,0,0
14757395258967641292,0,0,0,0,0,0,0,0
14757395258967641292,11,-13,3,2,0,2,8,3
14757395258967641292,0,0,0,0,0,0,0,0
14757395258967641292,0,0,0,0,0,0,0,0
14757395258967641292,0,0,0,0,0,0,0,0
14757395258967641292,-2,-15,12,3,5,2,-2,8
14757395258967641292,0,0,0,0,0,0,0,0
14757395258967641292,24,32,10,1,0,-1,5,0
14757395258967641292,19,38,9,4,2,4,-8,-6
14757395258967641292,0,0,0,0,0,0,0,0
14757395258967641292,22,-64,1,3,3,0,1,-5
14757395258967641292,0,0,0,0,0,0,0,0
14757395258967641292,0,0,0,0,0,0,0,0
14757395258967641292,8,11,-12,-7,-5,-6,-1,-4
14757395258967641292,0,0,0,0,0,0,0,0
14757395258967641292,0,0,0,0,0,0,0,0
14757395258967641292,0,0,0,0,0,0,0,0
14757395258967641292,-21,35,8,0,-1,-5,-19,-10
14757395258967641292,0,0,0,0,0,0,0,0
14757395258967641292,0,0,0,0,0,0,0,0
14757395258967641292,26,2,-1,-2,-1,-5,2,3
14757395258967641292,0,0,0,0,0,0,0,0
14757395258967641292,10,33,4,-2,-1,0,11,4
14757395258967641292,0,0,0,0,0,0,0,0
14757395258967641292,0,0,0,0,0,0,0,0
14757395258967641292,-18,-50,-2,-3,1,-2,-3,1
14757395258967641292,0,0,0,0,0,0,0,0
14757395258967641292,0,0,0,0,0,0,0,0
14757395258967641292,0,0,0,0,0,0,0,0
14757395258967641292,22,30,1,4,1,-3,-4,-8
14757395258967641292,0,0,0,0,0,0,0,0
14757395258967641292,0,0,0,0,0,0,0,0
14757395258967641292,-5,-11,4,0,-2,1,6,0
14757395258967641292,0,0,0,0,0,0,0,0
14757395258967641292,-12,30,12,3,-4,2,5,-11
14757395258967641292,0,0,0,0,0,0,0,0
14757395258967641292,0,0,0,0,0,0,0,0
14757395258967641292,-3,0,-9,-5,-2,0,-4,9
14757395258967641292,0,0,0,0,0,0,0,0
14757395258967641292,0,0,0,0,0,0,0,0
14757395258967641292,0,0,0,0,0,0,0,0
14757395258967641292,-23,-87,-21,-4,-2,-4,-6,-2
14757395258967641292,0,0,0,0,0,0,0,0
14757395258967641292,0,0,0,0,0,0,0,0
14757395258967641292,1,-33,9,7,3,4,4,6
14757395258967641292,5,50,4,1,0,-2,-2,0
14757395258967641292,0,0,0,0,0,0,0,0
14757395258967641292,0,0,0,0,0,0,0,0
14757395258967641292,-12,3,-1,-2,0,-7,-1,-3
14757395258967641292,29,75,10,3,0,-1,4,4
14757395258967641292,0,0,0,0,0,0,0,0
14757395258967641292,0,0,0,0,0,0,0,0
14757395258967641292,0,0,0,0,0,0,0,0
14757395258967641292,-3,1,10,1,2,5,1,0
14757395258967641292,0,0,0,0,0,0,0,0
14757395258967641292,0,0,0,0,0,0,0,0
14757395258967641292,16,42,5,-4,0,-2,-7,-3
14757395258967641292,-23,-37,-12,-1,-4,0,1,-4
14757395258967641292,0,0,0,0,0,0,0,0
14757395258967641292,0,0,0,0,0,0,0,0
14757395258967641292,0,0,0,0,0,0,0,0
14757395258967641292,10,-7,5,6,5,6,4,1
14757395258967641292,4,-4,7,1,7,3,-8,-1
14757395258967641292,0,0,0,0,0,0,0,0
14757395258967641292,0,0,0,0,0,0,0,0
14757395258967641292,-2,-27,-5,-3,-4,-4,-4,0
14757395258967641292,0,0,0,0,0,0,0,0
14757395258967641292,0,0,0,0,0,0,0,0
14757395258967641292,0,0,0,0,0,0,0,0
14757395258967641292,0,0,0,0,0,0,0,0
14757395258967641292,6,15,4,2,3,0,2,0
14757395258967641292,0,0,0,0,0,0,0,0
14757395258967641292,0,-34,2,0,-2,4,8,2
14757395258967641292,7,17,-2,-3,-5,2,0,-1
14757395258967641292,0,0,0,0,0,0,0,0
14757395258967641292,0,0,0,0,0,0,0,0
14757395258967641292,0,0,0,0,0,0,0,0
14757395258967641292,-13,-38,-7,-6,-2,1,3,0
14757395258967641292,0,0,0,0,0,0,0,0
14757395258967641292,0,0,0,0,0,0,0,0
14757395258967641292,0,0,0,0,0,0,0,0
14757395258967641292,0,0,0,0,0,0,0,0
14757395258967641292,-11,-11,-6,1,-2,-1,2,1
14757395258967641292,0,0,0,0,0,0,0,0
14757395258967641292,0,0,0,0,0,0,0,0
14757395258967641292,-4,-17,0,-1,-2,2,0,-2
14757395258967641292,0,0,0,0,0,0,0,0
14757395258967641292,0,0,0,0,0,0,0,0
14757395258967641292,0,0,0,0,0,0,0,0
14757395258967641292,-3,11,5,0,1,-4,-2,0
14757395258967641292,0,0,0,0,0,0,0,0
14757395258967641292,2,10,-1,-3,-5,-7,-2,0
14757395258967641292,0,0,0,0,0,0,0,0
14757395258967641292,0,0,0,0,0,0,0,0
14757395258967641292,0,-19,-3,-1,0,-1,-5,-10
14757395258967641292,0,0,0,0,0,0,0,0
14757395258967641292,0,0,0,0,0,0,0,0
14757395258967641292,1,29,-27,-6,0,-3,1,0
14757395258967641292,0,0,0,0,0,0,0,0
14757395258967641292,0,0,0,0,0,0,0,0
14757395258967641292,0,0,0,0,0,0,0,0
14757395258967641292,36,67,20,5,3,2,4,7
14757395258967641292,0,0,0,0,0,0,0,0
14757395258967641292,0,0,0,0,0,0,0,0
14757395258967641292,0,0,0,0,0,0,0,0
14757395258967641292,0,0,0,0,0,0,0,0
14757395258967641292,4,2,6,0,-1,-2,-1,3
14757395258967641292,0,0,0,0,0,0,0,0
14757395258967641292,0,0,0,0,0,0,0,0
14757395258967641292,-10,-24,-6,-4,-1,-2,-1,-1
14757395258967641292,0,0,0,0,0,0,0,0
14757395258967641292,0,0,0,0,0,0,0,0
14757395258967641292,0,0,0,0,0,0,0,0
14757395258967641292,-8,-9,4,3,1,3,1,0
14757395258967641292,0,0,0,0,0,0,0,0
14757395258967641292,0,0,0,0,0,0,0,0
14757395258967641292,0,0,0,0,0,0,0,0
14757395258967641292,0,0,0,0,0,0,0,0
14757395258967641292,-8,-7,7,-2,-2,-4,-1,1
14757395258967641292,0,0,0,0,0,0,0,0
14757395258967641292,0,0,0,0,0,0,0,0
14757395258967641292,-11,-12,-9,-8,-11,-3,-2,-4
14757395258967641292,0,0,0,0,0,0,0,0
14757395258967641292,0,0,0,0,0,0,0,0
14757395258967641292,0,0,0,0,0,0,0,0
14757395258967641292,-3,0,-9,2,3,1,0,1
14757395258967641292,0,0,0,0,0,0,0,0
14757395258967641292,0,0,0,0,0,0,0,0
14757395258967641292,0,0,0,0,0,0,0,0
14757395258967641292,0,0,0,0,0,0,0,0
14757395258967641292,-1,-2,6,-4,-1,-3,-3,-1
14757395258967641292,0,0,0,0,0,0,0,0
14757395258967641292,0,0,0,0,0,0,0,0
14757395258967641292,-3,-2,15,2,-1,-2,0,1
14757395258967641292,0,0,0,0,0,0,0,0
14757395258967641292,0,0,0,0,0,0,0,0
14757395258967641292,0,0,0,0,0,0,0,0
14757395258967641292,-1,0,12,-1,-3,0,-2,-3
14757395258967641292,0,0,0,0,0,0,0,0
14757395258967641292,0,0,0,0,0,0,0,0
14757395258967641292,0,0,0,0,0,0,0,0
14757395258967641292,0,0,0,0,0,0,0,0
14757395258967641292,-2,-3,-16,0,1,-1,1,0
14757395258967641292,0,0,0,0,0,0,0,0
14757395258967641292,1,8,3,10,-4,4,2,0
14757395258967641292,0,0,0,0,0,0,0,0
14757395258967641292,-2,-5,-1,-5,-4,-1,-1,-2
14757395258967641292,0,0,0,0,0,0,0,0
14757395258967641292,0,0,0,0,0,0,0,0
14757395258967641292,0,1,12,1,-3,-2,-3,-2
14757395258967641292,0,0,0,0,0,0,0,0
14757395258967641292,0,0,0,0,0,0,0,0
14757395258967641292,0,0,0,0,0,0,0,0
14757395258967641292,-1,-1,0,-4,0,-2,-2,-3
14757395258967641292,-3,-4,-16,-4,-2,-4,-3,-1
14757395258967641292,0,0,0,0,0,0,0,0
14757395258967641292,0,0,0,0,0,0,0,0
14757395258967641292,-3,-3,0,2,2,0,0,-3
14757395258967641292,0,0,0,0,0,0,0,0
14757395258967641292,0,0,0,0,0,0,0,0
14757395258967641292,0,0,0,0,0,0,0,0
14757395258967641292,-6,-12,-66,-12,2,-2,-1,-2
14757395258967641292,0,0,0,0,0,0,0,0
14757395258967641292,0,0,0,0,0,0,0,0
14757395258967641292,0,0,0,0,0,0,0,0
14757395258967641292,0,0,0,0,0,0,0,0
14757395258967641292,0,-3,16,0,-1,-2,0,0
14757395258967641292,0,0,0,0,0,0,0,0
14757395258967641292,0,0,0,0,0,0,0,0
14757395258967641292,4,3,12,-2,0,-1,-1,0
14757395258967641292,0,0,0,0,0,0,0,0
14757395258967641292,0,0,0,0,0,0,0,0
14757395258967641292,0,0,0,0,0,0,0,0
14757395258967641292,0,0,4,2,2,1,-1,0
14757395258967641292,0,0,0,0,0,0,0,0
14757395258967641292,0,0,0,0,0,0,0,0
14757395258967641292,0,0,0,0,0,0,0,0
14757395258967641292,0,0,0,0,0,0,0,0
14757395258967641292,3,-3,3,-4,-3,-3,-3,-3
14757395258967641292,0,0,0,0,0,0,0,0
14757395258967641292,-3,-3,-11,-6,-3,-3,-4,-3
14757395258967641292,0,0,0,0,0,0,0,0
14757395258967641292,2,3,9,3,1,1,1,1
14757395258967641292,0,0,0,0,0,0,0,0
14757395258967641292,0,0,0,0,0,0,0,0
14757395258967641292,-3,-3,-13,7,-1,-2,-1,-1
14757395258967641292,0,0,0,0,0,0,0,0
14757395258967641292,0,0,0,0,0,0,0,0
14757395258967641292,0,0,0,0,0,0,0,0
14757395258967641292,0,0,0,0,0,0,0,0
14757395258967641292,-5,-7,-17,-10,-2,0,0,-2
14757395258967641292,0,0,0,0,0,0,0,0
14757395258967641292,-1,-2,23,-2,1,0,-2,-2
14757395258967641292,0,0,0,0,0,0,0,0
14757395258967641292,-3,-3,-2,1,-2,0,0,1
14757395258967641292,0,0,0,0,0,0,0,0
14757395258967641292,0,0,0,0,0,0,0,0
14757395258967641292,0,2,9,0,7,2,1,-1
14757395258967641292,0,0,0,0,0,0,0,0
14757395258967641292,0,0,0,0,0,0,0,0
14757395258967641292,0,0,0,0,0,0,0,0
14757395258967641292,0,0,0,0,0,0,0,0
14757395258967641292,1,1,6,5,-5,-3,-1,-2
14757395258967641292,0,0,0,0,0,0,0,0
14757395258967641292,0,0,0,0,0,0,0,0
14757395258967641292,-2,-5,-5,-4,-3,-2,-2,-3
14757395258967641292,0,1,7,1,2,3,1,1
14757395258967641292,0,0,0,0,0,0,0,0
14757395258967641292,0,0,0,0,0,0,0,0
14757395258967641292,-7,-36,4,-5,-6,-3,-2,-1
14757395258967641292,0,0,0,0,0,0,0,0
14757395258967641292,0,0,0,0,0,0,0,0
14757395258967641292,0,0,0,0,0,0,0,0
14757395258967641292,0,0,0,0,0,0,0,0
14757395258967641292,2,4,-2,0,-3,-3,-2,-1
14757395258967641292,0,0,0,0,0,0,0,0
14757395258967641292,0,0,0,0,0,0,0,0
14757395258967641292,-1,-4,5,-1,1,-1,-2,-1
14757395258967641292,0,9,8,6,3,0,-2,-1
14757395258967641292,0,0,0,0,0,0,0,0
14757395258967641292,0,0,0,0,0,0,0,0
14757395258967641292,-4,6,-1,-5,-4,-6,-1,-2
14757395258967641292,0,0,0,0,0,0,0,0
14757395258967641292,0,0,0,0,0,0,0,0
14757395258967641292,0,0,0,0,0,0,0,0
14757395258967641292,0,0,0,0,0,0,0,0
14757395258967641292,2,2,-2,-2,-1,0,1,-1
14757395258967641292,0,0,0,0,0,0,0,0
14757395258967641292,0,0,0,0,0,0,0,0
14757395258967641292,-1,-3,3,2,-2,0,0,-1
14757395258967641292,-1,3,-4,-8,-7,-6,-2,-2
14757395258967641292,0,0,0,0,0,0,0,0
14757395258967641292,0,0,0,0,0,0,0,0
14757395258967641292,-2,0,-1,-1,-2,-1,-1,-2
14757395258967641292,0,0,0,0,0,0,0,0
14757395258967641292,0,0,0,0,0,0,0,0
14757395258967641292,0,0,0,0,0,0,0,0
14757395258967641292,0,0,0,0,0,0,0,0
14757395258967641292,-1,2,-8,-1,3,1,0,0
14757395258967641292,0,0,0,0,0,0,0,0
14757395258967641292,-2,0,1,-2,-6,-3,-2,-1
14757395258967641292,0,0,0,0,0,0,0,0
14757395258967641292,1,4,9,5,2,2,1,0
14757395258967641292,0,0,0,0,0,0,0,0
14757395258967641292,0,0,0,0,0,0,0,0
14757395258967641292,-1,0,0,-2,-8,-3,-3,0
14757395258967641292,0,0,0,0,0,0,0,0
14757395258967641292,0,0,0,0,0,0,0,0
14757395258967641292,0,0,0,0,0,0,0,0
14757395258967641292,0,0,0,0,0,0,0,0
14757395258967641292,-3,-1,0,0,2,1,0,0
14757395258967641292,0,0,0,0,0,0,0,0
14757395258967641292,0,0,0,0,0,0,0,0
14757395258967641292,0,0,0,0,0,0,0,0
14757395258967641292,-2,0,-3,0,3,-2,0,-2
14757395258967641292,0,0,0,0,0,0,0,0
14757395258967641292,0,0,0,0,0,0,0,0
14757395258967641292,1,-1,2,0,-3,2,-1,0
14757395258967641292,0,0,0,0,0,0,0,0
14757395258967641292,0,0,0,0,0,0,0,0
14757395258967641292,0,0,0,0,0,0,0,0
14757395258967641292,0,0,0,0,0,0,0,0
14757395258967641292,1,-2,-4,-3,-1,-2,-2,1
14757395258967641292,0,0,0,0,0,0,0,0
14757395258967641292,0,0,0,0,0,0,0,0
14757395258967641292,0,0,0,0,0,0,0,0
14757395258967641292,-1,1,0,-2,-2,0,-2,-1
14757395258967641292,0,0,0,0,0,0,0,0
14757395258967641292,0,0,0,0,0,0,0,0
14757395258967641292,-2,-1,-2,-5,-2,-3,-1,0
14757395258967641292,0,0,0,0,0,0,0,0
14757395258967641292,0,0,0,0,0,0,0,0
14757395258967641292,0,0,0,0,0,0,0,0
14757395258967641292,0,0,0,0,0,0,0,0
14757395258967641292,0,-2,-1,3,2,0,-1,1
14757395258967641292,0,0,0,0,0,0,0,0
14757395258967641292,0,0,0,0,0,0,0,0
14757395258967641292,0,0,0,0,0,0,0,0
14757395258967641292,-1,-2,1,0,-3,2,1,-1
14757395258967641292,0,0,0,0,0,0,0,0
14757395258967641292,0,0,0,0,0,0,0,0
14757395258967641292,-1,0,-3,-3,-2,-3,-3,-1
14757395258967641292,0,0,0,0,0,0,0,0
14757395258967641292,0,0,0,0,0,0,0,0
14757395258967641292,0,0,0,0,0,0,0,0
14757395258967641292,0,0,0,0,0,0,0,0
14757395258967641292,0,0,1,-2,4,2,1,-3
14757395258967641292,0,0,0,0,0,0,0,0
14757395258967641292,0,0,0,0,0,0,0,0
14757395258967641292,0,0,0,0,0,0,0,0
14757395258967641292,0,1,0,-2,-2,0,0,0
14757395258967641292,0,0,0,0,0,0,0,0
14757395258967641292,0,0,0,0,0,0,0,0
14757395258967641292,0,0,0,-1,2,1,-1,-2
14757395258967641292,0,0,0,0,0,0,0,0
14757395258967641292,0,0,0,0,0,0,0,0
14757395258967641292,0,0,0,0,0,0,0,0
14757395258967641292,-1,-3,-4,-2,-3,-6,-4,-1
14757395258967641292,-1,-2,-3,0,1,1,-1,-1
14757395258967641292,0,0,0,0,0,0,0,0
14757395258967641292,0,0,0,0,0,0,0,0
14757395258967641292,0,0,0,0,0,0,0,0
14757395258967641292,-2,-1,-2,2,-8,-2,-3,-2
14757395258967641292,0,0,0,0,0,0,0,0
14757395258967641292,0,0,0,0,0,0,0,0
14757395258967641292,0,0,0,0,0,0,0,0
14757395258967641292,0,0,0,0,0,0,0,0
14757395258967641292,-1,-3,-4,-4,-6,-2,-2,-1
14757395258967641292,0,0,0,0,0,0,0,0
14757395258967641292,-2,-2,-2,-3,0,0,0,-1
14757395258967641292,-2,-1,-1,0,-2,-4,-2,-2
14757395258967641292,0,0,0,0,0,0,0,0
14757395258967641292,0,0,0,0,0,0,0,0
14757395258967641292,0,0,0,0,0,0,0,0
14757395258967641292,-2,-1,-1,-8,-4,-3,-1,-1
14757395258967641292,0,0,0,0,0,0,0,0
14757395258967641292,0,0,0,0,0,0,0,0
14757395258967641292,1,0,-1,2,0,0,-1,-1
14757395258967641292,0,0,0,0,0,0,0,0
14757395258967641292,0,0,0,0,0,0,0,0
14757395258967641292,0,0,0,0,0,0,0,0
14757395258967641292,0,0,0,0,0,0,0,0
14757395258967641292,-1,0,1,3,6,2,2,-2
14757395258967641292,0,0,0,0,0,0,0,0
14757395258967641292,0,0,0,0,0,0,0,0
14757395258967641292,0,0,0,0,0,0,0,0
14757395258967641292,1,-2,-2,-1,-2,-1,-1,0
14757395258967641292,0,0,0,0,0,0,0,0
14757395258967641292,0,0,0,0,0,0,0,0
14757395258967641292,-2,-1,1,4,1,-2,-2,-1
14757395258967641292,0,0,0,0,0,0,0,0
14757395258967641292,0,0,0,0,0,0,0,0
14757395258967641292,0,0,0,0,0,0,0,0
14757395258967641292,0,0,0,0,0,0,0,0
14757395258967641292,-3,-3,-1,-4,-1,-1,-1,-2
14757395258967641292,0,0,0,0,0,0,0,0
14757395258967641292,0,0,0,0,0,0,0,0
14757395258967641292,0,0,0,0,0,0,0,0
14757395258967641292,2,-1,-2,-3,-3,-2,-2,-1
14757395258967641292,0,0,0,0,0,0,0,0
14757395258967641292,0,0,0,0,0,0,0,0
14757395258967641292,-2,1,1,-1,2,2,0,-2
14757395258967641292,0,0,0,0,0,0,0,0
14757395258967641292,0,0,0,0,0,0,0,0
14757395258967641292,0,0,0,0,0,0,0,0
14757395258967641292,0,0,0,0,0,0,0,0
14757395258967641292,1,-3,-1,0,-2,1,0,2
14757395258967641292,0,0,0,0,0,0,0,0
14757395258967641292,0,0,0,0,0,0,0,0
14757395258967641292,0,0,0,0,0,0,0,0
14757395258967641292,0,1,-2,-2,1,-2,-1,0
14757395258967641292,0,0,0,0,0,0,0,0
14757395258967641292,0,0,0,0,0,0,0,0
14757395258967641292,-1,0,0,2,-2,1,0,-2
14757395258967641292,0,0,0,0,0,0,0,0
14757395258967641292,0,0,0,0,0,0,0,0
14757395258967641292,0,0,0,0,0,0,0,0
14757395258967641292,0,0,0,0,0,0,0,0
14757395258967641292,-2,-1,-1,1,-2,-1,1,-1
14757395258967641292,0,0,0,0,0,0,0,0
14757395258967641292,0,0,0,0,0,0,0,0
14757395258967641292,0,0,0,0,0,0,0,0
14757395258967641292,-3,-2,2,1,8,0,1,0
14757395258967641292,0,0,0,0,0,0,0,0
14757395258967641292,0,0,0,0,0,0,0,0
14757395258967641292,1,0,-2,3,4,0,-1,0
14757395258967641292,0,0,0,0,0,0,0,0
14757395258967641292,-2,-1,-3,-9,-9,-7,-2,-1
14757395258967641292,0,0,0,0,0,0,0,0
14757395258967641292,0,0,0,0,0,0,0,0
14757395258967641292,-2,0,0,0,5,5,1,-1
14757395258967641292,0,0,0,0,0,0,0,0
14757395258967641292,0,0,0,0,0,0,0,0
14757395258967641292,0,0,0,0,0,0,0,0
14757395258967641292,1,0,0,-1,1,-1,-3,-1
14757395258967641292,0,0,0,0,0,0,0,0
14757395258967641292,0,0,0,0,0,0,0,0
14757395258967641292,0,0,0,0,0,0,0,0
14757395258967641292,0,0,0,0,0,0,0,0
14757395258967641292,2,-1,-1,-1,-1,0,0,-2
14757395258967641292,0,0,0,0,0,0,0,0
14757395258967641292,0,0,0,0,0,0,0,0
14757395258967641292,-1,0,0,1,2,-2,-2,-1
14757395258967641292,0,0,0,0,0,0,0,0
14757395258967641292,0,0,0,0,0,0,0,0
14757395258967641292,0,0,0,0,0,0,0,0
14757395258967641292,-1,-2,-2,-1,-4,-2,-3,0
14757395258967641292,0,0,0,0,0,0,0,0
14757395258967641292,0,0,0,0,0,0,0,0
14757395258967641292,-2,-1,2,1,3,3,0,-1
14757395258967641292,0,0,0,0,0,0,0,0
14757395258967641292,-2,-1,0,-6,-6,-4,-1,-1
14757395258967641292,0,0,0,0,0,0,0,0
14757395258967641292,0,0,0,0,0,0,0,0
14757395258967641292,-2,-1,-4,-1,0,-5,-1,-1
14757395258967641292,0,0,0,0,0,0,0,0
14757395258967641292,0,0,0,0,0,0,0,0
14757395258967641292,0,0,0,0,0,0,0,0
14757395258967641292,0,1,0,0,-1,0,0,0
14757395258967641292,0,0,0,0,0,0,0,0
14757395258967641292,0,0,0,0,0,0,0,0
14757395258967641292,1,-1,-2,0,-2,-3,-1,-2
14757395258967641292,0,0,0,0,0,0,0,0
14757395258967641292,-3,-1,-2,1,2,4,-1,-2
14757395258967641292,0,0,0,0,0,0,0,0
14757395258967641292,0,0,0,0,0,0,0,0
14757395258967641292,-2,-1,-1,-7,-6,-1,-1,-1
14757395258967641292,0,0,0,0,0,0,0,0
14757395258967641292,0,0,0,0,0,0,0,0
14757395258967641292,0,0,0,0,0,0,0,0
14757395258967641292,1,-2,-1,-1,-5,-3,-3,-2
14757395258967641292,0,0,0,0,0,0,0,0
14757395258967641292,0,0,0,0,0,0,0,0
14757395258967641292,0,0,3,7,15,5,2,1
14757395258967641292,0,0,0,0,0,0,0,0
14757395258967641292,1,-3,-2,0,3,0,1,1
14757395258967641292,0,0,0,0,0,0,0,0
14757395258967641292,0,0,0,0,0,0,0,0
14757395258967641292,-2,0,1,-2,-7,-4,1,0
14757395258967641292,0,0,0,0,0,0,0,0
14757395258967641292,0,0,0,0,0,0,0,0
14757395258967641292,0,0,0,0,0,0,0,0
14757395258967641292,-3,-3,-2,-3,-8,-2,-2,-4
14757395258967641292,0,0,0,0,0,0,0,0
14757395258967641292,0,0,0,0,0,0,0,0
14757395258967641292,1,0,-2,-3,-4,-2,-1,-2
14757395258967641292,0,0,0,0,0,0,0,0
14757395258967641292,0,-2,1,8,-2,-2,0,-1
14757395258967641292,0,0,0,0,0,0,0,0
14757395258967641292,0,0,0,0,0,0,0,0
14757395258967641292,0,-2,-4,-4,-4,-4,-2,0
14757395258967641292,0,0,0,0,0,0,0,0
14757395258967641292,0,0,0,0,0,0,0,0
14757395258967641292,0,0,0,0,0,0,0,0
14757395258967641292,0,0,1,7,8,3,0,1
14757395258967641292,0,0,0,0,0,0,0,0
14757395258967641292,0,0,0,0,0,0,0,0
14757395258967641292,0,0,0,0,0,0,0,0
14757395258967641292,0,0,0,0,0,0,0,0
14757395258967641292,-2,-1,-3,-3,0,1,-1,0
14757395258967641292,0,0,0,0,0,0,0,0
14757395258967641292,0,0,0,0,0,0,0,0
14757395258967641292,-2,-2,-1,-5,-5,-2,-2,1
14757395258967641292,0,0,2,-2,5,4,-1,-1
14757395258967641292,0,0,0,0,0,0,0,0
14757395258967641292,0,0,0,0,0,0,0,0
14757395258967641292,0,-1,-3,-5,-10,-1,0,-1
14757395258967641292,0,0,0,0,0,0,0,0
14757395258967641292,0,0,0,0,0,0,0,0
14757395258967641292,0,0,0,0,0,0,0,0
14757395258967641292,0,0,0,0,0,0,0,0
14757395258967641292,-2,-1,1,4,9,0,-2,0
14757395258967641292,0,0,0,0,0,0,0,0
14757395258967641292,0,0,0,0,0,0,0,0
14757395258967641292,-3,0,0,3,-3,-2,-1,-1
14757395258967641292,0,0,0,0,0,0,0,0
14757395258967641292,0,0,0,0,0,0,0,0
14757395258967641292,0,0,0,0,0,0,0,0
14757395258967641292,-1,-1,1,-3,-5,-5,-1,-1
14757395258967641292,0,0,0,0,0,0,0,0
14757395258967641292,0,0,0,0,0,0,0,0
14757395258967641292,0,0,0,0,0,0,0,0
14757395258967641292,0,0,0,0,0,0,0,0
14757395258967641292,-1,-1,1,15,11,2,-1,0
14757395258967641292,0,0,0,0,0,0,0,0
14757395258967641292,0,0,0,0,0,0,0,0
14757395258967641292,1,-2,-3,-5,1,-1,2,0
14757395258967641292,0,0,0,0,0,0,0,0
14757395258967641292,0,0,0,0,0,0,0,0
14757395258967641292,0,0,0,0,0,0,0,0
14757395258967641292,-1,-3,-1,-2,-8,-3,0,-2
14757395258967641292,0,0,0,0,0,0,0,0
14757395258967641292,0,0,0,0,0,0,0,0
14757395258967641292,0,0,0,0,0,0,0,0
14757395258967641292,0,0,0,0,0,0,0,0
14757395258967641292,0,-2,-2,-3,-1,2,-1,0
14757395258967641292,0,0,0,0,0,0,0,0
14757395258967641292,0,0,0,0,0,0,0,0
14757395258967641292,0,0,-1,-7,-5,-1,-2,-1
14757395258967641292,0,0,0,0,0,0,0,0
14757395258967641292,0,0,0,0,0,0,0,0
14757395258967641292,0,0,0,0,0,0,0,0
14757395258967641292,-1,-1,-3,-7,2,-2,-2,-1
14757395258967641292,0,0,0,0,0,0,0,0
14757395258967641292,0,0,0,0,0,0,0,0
14757395258967641292,0,0,0,0,0,0,0,0
14757395258967641292,0,0,0,0,0,0,0,0
14757395258967641292,-1,1,0,-5,-2,-2,-1,-1
14757395258967641292,0,0,0,0,0,0,0,0
14757395258967641292,0,0,0,0,0,0,0,0
14757395258967641292,-1,-2,-1,-2,-3,-3,-2,-1
14757395258967641292,0,0,0,0,0,0,0,0
14757395258967641292,0,0,0,0,0,0,0,0
14757395258967641292,0,0,0,0,0,0,0,0
14757395258967641292,1,0,-2,5,-1,-1,0,-1
14757395258967641292,0,0,0,0,0,0,0,0
14757395258967641292,0,0,0,0,0,0,0,0
14757395258967641292,0,0,0,0,0,0,0,0
14757395258967641292,0,0,0,0,0,0,0,0
14757395258967641292,0,-1,1,0,1,-1,-1,-2
14757395258967641292,0,0,0,0,0,0,0,0
14757395258967641292,0,0,0,0,0,0,0,0
14757395258967641292,0,-1,-1,-2,-6,0,-1,-1
14757395258967641292,0,0,0,0,0,0,0,0
14757395258967641292,0,0,0,0,0,0,0,0
14757395258967641292,0,0,0,0,0,0,0,0
14757395258967641292,0,1,-1,5,5,1,-1,0
14757395258967641292,0,0,0,0,0,0,0,0
14757395258967641292,0,0,0,0,0,0,0,0
14757395258967641292,0,0,0,0,0,0,0,0
14757395258967641292,0,0,0,0,0,0,0,0
14757395258967641292,-1,-2,-2,-4,-2,-3,-1,-2
14757395258967641292,0,0,0,0,0,0,0,0
14757395258967641292,0,0,0,0,0,0,0,0
14757395258967641292,-3,0,1,-4,0,-1,0,-1
14757395258967641292,0,0,0,0,0,0,0,0
14757395258967641292,0,0,0,0,0,0,0,0
14757395258967641292,0,0,0,0,0,0,0,0
14757395258967641292,0,-3,-1,-2,-7,-2,-1,-2
14757395258967641292,0,0,0,0,0,0,0,0
14757395258967641292,0,0,0,0,0,0,0,0
14757395258967641292,0,0,0,0,0,0,0,0
14757395258967641292,0,0,0,0,0,0,0,0
14757395258967641292,-1,0,0,0,7,-1,-4,-1
14757395258967641292,0,0,0,0,0,0,0,0
14757395258967641292,0,0,0,0,0,0,0,0
14757395258967641292,0,-1,-3,-4,1,1,-1,0
14757395258967641292,0,0,0,0,0,0,0,0
14757395258967641292,0,0,0,0,0,0,0,0
14757395258967641292,0,0,0,0,0,0,0,0
14757395258967641292,-2,2,0,-3,-5,-2,0,0
14757395258967641292,0,0,0,0,0,0,0,0
14757395258967641292,0,0,0,0,0,0,0,0
14757395258967641292,0,0,0,0,0,0,0,0
14757395258967641292,0,0,0,0,0,0,0,0
14757395258967641292,-2,-2,1,2,0,-1,1,-3
14757395258967641292,0,0,0,0,0,0,0,0
14757395258967641292,0,0,0,0,0,0,0,0
14757395258967641292,-2,-2,0,3,2,-6,-1,0
14757395258967641292,0,0,0,0,0,0,0,0
14757395258967641292,0,0,0,0,0,0,0,0
14757395258967641292,0,0,0,0,0,0,0,0
14757395258967641292,-1,-3,-1,-4,0,1,-1,-3
14757395258967641292,0,0,0,0,0,0,0,0
14757395258967641292,0,0,0,0,0,0,0,0
14757395258967641292,0,0,0,0,0,0,0,0
14757395258967641292,0,0,0,0,0,0,0,0
14757395258967641292,0,0,0,3,2,0,-2,1
14757395258967641292,0,0,0,0,0,0,0,0
14757395258967641292,0,0,0,0,0,0,0,0
14757395258967641292,0,-2,-2,7,0,0,-1,1
14757395258967641292,0,0,0,0,0,0,0,0
14757395258967641292,0,0,0,0,0,0,0,0
14757395258967641292,0,0,0,0,0,0,0,0
14757395258967641292,-1,1,0,-3,-5,-1,0,-1
14757395258967641292,0,0,0,0,0,0,0,0
14757395258967641292,0,0,0,0,0,0,0,0
14757395258967641292,0,0,0,0,0,0,0,0
14757395258967641292,0,0,0,0,0,0,0,0
14757395258967641292,0,-2,-3,0,3,1,-1,-3
14757395258967641292,0,0,0,0,0,0,0,0
14757395258967641292,-1,-1,0,5,2,0,1,0
14757395258967641292,0,0,0,0,0,0,0,0
14757395258967641292,-5,-1,-2,-6,-5,3,-2,-1
14757395258967641292,0,0,0,0,0,0,0,0
14757395258967641292,0,0,0,0,0,0,0,0
14757395258967641292,-1,0,-2,1,3,2,0,-1
14757395258967641292,0,0,0,0,0,0,0,0
14757395258967641292,0,0,0,0,0,0,0,0
14757395258967641292,0,0,0,0,0,0,0,0
14757395258967641292,0,0,0,0,0,0,0,0
14757395258967641292,-1,0,-3,-13,-5,-2,1,0
14757395258967641292,0,0,0,0,0,0,0,0
14757395258967641292,1,0,2,10,4,1,0,-1
14757395258967641292,0,0,0,0,0,0,0,0
14757395258967641292,0,-1,-3,-5,-3,-4,-2,-2
14757395258967641292,0,0,0,0,0,0,0,0
14757395258967641292,0,0,0,0,0,0,0,0
14757395258967641292,-2,-2,-2,-2,-2,-3,-2,0
14757395258967641292,0,0,0,0,0,0,0,0
14757395258967641292,0,0,0,0,0,0,0,0
14757395258967641292,0,0,0,0,0,0,0,0
14757395258967641292,0,0,0,0,0,0,0,0
14757395258967641292,0,0,0,5,4,2,1,0
14757395258967641292,0,0,0,0,0,0,0,0
14757395258967641292,-1,-1,-2,0,3,0,0,-1
14757395258967641292,0,0,0,0,0,0,0,0
14757395258967641292,-2,-1,1,-1,-5,-2,-1,-1
14757395258967641292,0,0,0,0,0,0,0,0
14757395258967641292,0,0,0,0,0,0,0,0
14757395258967641292,0,0,-1,-6,-4,1,-2,-2
14757395258967641292,0,0,0,0,0,0,0,0
14757395258967641292,0,0,0,0,0,0,0,0
14757395258967641292,0,0,0,0,0,0,0,0
14757395258967641292,0,0,0,0,0,0,0,0
14757395258967641292,1,-1,0,2,1,1,1,1
14757395258967641292,0,0,0,0,0,0,0,0
14757395258967641292,-1,-3,-2,-4,-4,-1,-1,-2
14757395258967641292,0,0,0,0,0,0,0,0
14757395258967641292,-2,0,-2,1,1,0,-2,-2
14757395258967641292,0,0,0,0,0,0,0,0
14757395258967641292,0,0,0,0,0,0,0,0
14757395258967641292,1,-1,-1,1,1,-1,-2,-2
14757395258967641292,0,0,0,0,0,0,0,0
14757395258967641292,0,0,0,0,0,0,0,0
