Starting time:1454184465021933
Ending time:1454184470012244
Sample count:997
14757395258967641292,-2,-5,2,-3,0,-1,-4,-2
14757395258967641292,0,0,0,0,0,0,0,0
14757395258967641292,0,0,0,0,0,0,0,0
14757395258967641292,-2,-11,-10,1,-3,0,1,-2
14757395258967641292,0,0,0,0,0,0,0,0
14757395258967641292,0,0,0,0,0,0,0,0
14757395258967641292,0,-5,-13,0,-2,-2,0,0
14757395258967641292,0,2,-1,1,0,0,5,-1
14757395258967641292,0,0,0,0,0,0,0,0
14757395258967641292,0,0,0,0,0,0,0,0
14757395258967641292,-2,-11,-6,-10,-2,-2,-2,-4
14757395258967641292,0,0,0,0,0,0,0,0
14757395258967641292,-2,1,-5,-2,-2,-1,-1,1
14757395258967641292,0,0,0,0,0,0,0,0
14757395258967641292,0,0,0,0,0,0,0,0
14757395258967641292,0,0,0,0,0,0,0,0
14757395258967641292,-4,0,16,4,-2,0,-2,0
14757395258967641292,-1,0,-2,-2,-3,-3,-1,0
14757395258967641292,0,-1,2,0,1,-2,-2,-1
14757395258967641292,-4,8,-2,-1,2,-2,-2,1
14757395258967641292,0,0,0,0,0,0,0,0
14757395258967641292,0,0,0,0,0,0,0,0
14757395258967641292,0,0,0,0,0,0,0,0
14757395258967641292,0,0,0,0,0,0,0,0
14757395258967641292,-2,-9,-2,1,-4,-1,-2,0
14757395258967641292,0,0,0,0,0,0,0,0
14757395258967641292,0,0,0,0,0,0,0,0
14757395258967641292,0,0,0,0,0,0,0,0
14757395258967641292,-3,4,6,-1,-1,1,1,0
14757395258967641292,-1,5,-3,-2,0,-2,-1,-3
14757395258967641292,1,0,9,2,-3,2,-2,0
14757395258967641292,3,2,7,-3,-2,-2,-2,0
14757395258967641292,0,0,0,0,0,0,0,0
14757395258967641292,0,0,0,0,0,0,0,0
14757395258967641292,-1,-5,-5,-3,-1,0,2,1
14757395258967641292,0,0,0,0,0,0,0,0
14757395258967641292,-3,-6,-5,4,1,-4,-3,-1
14757395258967641292,0,0,0,0,0,0,0,0
14757395258967641292,0,0,0,0,0,0,0,0
14757395258967641292,0,3,2,1,0,-4,-6,-3
14757395258967641292,-2,1,5,-1,0,3,-1,1
14757395258967641292,0,0,0,0,0,0,0,0
14757395258967641292,-3,-1,-6,0,1,0,-1,0
14757395258967641292,4,3,-6,-4,-2,0,0,-2
14757395258967641292,0,0,0,0,0,0,0,0
14757395258967641292,0,0,0,0,0,0,0,0
14757395258967641292,-3,0,1,1,1,-1,-2,-4
14757395258967641292,0,0,0,0,0,0,0,0
14757395258967641292,2,0,-6,-4,-5,1,-1,-2
14757395258967641292,0,0,0,0,0,0,0,0
14757395258967641292,0,0,0,0,0,0,0,0
14757395258967641292,4,-6,-28,-7,1,0,-3,-1
14757395258967641292,0,0,0,0,0,0,0,0
14757395258967641292,0,0,0,0,0,0,0,0
14757395258967641292,0,-3,0,-2,-1,2,1,-2
14757395258967641292,-2,-1,9,1,1,1,2,-1
14757395258967641292,0,0,0,0,0,0,0,0
14757395258967641292,0,0,0,0,0,0,0,0
14757395258967641292,-1,1,2,4,1,0,2,2
14757395258967641292,0,0,0,0,0,0,0,0
14757395258967641292,4,1,-2,1,-1,-1,0,-1
14757395258967641292,0,0,0,0,0,0,0,0
14757395258967641292,0,0,0,0,0,0,0,0
14757395258967641292,-6,-5,-12,-1,0,-1,-2,-3
14757395258967641292,0,0,0,0,0,0,0,0
14757395258967641292,0,-3,-7,-4,-1,-2,-2,-3
14757395258967641292,0,0,0,0,0,0,0,0
14757395258967641292,-1,5,9,1,-1,-4,2,1
14757395258967641292,0,0,0,0,0,0,0,0
14757395258967641292,0,0,0,0,0,0,0,0
14757395258967641292,1,10,4,-1,1,-3,0,-1
14757395258967641292,1,0,6,-1,-1,-1,-2,-1
14757395258967641292,0,0,0,0,0,0,0,0
14757395258967641292,0,0,0,0,0,0,0,0
14757395258967641292,0,0,0,0,0,0,0,0
14757395258967641292,-2,11,17,-2,0,-1,-3,0
14757395258967641292,-3,6,10,-2,-1,-3,-3,1
14757395258967641292,1,-7,-14,-4,0,1,-2,-3
14757395258967641292,0,0,0,0,0,0,0,0
14757395258967641292,-2,-3,-3,0,1,-3,-1,-1
14757395258967641292,0,0,0,0,0,0,0,0
14757395258967641292,0,0,0,0,0,0,0,0
14757395258967641292,-1,-1,-8,2,-1,-1,-4,1
14757395258967641292,-3,-3,-7,-1,-1,-1,0,-3
14757395258967641292,0,0,0,0,0,0,0,0
14757395258967641292,0,0,0,0,0,0,0,0
14757395258967641292,0,0,0,0,0,0,0,0
14757395258967641292,0,-4,-9,-2,-3,-4,-2,-3
14757395258967641292,0,0,0,0,0,0,0,0
14757395258967641292,-4,-13,6,3,-3,-3,0,0
14757395258967641292,0,0,0,0,0,0,0,0
14757395258967641292,-1,-3,1,-2,-1,-2,-2,-2
14757395258967641292,0,0,0,0,0,0,0,0
14757395258967641292,0,0,0,0,0,0,0,0
14757395258967641292,0,-5,7,-1,1,-2,-1,-1
14757395258967641292,-1,3,10,3,-1,3,0,1
14757395258967641292,0,0,0,0,0,0,0,0
14757395258967641292,0,0,0,0,0,0,0,0
14757395258967641292,0,0,0,0,0,0,0,0
14757395258967641292,-1,2,1,-1,-2,0,1,-2
14757395258967641292,0,0,0,0,0,0,0,0
14757395258967641292,-5,1,-6,-1,-3,-3,-1,0
14757395258967641292,0,0,0,0,0,0,0,0
14757395258967641292,0,-10,-44,-10,-3,1,1,1
14757395258967641292,0,0,0,0,0,0,0,0
14757395258967641292,0,0,0,0,0,0,0,0
14757395258967641292,-3,-8,2,-1,1,-4,-1,-2
14757395258967641292,0,0,0,0,0,0,0,0
14757395258967641292,1,8,7,0,-1,-2,0,0
14757395258967641292,0,0,0,0,0,0,0,0
14757395258967641292,0,0,0,0,0,0,0,0
14757395258967641292,-3,-4,12,5,0,1,-1,0
14757395258967641292,0,0,0,0,0,0,0,0
14757395258967641292,0,0,0,0,0,0,0,0
14757395258967641292,1,4,-16,-3,1,1,-1,-3
14757395258967641292,0,4,20,-7,0,2,-1,0
14757395258967641292,0,0,0,0,0,0,0,0
14757395258967641292,0,0,0,0,0,0,0,0
14757395258967641292,1,9,9,0,-2,-2,-1,-1
14757395258967641292,0,0,0,0,0,0,0,0
14757395258967641292,0,-8,-17,-2,-2,-7,-3,0
14757395258967641292,0,0,0,0,0,0,0,0
14757395258967641292,0,0,0,0,0,0,0,0
14757395258967641292,-3,3,-20,-4,-1,-1,-1,-1
14757395258967641292,0,3,10,3,-1,2,-4,-1
14757395258967641292,0,0,0,0,0,0,0,0
14757395258967641292,-1,0,3,0,-1,1,1,-1
14757395258967641292,3,-3,3,-1,3,0,-3,-1
14757395258967641292,0,0,0,0,0,0,0,0
14757395258967641292,0,0,0,0,0,0,0,0
14757395258967641292,-1,1,10,-1,-1,2,0,1
14757395258967641292,0,0,0,0,0,0,0,0
14757395258967641292,-1,-10,-15,-1,-3,-1,0,-1
14757395258967641292,0,0,0,0,0,0,0,0
14757395258967641292,0,0,0,0,0,0,0,0
14757395258967641292,0,-9,1,-1,0,-1,-1,-1
14757395258967641292,-4,4,6,1,0,-1,0,-2
14757395258967641292,0,0,0,0,0,0,0,0
14757395258967641292,0,0,0,0,0,0,0,0
14757395258967641292,3,-3,0,-3,1,0,-2,1
14757395258967641292,-2,-2,3,4,-1,0,1,-1
14757395258967641292,0,0,0,0,0,0,0,0
14757395258967641292,0,1,5,2,2,-5,-3,0
14757395258967641292,0,0,0,0,0,0,0,0
14757395258967641292,-1,-1,-4,-3,1,-1,-1,2
14757395258967641292,0,0,0,0,0,0,0,0
14757395258967641292,0,0,0,0,0,0,0,0
14757395258967641292,-1,2,2,1,-4,1,-3,0
14757395258967641292,-1,0,9,5,3,-1,0,-2
14757395258967641292,0,0,0,0,0,0,0,0
14757395258967641292,-1,-6,-32,1,-5,2,3,-3
14757395258967641292,2,3,5,-3,-4,2,1,0
14757395258967641292,0,0,0,0,0,0,0,0
14757395258967641292,0,0,0,0,0,0,0,0
14757395258967641292,-1,4,24,6,1,-1,0,0
14757395258967641292,0,0,0,0,0,0,0,0
14757395258967641292,2,0,6,5,-1,-3,-3,-2
14757395258967641292,0,0,0,0,0,0,0,0
14757395258967641292,0,0,0,0,0,0,0,0
14757395258967641292,1,-2,8,-3,-2,-4,0,2
14757395258967641292,-4,-24,-7,-7,-7,-4,-3,-2
14757395258967641292,0,0,0,0,0,0,0,0
14757395258967641292,0,0,0,0,0,0,0,0
14757395258967641292,0,2,-6,-3,-5,-2,2,-1
14757395258967641292,-5,5,15,3,1,2,0,-1
14757395258967641292,0,0,0,0,0,0,0,0
14757395258967641292,-3,-8,-7,-3,-3,-3,-1,-3
14757395258967641292,0,0,0,0,0,0,0,0
14757395258967641292,0,1,0,-6,-2,-2,0,-3
14757395258967641292,0,0,0,0,0,0,0,0
14757395258967641292,0,0,0,0,0,0,0,0
14757395258967641292,-1,0,-24,-1,3,0,0,1
14757395258967641292,-3,7,-15,1,3,1,1,1
14757395258967641292,0,0,0,0,0,0,0,0
14757395258967641292,0,0,0,0,0,0,0,0
14757395258967641292,-1,-8,14,-1,1,5,-1,3
14757395258967641292,-3,0,13,5,0,4,3,0
14757395258967641292,0,0,0,0,0,0,0,0
14757395258967641292,8,-5,3,-10,0,58,0,13
14757395258967641292,-5,0,-5,-2,1,-14,-4,4
14757395258967641292,0,0,0,0,0,0,0,0
14757395258967641292,0,0,0,0,0,0,0,0
14757395258967641292,0,0,0,0,0,0,0,0
14757395258967641292,-4,9,-10,-6,-3,-20,-3,10
14757395258967641292,3,11,27,6,5,1,-1,1
14757395258967641292,0,0,0,0,0,0,0,0
14757395258967641292,0,0,0,0,0,0,0,0
14757395258967641292,0,-6,0,0,0,97,-2,0
14757395258967641292,0,5,15,1,1,18,3,1
14757395258967641292,0,0,0,0,0,0,0,0
14757395258967641292,7,-20,40,-11,-7,-19,5,2
14757395258967641292,0,0,0,0,0,0,0,0
14757395258967641292,-1,49,-9,0,-3,-69,1,1
14757395258967641292,0,0,0,0,0,0,0,0
14757395258967641292,0,0,0,0,0,0,0,0
14757395258967641292,-9,60,10,12,3,-54,-3,-4
14757395258967641292,9,60,-31,-9,-1,0,-1,4
14757395258967641292,0,0,0,0,0,0,0,0
14757395258967641292,0,0,0,0,0,0,0,0
14757395258967641292,-21,-98,-58,4,-4,-68,-9,-14
14757395258967641292,-15,-76,-26,1,-3,44,-4,-12
14757395258967641292,0,0,0,0,0,0,0,0
14757395258967641292,-10,-93,6,-2,3,-7,-3,-40
14757395258967641292,0,0,0,0,0,0,0,0
14757395258967641292,2,84,-13,-6,-3,-2,-5,-6
14757395258967641292,0,0,0,0,0,0,0,0
14757395258967641292,0,0,0,0,0,0,0,0
14757395258967641292,14,37,17,2,6,39,4,-3
14757395258967641292,10,-97,17,1,6,0,0,5
14757395258967641292,0,0,0,0,0,0,0,0
14757395258967641292,0,0,0,0,0,0,0,0
14757395258967641292,4,-33,23,0,2,-9,1,-2
14757395258967641292,-2,-15,6,-3,-2,-4,9,0
14757395258967641292,0,0,0,0,0,0,0,0
14757395258967641292,-12,33,-18,-3,-7,-10,-1,1
14757395258967641292,0,0,0,0,0,0,0,0
14757395258967641292,9,3,-5,-1,0,18,-10,0
14757395258967641292,0,0,0,0,0,0,0,0
14757395258967641292,0,0,0,0,0,0,0,0
14757395258967641292,-1,10,8,4,-1,-13,0,-16
14757395258967641292,2,-19,-13,-3,-1,-4,-1,-1
14757395258967641292,0,0,0,0,0,0,0,0
14757395258967641292,0,0,0,0,0,0,0,0
14757395258967641292,0,31,2,-3,2,-6,0,6
14757395258967641292,-4,-12,-6,-3,0,-9,-2,-3
14757395258967641292,0,0,0,0,0,0,0,0
14757395258967641292,8,22,-5,-3,0,6,-6,-17
14757395258967641292,0,0,0,0,0,0,0,0
14757395258967641292,-3,-12,8,0,-5,-1,-2,-8
14757395258967641292,0,0,0,0,0,0,0,0
14757395258967641292,0,0,0,0,0,0,0,0
14757395258967641292,-1,4,-3,0,0,-4,-2,4
14757395258967641292,2,4,9,4,-1,2,0,-4
14757395258967641292,0,0,0,0,0,0,0,0
14757395258967641292,0,0,0,0,0,0,0,0
14757395258967641292,1,11,-7,-1,-1,-6,2,9
14757395258967641292,-1,-13,-2,0,-1,0,-1,8
14757395258967641292,0,0,0,0,0,0,0,0
14757395258967641292,-1,3,3,3,-1,-5,3,15
14757395258967641292,0,0,0,0,0,0,0,0
14757395258967641292,-2,12,-8,-2,-1,-6,-1,-2
14757395258967641292,0,0,0,0,0,0,0,0
14757395258967641292,0,0,0,0,0,0,0,0
14757395258967641292,-7,6,2,0,-2,-6,-2,-31
14757395258967641292,-3,2,1,2,2,-3,3,-6
14757395258967641292,0,0,0,0,0,0,0,0
14757395258967641292,0,0,0,0,0,0,0,0
14757395258967641292,4,-18,2,3,3,3,-1,17
14757395258967641292,-7,-6,11,2,-5,-4,-3,23
14757395258967641292,0,0,0,0,0,0,0,0
14757395258967641292,-2,26,-7,-6,-4,-4,0,9
14757395258967641292,0,0,0,0,0,0,0,0
14757395258967641292,-7,-12,2,-3,0,2,-2,-39
14757395258967641292,0,0,0,0,0,0,0,0
14757395258967641292,0,0,0,0,0,0,0,0
14757395258967641292,0,2,12,-3,-5,-6,-2,-13
14757395258967641292,0,5,-7,-3,0,-2,-3,4
14757395258967641292,0,0,0,0,0,0,0,0
14757395258967641292,0,0,0,0,0,0,0,0
14757395258967641292,3,-5,-3,2,1,0,-2,6
14757395258967641292,-1,8,-2,-2,-4,1,-2,-3
14757395258967641292,0,0,0,0,0,0,0,0
14757395258967641292,2,-10,0,-2,1,3,2,4
14757395258967641292,0,0,0,0,0,0,0,0
14757395258967641292,1,1,5,-4,-2,-5,-3,-4
14757395258967641292,0,0,0,0,0,0,0,0
14757395258967641292,0,0,0,0,0,0,0,0
14757395258967641292,-3,0,-3,-1,-4,1,0,-2
14757395258967641292,-6,5,1,-1,-2,-4,1,13
14757395258967641292,0,0,0,0,0,0,0,0
14757395258967641292,0,0,0,0,0,0,0,0
14757395258967641292,2,5,-5,-2,-1,0,0,8
14757395258967641292,1,-3,-3,0,0,-2,-2,-1
14757395258967641292,0,0,0,0,0,0,0,0
14757395258967641292,-3,2,-2,-4,-3,2,-6,0
14757395258967641292,0,0,0,0,0,0,0,0
14757395258967641292,2,0,-5,-5,-1,-1,3,-8
14757395258967641292,0,0,0,0,0,0,0,0
14757395258967641292,0,0,0,0,0,0,0,0
14757395258967641292,0,0,0,0,0,0,0,0
14757395258967641292,-1,1,6,1,-2,2,9,1
14757395258967641292,-1,3,-3,-1,-4,-4,0,2
14757395258967641292,0,0,0,0,0,0,0,0
14757395258967641292,-4,-4,-5,-2,-2,-3,0,4
14757395258967641292,-1,-7,-3,-3,2,1,-2,-3
14757395258967641292,0,0,0,0,0,0,0,0
14757395258967641292,0,-5,0,0,0,-5,-3,-4
14757395258967641292,0,0,0,0,0,0,0,0
14757395258967641292,0,-5,-6,-5,-1,1,0,-7
14757395258967641292,0,0,0,0,0,0,0,0
14757395258967641292,0,0,0,0,0,0,0,0
14757395258967641292,1,8,12,3,0,-3,-1,5
14757395258967641292,0,1,4,2,-2,0,-1,14
14757395258967641292,0,0,0,0,0,0,0,0
14757395258967641292,0,0,0,0,0,0,0,0
14757395258967641292,-2,2,-1,5,4,-9,-2,-5
14757395258967641292,-4,-4,-4,-2,0,6,-1,-6
14757395258967641292,0,0,0,0,0,0,0,0
14757395258967641292,-2,-5,-5,-4,0,4,-3,1
14757395258967641292,0,0,0,0,0,0,0,0
14757395258967641292,1,0,-12,0,1,-3,-3,3
14757395258967641292,0,0,0,0,0,0,0,0
14757395258967641292,0,0,0,0,0,0,0,0
14757395258967641292,1,0,0,1,0,5,3,5
14757395258967641292,0,-1,3,0,1,-2,3,-3
14757395258967641292,0,0,0,0,0,0,0,0
14757395258967641292,0,0,0,0,0,0,0,0
14757395258967641292,2,3,6,-3,-2,7,0,-7
14757395258967641292,-1,0,13,3,-2,-10,-3,-4
14757395258967641292,0,0,0,0,0,0,0,0
14757395258967641292,0,-7,1,-3,-4,1,-2,2
14757395258967641292,0,0,0,0,0,0,0,0
14757395258967641292,0,1,1,1,0,-5,1,-5
14757395258967641292,0,0,0,0,0,0,0,0
14757395258967641292,0,0,0,0,0,0,0,0
14757395258967641292,-3,1,-7,-3,-4,4,-2,0
14757395258967641292,0,-4,1,5,-1,-6,0,3
14757395258967641292,0,0,0,0,0,0,0,0
14757395258967641292,0,0,0,0,0,0,0,0
14757395258967641292,0,0,0,0,0,0,0,0
14757395258967641292,0,0,0,0,0,0,0,0
14757395258967641292,-2,0,-7,-4,-4,62,0,-3
14757395258967641292,-1,-3,-30,-6,-4,-21,-1,1
14757395258967641292,0,0,0,0,0,0,0,0
14757395258967641292,-7,-3,0,-1,-1,15,-5,-6
14757395258967641292,0,0,0,0,0,0,0,0
14757395258967641292,0,0,0,0,0,0,0,0
14757395258967641292,3,-2,6,2,1,-11,0,-5
14757395258967641292,-2,1,-1,-4,1,-20,2,-3
14757395258967641292,0,0,0,0,0,0,0,0
14757395258967641292,0,0,0,0,0,0,0,0
14757395258967641292,1,-4,-6,-4,-1,5,1,-3
14757395258967641292,0,0,0,0,0,0,0,0
14757395258967641292,-2,0,16,0,-4,-32,-2,1
14757395258967641292,-3,0,15,2,1,-23,-4,2
14757395258967641292,0,0,0,0,0,0,0,0
14757395258967641292,6,-5,-20,-7,0,86,-2,0
14757395258967641292,0,0,0,0,0,0,0,0
14757395258967641292,0,0,0,0,0,0,0,0
14757395258967641292,-6,2,3,-1,-3,-11,-2,-2
14757395258967641292,3,-1,7,7,4,39,-2,-2
14757395258967641292,0,0,0,0,0,0,0,0
14757395258967641292,0,0,0,0,0,0,0,0
14757395258967641292,-1,-3,7,-1,-2,-7,-2,2
14757395258967641292,0,0,0,0,0,0,0,0
14757395258967641292,-4,-4,10,-5,-2,-23,-1,2
14757395258967641292,0,0,0,0,0,0,0,0
14757395258967641292,0,0,0,0,0,0,0,0
14757395258967641292,-2,-12,-6,-1,-2,-32,-3,0
14757395258967641292,0,0,0,0,0,0,0,0
14757395258967641292,0,0,0,0,0,0,0,0
14757395258967641292,-4,-2,4,1,0,127,0,-3
14757395258967641292,-7,-16,-4,1,-3,-73,-2,-6
14757395258967641292,0,0,0,0,0,0,0,0
14757395258967641292,0,0,0,0,0,0,0,0
14757395258967641292,9,15,-10,-2,-1,100,0,2
14757395258967641292,0,0,0,0,0,0,0,0
14757395258967641292,-1,38,-5,-4,-3,-21,-2,-2
14757395258967641292,0,0,0,0,0,0,0,0
14757395258967641292,0,0,0,0,0,0,0,0
14757395258967641292,0,14,3,-1,-1,-27,-1,-7
14757395258967641292,0,0,0,0,0,0,0,0
14757395258967641292,0,0,0,0,0,0,0,0
14757395258967641292,5,-11,7,5,1,-10,-1,2
14757395258967641292,1,-12,-2,-4,1,-105,0,-19
14757395258967641292,0,0,0,0,0,0,0,0
14757395258967641292,0,0,0,0,0,0,0,0
14757395258967641292,-20,-18,5,1,-2,-46,-2,0
14757395258967641292,0,0,0,0,0,0,0,0
14757395258967641292,-13,-26,-2,1,-2,-54,0,6
14757395258967641292,0,0,0,0,0,0,0,0
14757395258967641292,0,0,0,0,0,0,0,0
14757395258967641292,15,-5,13,3,5,27,2,9
14757395258967641292,0,0,0,0,0,0,0,0
14757395258967641292,0,0,0,0,0,0,0,0
14757395258967641292,2,-15,-10,-3,-2,-46,-3,-2
14757395258967641292,4,-25,-9,-7,0,98,1,1
14757395258967641292,0,0,0,0,0,0,0,0
14757395258967641292,0,0,0,0,0,0,0,0
14757395258967641292,-10,120,5,3,-1,-96,0,1
14757395258967641292,0,0,0,0,0,0,0,0
14757395258967641292,-13,-73,-7,0,-6,-27,0,2
14757395258967641292,0,0,0,0,0,0,0,0
14757395258967641292,0,0,0,0,0,0,0,0
14757395258967641292,-12,30,9,-3,-3,15,-5,4
14757395258967641292,0,0,0,0,0,0,0,0
14757395258967641292,0,0,0,0,0,0,0,0
14757395258967641292,2,-34,0,-5,-1,9,-1,-2
14757395258967641292,1,7,-2,-1,-2,12,-3,4
14757395258967641292,0,0,0,0,0,0,0,0
14757395258967641292,0,0,0,0,0,0,0,0
14757395258967641292,-1,-64,16,5,0,-16,-4,-3
14757395258967641292,0,0,0,0,0,0,0,0
14757395258967641292,-2,4,-1,1,-1,0,-1,-2
14757395258967641292,0,0,0,0,0,0,0,0
14757395258967641292,0,0,0,0,0,0,0,0
14757395258967641292,1,12,-2,1,-1,-4,-2,-1
14757395258967641292,0,0,0,0,0,0,0,0
14757395258967641292,2,-6,5,8,1,13,0,3
14757395258967641292,0,0,0,0,0,0,0,0
14757395258967641292,-5,-4,-26,-6,-4,-11,0,-2
14757395258967641292,0,0,0,0,0,0,0,0
14757395258967641292,0,0,0,0,0,0,0,0
14757395258967641292,-1,-4,-9,-4,0,2,-1,0
14757395258967641292,0,0,0,0,0,0,0,0
14757395258967641292,0,0,0,0,0,0,0,0
14757395258967641292,-1,-3,-21,-3,0,1,1,2
14757395258967641292,0,0,0,0,0,0,0,0
14757395258967641292,3,10,18,2,2,1,1,-3
14757395258967641292,0,0,0,0,0,0,0,0
14757395258967641292,0,-22,-4,-3,-2,-3,-3,-1
14757395258967641292,0,0,0,0,0,0,0,0
14757395258967641292,1,17,0,-4,2,2,-1,3
14757395258967641292,0,0,0,0,0,0,0,0
14757395258967641292,0,0,0,0,0,0,0,0
14757395258967641292,-1,4,-8,0,-1,4,3,0
14757395258967641292,0,0,0,0,0,0,0,0
14757395258967641292,0,4,3,3,-3,-2,1,-1
14757395258967641292,0,0,0,0,0,0,0,0
14757395258967641292,0,0,0,0,0,0,0,0
14757395258967641292,2,5,-4,4,1,-2,-1,0
14757395258967641292,0,0,0,0,0,0,0,0
14757395258967641292,0,0,0,0,0,0,0,0
14757395258967641292,-9,-26,-8,-4,-5,-1,-2,-10
14757395258967641292,3,-1,3,0,-3,1,-3,-2
14757395258967641292,0,0,0,0,0,0,0,0
14757395258967641292,0,0,0,0,0,0,0,0
14757395258967641292,0,-1,0,0,0,-2,1,1
14757395258967641292,0,0,0,0,0,0,0,0
14757395258967641292,2,7,-4,1,1,2,2,-4
14757395258967641292,0,0,0,0,0,0,0,0
14757395258967641292,0,0,0,0,0,0,0,0
14757395258967641292,-6,-6,-4,-1,-2,-1,-1,-1
14757395258967641292,0,0,0,0,0,0,0,0
14757395258967641292,0,0,0,0,0,0,0,0
14757395258967641292,0,0,0,0,0,0,0,0
14757395258967641292,-1,-4,5,2,-1,1,-3,-1
14757395258967641292,-1,1,8,-1,-1,-3,1,1
14757395258967641292,0,0,0,0,0,0,0,0
14757395258967641292,0,0,0,0,0,0,0,0
14757395258967641292,0,0,0,0,0,0,0,0
14757395258967641292,0,4,-11,-3,-2,-4,-1,3
14757395258967641292,0,0,0,0,0,0,0,0
14757395258967641292,0,0,0,0,0,0,0,0
14757395258967641292,-3,-9,7,2,-2,-2,-3,-10
14757395258967641292,0,0,0,0,0,0,0,0
14757395258967641292,0,0,0,0,0,0,0,0
14757395258967641292,3,5,-7,-3,1,-1,0,-2
14757395258967641292,-3,-1,-8,-13,-2,1,-3,1
14757395258967641292,0,0,0,0,0,0,0,0
14757395258967641292,0,0,0,0,0,0,0,0
14757395258967641292,6,-31,-8,4,3,1,-5,-2
14757395258967641292,0,0,0,0,0,0,0,0
14757395258967641292,0,0,0,0,0,0,0,0
14757395258967641292,-3,-4,-4,2,-2,0,-2,-2
14757395258967641292,0,0,0,0,0,0,0,0
14757395258967641292,-2,-2,18,3,2,-2,0,0
14757395258967641292,0,0,0,0,0,0,0,0
14757395258967641292,0,0,0,0,0,0,0,0
14757395258967641292,-3,3,-9,0,-1,-2,1,1
14757395258967641292,-1,6,-6,1,-3,-2,0,-1
14757395258967641292,0,0,0,0,0,0,0,0
14757395258967641292,0,0,0,0,0,0,0,0
14757395258967641292,-7,3,0,-10,-1,-4,0,2
14757395258967641292,0,0,0,0,0,0,0,0
14757395258967641292,-5,-12,-10,-2,-1,-2,-2,2
14757395258967641292,0,0,0,0,0,0,0,0
14757395258967641292,0,0,0,0,0,0,0,0
14757395258967641292,4,1,-23,-6,-2,-4,0,0
14757395258967641292,0,0,0,0,0,0,0,0
14757395258967641292,0,0,0,0,0,0,0,0
14757395258967641292,-7,-2,-2,3,-1,-1,-1,2
14757395258967641292,0,0,0,0,0,0,0,0
14757395258967641292,0,0,0,0,0,0,0,0
14757395258967641292,0,0,0,0,0,0,0,0
14757395258967641292,0,8,7,1,0,-2,-3,1
14757395258967641292,0,0,0,0,0,0,0,0
14757395258967641292,-3,-4,-7,0,-1,0,0,2
14757395258967641292,0,0,0,0,0,0,0,0
14757395258967641292,0,0,0,0,0,0,0,0
14757395258967641292,1,3,9,7,0,-1,-1,-1
14757395258967641292,0,0,0,0,0,0,0,0
14757395258967641292,0,0,0,0,0,0,0,0
14757395258967641292,0,-2,-9,-5,-3,-2,-3,1
14757395258967641292,-2,-4,-30,-4,1,-1,0,-3
14757395258967641292,0,0,0,0,0,0,0,0
14757395258967641292,0,0,0,0,0,0,0,0
14757395258967641292,2,-11,4,2,0,-1,2,-2
14757395258967641292,3,2,22,1,-1,1,0,-2
14757395258967641292,0,0,0,0,0,0,0,0
14757395258967641292,0,0,0,0,0,0,0,0
14757395258967641292,0,0,0,0,0,0,0,0
14757395258967641292,1,1,7,0,0,1,0,-4
14757395258967641292,-3,-9,0,0,-1,-2,2,0
14757395258967641292,2,4,8,-1,1,1,-3,-7
14757395258967641292,0,0,0,0,0,0,0,0
14757395258967641292,-4,5,11,0,-2,0,-3,-1
14757395258967641292,0,0,0,0,0,0,0,0
14757395258967641292,0,0,0,0,0,0,0,0
14757395258967641292,2,2,-5,-1,-2,3,1,2
14757395258967641292,0,0,0,0,0,0,0,0
14757395258967641292,-2,-4,8,-1,0,-2,-3,-3
14757395258967641292,0,0,0,0,0,0,0,0
14757395258967641292,0,0,0,0,0,0,0,0
14757395258967641292,0,0,0,0,0,0,0,0
14757395258967641292,1,4,-13,2,-2,-4,-4,-4
14757395258967641292,-1,0,6,0,-1,-1,-2,2
14757395258967641292,-2,-4,4,-3,-1,4,-2,-1
14757395258967641292,-3,4,-2,1,0,0,0,0
14757395258967641292,0,0,0,0,0,0,0,0
14757395258967641292,0,0,0,0,0,0,0,0
14757395258967641292,0,1,-7,1,1,0,-2,3
14757395258967641292,0,0,0,0,0,0,0,0
14757395258967641292,0,3,14,-1,-3,2,0,-1
14757395258967641292,0,0,0,0,0,0,0,0
14757395258967641292,0,0,0,0,0,0,0,0
14757395258967641292,-1,-6,-2,0,-2,-2,-1,1
14757395258967641292,0,-3,1,-2,1,-3,-4,-3
14757395258967641292,0,0,0,0,0,0,0,0
14757395258967641292,3,-1,-12,-1,0,0,1,0
14757395258967641292,1,-10,-38,-9,-1,-2,-2,-8
14757395258967641292,0,0,0,0,0,0,0,0
14757395258967641292,0,0,0,0,0,0,0,0
14757395258967641292,-4,1,3,2,-2,-3,0,3
14757395258967641292,-2,-2,-23,-6,-1,-1,1,3
14757395258967641292,0,0,0,0,0,0,0,0
14757395258967641292,0,0,0,0,0,0,0,0
14757395258967641292,0,0,0,0,0,0,0,0
14757395258967641292,1,-2,16,3,0,-1,-3,-4
14757395258967641292,0,0,0,0,0,0,0,0
14757395258967641292,0,0,0,0,0,0,0,0
14757395258967641292,1,6,3,2,0,-3,0,2
14757395258967641292,0,1,-3,-3,-3,-3,2,-2
14757395258967641292,0,0,0,0,0,0,0,0
14757395258967641292,0,0,0,0,0,0,0,0
14757395258967641292,-3,2,11,-1,1,-4,-1,-4
14757395258967641292,0,-1,5,-4,-4,-1,-1,-1
14757395258967641292,0,0,0,0,0,0,0,0
14757395258967641292,0,0,0,0,0,0,0,0
14757395258967641292,0,0,0,0,0,0,0,0
14757395258967641292,-4,1,3,-2,-1,-1,1,-1
14757395258967641292,0,0,0,0,0,0,0,0
14757395258967641292,0,0,0,0,0,0,0,0
14757395258967641292,0,0,0,0,0,0,0,0
14757395258967641292,-4,3,-10,2,-1,0,-2,1
14757395258967641292,-1,4,8,1,2,-3,-1,-1
14757395258967641292,0,0,0,0,0,0,0,0
14757395258967641292,-4,-2,-8,1,0,-2,-2,2
14757395258967641292,-6,-6,5,0,1,-6,-3,-1
14757395258967641292,0,0,0,0,0,0,0,0
14757395258967641292,0,0,0,0,0,0,0,0
14757395258967641292,0,0,0,0,0,0,0,0
14757395258967641292,-2,-4,10,-1,-3,-3,-1,-2
14757395258967641292,2,-8,-27,-6,-3,0,-1,-1
14757395258967641292,0,0,0,0,0,0,0,0
14757395258967641292,0,0,0,0,0,0,0,0
14757395258967641292,-2,-17,-5,0,-3,0,1,-4
14757395258967641292,0,3,18,1,-2,-2,-1,-1
14757395258967641292,0,0,0,0,0,0,0,0
14757395258967641292,-1,-3,-7,-5,-1,-1,-4,-2
14757395258967641292,0,1,16,-3,0,-1,1,1
14757395258967641292,0,0,0,0,0,0,0,0
14757395258967641292,0,0,0,0,0,0,0,0
14757395258967641292,0,0,0,0,0,0,0,0
14757395258967641292,-1,-6,12,2,0,2,3,-1
14757395258967641292,0,-3,-7,3,0,2,0,1
14757395258967641292,0,0,0,0,0,0,0,0
14757395258967641292,0,0,0,0,0,0,0,0
14757395258967641292,2,0,-12,-3,-3,-2,-1,1
14757395258967641292,-1,1,4,1,-1,1,1,-2
14757395258967641292,0,0,0,0,0,0,0,0
14757395258967641292,-1,12,-6,-2,-1,-1,-3,0
14757395258967641292,0,0,0,0,0,0,0,0
14757395258967641292,-2,-3,0,-3,-4,-3,0,-2
14757395258967641292,0,0,0,0,0,0,0,0
14757395258967641292,0,0,0,0,0,0,0,0
14757395258967641292,0,-1,3,1,1,0,-1,-3
14757395258967641292,1,4,18,6,-1,-1,-3,2
14757395258967641292,0,0,0,0,0,0,0,0
14757395258967641292,0,0,0,0,0,0,0,0
14757395258967641292,-2,-2,0,0,-1,2,1,-1
14757395258967641292,0,0,-6,2,0,0,-1,0
14757395258967641292,0,0,0,0,0,0,0,0
14757395258967641292,3,0,-15,-5,1,-1,0,-1
14757395258967641292,0,0,0,0,0,0,0,0
14757395258967641292,-1,5,16,7,-1,-2,-1,-1
14757395258967641292,0,0,0,0,0,0,0,0
14757395258967641292,0,0,0,0,0,0,0,0
14757395258967641292,0,4,7,-2,0,-1,-1,1
14757395258967641292,-2,0,1,-4,0,-2,-3,-1
14757395258967641292,0,0,0,0,0,0,0,0
14757395258967641292,0,0,0,0,0,0,0,0
14757395258967641292,-1,-10,10,-5,1,0,0,0
14757395258967641292,3,1,15,-2,0,-1,-3,-1
14757395258967641292,0,0,0,0,0,0,0,0
14757395258967641292,0,-2,0,3,0,-3,0,1
14757395258967641292,0,0,0,0,0,0,0,0
14757395258967641292,2,-6,-14,-6,-3,-1,0,-2
14757395258967641292,0,0,0,0,0,0,0,0
14757395258967641292,0,0,0,0,0,0,0,0
14757395258967641292,0,10,9,1,0,0,-2,-3
14757395258967641292,0,-2,-22,-2,-2,-3,-1,-3
14757395258967641292,0,0,0,0,0,0,0,0
14757395258967641292,0,0,0,0,0,0,0,0
14757395258967641292,0,0,1,3,0,-4,-2,-1
14757395258967641292,-1,-1,6,-3,-1,-2,2,0
14757395258967641292,0,0,0,0,0,0,0,0
14757395258967641292,-2,4,-17,-1,-1,-1,2,-2
14757395258967641292,0,0,0,0,0,0,0,0
14757395258967641292,-4,-2,-5,-1,-1,-4,-2,-2
14757395258967641292,0,0,0,0,0,0,0,0
14757395258967641292,0,0,0,0,0,0,0,0
14757395258967641292,-2,2,-3,6,-2,-1,0,0
14757395258967641292,-1,-5,-19,-8,-2,1,4,1
14757395258967641292,0,0,0,0,0,0,0,0
14757395258967641292,0,0,0,0,0,0,0,0
14757395258967641292,-3,6,5,2,-2,-2,-4,0
14757395258967641292,-2,-1,-10,2,3,0,-2,-3
14757395258967641292,0,0,0,0,0,0,0,0
14757395258967641292,-4,-6,2,5,-2,-2,2,1
14757395258967641292,0,0,0,0,0,0,0,0
14757395258967641292,-2,2,6,-1,-1,-1,0,-1
14757395258967641292,0,0,0,0,0,0,0,0
14757395258967641292,0,0,0,0,0,0,0,0
14757395258967641292,-1,0,12,-5,-2,-2,-5,-3
14757395258967641292,0,0,0,0,0,0,0,0
14757395258967641292,0,0,0,0,0,0,0,0
14757395258967641292,0,0,0,0,0,0,0,0
14757395258967641292,-4,1,9,3,2,-1,1,0
14757395258967641292,0,-2,14,4,-2,1,0,-1
14757395258967641292,0,0,0,0,0,0,0,0
14757395258967641292,4,-4,13,-8,-3,2,0,0
14757395258967641292,0,0,0,0,0,0,0,0
14757395258967641292,1,-1,0,1,3,1,0,-3
14757395258967641292,0,0,0,0,0,0,0,0
14757395258967641292,0,0,0,0,0,0,0,0
14757395258967641292,0,-4,-20,-6,-2,-3,0,-1
14757395258967641292,0,0,0,0,0,0,0,0
14757395258967641292,0,0,0,0,0,0,0,0
14757395258967641292,-1,-1,11,3,-2,-2,-3,0
14757395258967641292,-3,4,-8,3,3,2,-4,1
14757395258967641292,0,-16,-22,-4,-1,-1,2,-1
14757395258967641292,0,0,0,0,0,0,0,0
14757395258967641292,0,-2,2,-2,-2,-2,-3,-1
14757395258967641292,0,0,0,0,0,0,0,0
14757395258967641292,0,3,11,0,-1,-1,0,1
14757395258967641292,0,0,0,0,0,0,0,0
14757395258967641292,0,0,0,0,0,0,0,0
14757395258967641292,-1,-2,-11,-1,-2,-2,-1,-2
14757395258967641292,-2,5,10,4,-2,-1,-2,0
14757395258967641292,0,0,0,0,0,0,0,0
14757395258967641292,0,0,0,0,0,0,0,0
14757395258967641292,-1,2,0,-1,-1,0,-1,-4
14757395258967641292,-2,3,-7,-1,-2,-3,-3,-2
14757395258967641292,0,0,0,0,0,0,0,0
14757395258967641292,-3,-3,-1,3,2,-3,0,-3
14757395258967641292,0,0,0,0,0,0,0,0
14757395258967641292,0,0,0,0,0,0,0,0
14757395258967641292,1,0,2,-2,-1,-2,-1,-2
14757395258967641292,0,0,0,0,0,0,0,0
14757395258967641292,1,-2,4,-3,-2,1,1,0
14757395258967641292,0,0,0,0,0,0,0,0
14757395258967641292,0,0,0,0,0,0,0,0
14757395258967641292,-2,-3,-7,-5,0,2,2,-2
14757395258967641292,1,-3,1,-2,1,-2,1,0
14757395258967641292,1,3,0,0,-1,0,-4,1
14757395258967641292,0,0,0,0,0,0,0,0
14757395258967641292,-2,4,16,3,-2,-4,1,-1
14757395258967641292,0,0,0,0,0,0,0,0
14757395258967641292,0,0,0,0,0,0,0,0
14757395258967641292,-2,-1,-8,-3,-2,-2,-2,0
14757395258967641292,0,0,0,0,0,0,0,0
14757395258967641292,-2,0,-4,-3,-1,1,-1,1
14757395258967641292,-3,-4,-5,0,-1,-1,-2,-3
14757395258967641292,0,0,0,0,0,0,0,0
14757395258967641292,0,0,0,0,0,0,0,0
14757395258967641292,2,-12,-20,-8,-3,3,-3,-2
14757395258967641292,2,-3,10,-2,-1,0,1,0
14757395258967641292,0,0,0,0,0,0,0,0
14757395258967641292,0,0,10,8,0,-3,-1,-1
14757395258967641292,0,0,0,0,0,0,0,0
14757395258967641292,3,1,-12,-6,0,-3,-2,-1
14757395258967641292,0,0,0,0,0,0,0,0
14757395258967641292,0,0,0,0,0,0,0,0
14757395258967641292,-2,0,-8,-2,-1,-2,1,-1
14757395258967641292,0,6,-2,1,-1,-5,-1,-3
14757395258967641292,0,0,0,0,0,0,0,0
14757395258967641292,0,0,0,0,0,0,0,0
14757395258967641292,-5,-1,-3,-4,0,0,0,-1
14757395258967641292,0,-2,0,-2,-3,-1,0,3
14757395258967641292,0,0,0,0,0,0,0,0
14757395258967641292,0,-4,-3,2,2,-3,-1,2
14757395258967641292,0,0,0,0,0,0,0,0
14757395258967641292,0,0,0,0,0,0,0,0
14757395258967641292,-4,3,8,7,-1,-2,-2,-1
14757395258967641292,0,0,0,0,0,0,0,0
14757395258967641292,-2,-2,-3,-7,-1,0,-3,-1
14757395258967641292,0,-1,-2,-1,-1,-2,-5,-1
14757395258967641292,0,0,0,0,0,0,0,0
14757395258967641292,0,0,0,0,0,0,0,0
14757395258967641292,1,-1,-2,3,-1,-5,-1,0
14757395258967641292,-5,-6,4,-1,-2,0,0,-4
14757395258967641292,0,0,0,0,0,0,0,0
14757395258967641292,-1,1,1,3,2,3,2,2
14757395258967641292,0,0,0,0,0,0,0,0
14757395258967641292,-1,-3,-1,-2,-3,-5,-1,-2
14757395258967641292,0,0,0,0,0,0,0,0
14757395258967641292,0,0,0,0,0,0,0,0
14757395258967641292,0,3,8,-2,-4,0,-2,-1
14757395258967641292,2,-1,2,-2,3,0,2,1
14757395258967641292,0,0,0,0,0,0,0,0
14757395258967641292,0,0,0,0,0,0,0,0
14757395258967641292,-1,0,-8,-1,-1,-1,-1,-3
14757395258967641292,0,0,0,0,0,0,0,0
14757395258967641292,1,-8,-3,-3,-3,0,-3,-2
14757395258967641292,-2,5,1,2,0,1,0,0
14757395258967641292,0,0,0,0,0,0,0,0
14757395258967641292,0,0,0,0,0,0,0,0
14757395258967641292,-2,4,-1,-2,0,2,-1,1
14757395258967641292,0,0,0,0,0,0,0,0
14757395258967641292,-2,0,9,-1,-1,0,0,-1
14757395258967641292,-2,1,-5,1,-2,0,-3,3
14757395258967641292,0,0,0,0,0,0,0,0
14757395258967641292,0,0,0,0,0,0,0,0
14757395258967641292,-2,-3,3,0,-1,0,-1,-1
14757395258967641292,0,0,0,0,0,0,0,0
14757395258967641292,-1,-1,-1,-1,1,0,0,-1
14757395258967641292,0,0,0,0,0,0,0,0
14757395258967641292,0,0,0,0,0,0,0,0
14757395258967641292,0,-5,-11,-2,-3,4,-1,-1
14757395258967641292,0,0,0,0,0,0,0,0
14757395258967641292,0,0,0,0,0,0,0,0
14757395258967641292,-4,-1,3,3,-2,-2,-1,-3
14757395258967641292,-2,-4,5,-2,0,-1,0,-2
14757395258967641292,0,0,0,0,0,0,0,0
14757395258967641292,0,0,0,0,0,0,0,0
14757395258967641292,0,0,0,0,0,0,0,0
14757395258967641292,0,0,0,0,0,0,0,0
14757395258967641292,-1,-4,2,2,1,-3,1,0
14757395258967641292,0,0,0,0,0,0,0,0
14757395258967641292,0,0,0,0,0,0,0,0
14757395258967641292,0,-3,3,-6,2,-5,-3,-2
14757395258967641292,0,0,0,0,0,0,0,0
14757395258967641292,0,0,0,0,0,0,0,0
14757395258967641292,0,-6,-23,-6,-5,-2,-3,1
14757395258967641292,-1,-5,2,1,-2,-2,-1,-1
14757395258967641292,0,0,0,0,0,0,0,0
14757395258967641292,0,0,0,0,0,0,0,0
14757395258967641292,3,-4,4,2,0,-1,2,-1
14757395258967641292,0,0,0,0,0,0,0,0
14757395258967641292,2,1,-9,0,1,-2,-1,-2
14757395258967641292,0,0,0,0,0,0,0,0
14757395258967641292,0,0,0,0,0,0,0,0
14757395258967641292,1,4,6,1,-2,-2,-2,-3
14757395258967641292,0,0,0,0,0,0,0,0
14757395258967641292,0,0,0,0,0,0,0,0
14757395258967641292,-1,7,5,-4,0,-4,2,-1
14757395258967641292,-1,-4,-35,-7,-3,-2,-1,-5
14757395258967641292,0,0,0,0,0,0,0,0
14757395258967641292,0,0,0,0,0,0,0,0
14757395258967641292,-3,-3,-13,-3,-3,-1,-2,0
14757395258967641292,0,0,0,0,0,0,0,0
14757395258967641292,-3,2,1,-5,0,-3,-2,-1
14757395258967641292,0,0,0,0,0,0,0,0
14757395258967641292,0,0,0,0,0,0,0,0
14757395258967641292,-4,-3,2,3,-2,-1,0,-1
14757395258967641292,0,0,0,0,0,0,0,0
14757395258967641292,0,0,0,0,0,0,0,0
14757395258967641292,-1,3,19,6,0,0,-1,-1
14757395258967641292,0,1,3,-3,-2,-4,0,-3
14757395258967641292,0,0,0,0,0,0,0,0
14757395258967641292,0,0,0,0,0,0,0,0
14757395258967641292,-2,-2,3,-1,-2,-2,0,-2
14757395258967641292,0,0,0,0,0,0,0,0
14757395258967641292,-6,-4,4,4,-1,-3,1,1
14757395258967641292,0,0,0,0,0,0,0,0
14757395258967641292,0,0,0,0,0,0,0,0
14757395258967641292,2,5,-5,-6,-3,0,1,0
14757395258967641292,0,0,0,0,0,0,0,0
14757395258967641292,0,0,0,0,0,0,0,0
14757395258967641292,0,1,-4,-4,-1,1,-4,-2
14757395258967641292,0,-2,10,4,0,1,0,0
14757395258967641292,0,0,0,0,0,0,0,0
14757395258967641292,0,0,0,0,0,0,0,0
14757395258967641292,1,-2,-8,0,2,0,1,1
14757395258967641292,0,0,0,0,0,0,0,0
14757395258967641292,0,0,0,0,0,0,0,0
14757395258967641292,-2,-4,-5,1,-1,-1,-4,-1
14757395258967641292,0,0,0,0,0,0,0,0
14757395258967641292,0,0,0,0,0,0,0,0
14757395258967641292,-1,-2,3,-1,0,1,-1,-1
14757395258967641292,3,6,-5,-2,-1,-1,1,1
14757395258967641292,0,0,0,0,0,0,0,0
14757395258967641292,-4,0,10,1,-2,-6,-3,-3
14757395258967641292,1,-3,7,0,0,5,0,-2
14757395258967641292,0,0,0,0,0,0,0,0
14757395258967641292,-1,-1,-1,-3,0,-2,-2,0
14757395258967641292,1,-1,7,-1,0,-1,-3,-1
14757395258967641292,0,0,0,0,0,0,0,0
14757395258967641292,0,0,0,0,0,0,0,0
14757395258967641292,0,0,0,0,0,0,0,0
14757395258967641292,1,5,1,-2,0,-1,-2,1
14757395258967641292,0,0,0,0,0,0,0,0
14757395258967641292,0,0,0,0,0,0,0,0
14757395258967641292,0,0,0,0,0,0,0,0
14757395258967641292,0,-3,-5,1,-1,1,-1,-2
14757395258967641292,-3,-8,-1,2,1,-1,0,1
14757395258967641292,0,0,0,0,0,0,0,0
14757395258967641292,1,-20,-15,-6,0,1,0,-2
14757395258967641292,-4,1,2,1,0,-4,2,0
14757395258967641292,0,0,0,0,0,0,0,0
14757395258967641292,0,0,0,0,0,0,0,0
14757395258967641292,0,0,0,0,0,0,0,0
14757395258967641292,1,3,-9,-1,-1,-5,-1,-4
14757395258967641292,0,0,0,0,0,0,0,0
14757395258967641292,0,0,0,0,0,0,0,0
14757395258967641292,0,2,1,1,0,-3,-1,-4
14757395258967641292,-1,5,5,3,-2,-2,-2,-2
14757395258967641292,0,0,0,0,0,0,0,0
14757395258967641292,0,0,0,0,0,0,0,0
14757395258967641292,2,2,-1,-6,-1,-1,1,2
14757395258967641292,-2,-6,-9,-1,-2,-3,-2,-1
14757395258967641292,0,0,0,0,0,0,0,0
14757395258967641292,0,0,0,0,0,0,0,0
14757395258967641292,0,0,0,0,0,0,0,0
14757395258967641292,-6,0,-2,-3,-1,1,-1,0
14757395258967641292,0,0,0,0,0,0,0,0
14757395258967641292,-2,3,-1,5,-1,-4,-2,-2
14757395258967641292,0,0,0,0,0,0,0,0
14757395258967641292,1,-4,-3,-3,-1,-2,-3,0
14757395258967641292,0,0,0,0,0,0,0,0
14757395258967641292,0,0,0,0,0,0,0,0
14757395258967641292,-2,-2,-2,-3,-2,-3,0,-1
14757395258967641292,-2,-1,9,0,1,-2,0,0
14757395258967641292,0,0,0,0,0,0,0,0
14757395258967641292,0,0,0,0,0,0,0,0
14757395258967641292,0,0,0,0,0,0,0,0
14757395258967641292,0,2,2,-6,-1,1,-3,-1
14757395258967641292,0,0,0,0,0,0,0,0
14757395258967641292,-4,3,-4,-1,-2,-1,-2,-2
14757395258967641292,0,0,0,0,0,0,0,0
14757395258967641292,-1,-4,9,10,0,-2,-2,1
14757395258967641292,0,0,0,0,0,0,0,0
14757395258967641292,0,0,0,0,0,0,0,0
14757395258967641292,2,-7,-12,-7,-1,0,-3,-1
14757395258967641292,0,0,0,0,0,0,0,0
14757395258967641292,0,0,0,0,0,0,0,0
14757395258967641292,0,0,0,0,0,0,0,0
14757395258967641292,0,0,0,0,0,0,0,0
14757395258967641292,3,7,-5,1,-3,-2,-2,-1
14757395258967641292,0,0,0,0,0,0,0,0
14757395258967641292,0,0,0,0,0,0,0,0
14757395258967641292,-3,4,-1,5,-1,0,-4,-1
14757395258967641292,-4,-5,-10,-3,2,-2,2,-1
14757395258967641292,0,0,0,0,0,0,0,0
14757395258967641292,0,0,0,0,0,0,0,0
14757395258967641292,-2,-10,5,1,0,-1,3,1
14757395258967641292,0,0,0,0,0,0,0,0
14757395258967641292,-1,-7,-11,-7,-3,-3,-1,-1
14757395258967641292,0,0,0,0,0,0,0,0
14757395258967641292,0,0,0,0,0,0,0,0
14757395258967641292,1,-3,3,-7,0,0,-2,0
14757395258967641292,0,0,0,0,0,0,0,0
14757395258967641292,0,0,0,0,0,0,0,0
14757395258967641292,2,3,-6,1,-1,-1,-1,-2
14757395258967641292,0,-3,-2,0,-2,2,0,-3
14757395258967641292,0,0,0,0,0,0,0,0
14757395258967641292,0,0,0,0,0,0,0,0
14757395258967641292,0,-6,-7,0,0,-1,-3,0
14757395258967641292,0,0,0,0,0,0,0,0
14757395258967641292,4,-5,3,-7,0,0,-1,0
14757395258967641292,0,0,0,0,0,0,0,0
14757395258967641292,0,0,0,0,0,0,0,0
14757395258967641292,-4,9,8,3,-1,1,2,-1
14757395258967641292,0,0,0,0,0,0,0,0
14757395258967641292,0,0,0,0,0,0,0,0
14757395258967641292,0,0,0,0,0,0,0,0
14757395258967641292,0,0,0,0,0,0,0,0
14757395258967641292,0,0,0,0,0,0,0,0
14757395258967641292,-1,4,11,1,-2,0,1,1
14757395258967641292,1,-3,-14,-5,0,-1,0,-1
14757395258967641292,0,0,0,0,0,0,0,0
14757395258967641292,0,0,-10,0,1,0,-1,-2
14757395258967641292,0,0,0,0,0,0,0,0
14757395258967641292,0,0,0,0,0,0,0,0
14757395258967641292,0,-1,-6,-5,-1,0,-3,0
14757395258967641292,1,-8,-17,-2,0,-4,-2,1
14757395258967641292,0,0,0,0,0,0,0,0
14757395258967641292,2,5,6,0,-1,0,1,1
14757395258967641292,-2,-6,5,1,-1,-2,0,0
14757395258967641292,0,0,0,0,0,0,0,0
14757395258967641292,0,0,0,0,0,0,0,0
14757395258967641292,-2,-2,2,0,-1,1,-4,-2
14757395258967641292,0,0,0,0,0,0,0,0
14757395258967641292,-3,-4,2,-1,-2,0,1,-2
14757395258967641292,0,0,0,0,0,0,0,0
14757395258967641292,0,0,0,0,0,0,0,0
14757395258967641292,0,-1,-35,-3,0,-5,-2,-1
14757395258967641292,-1,-5,6,3,0,-1,-2,-3
14757395258967641292,0,0,0,0,0,0,0,0
14757395258967641292,0,-9,1,-3,0,-2,1,-1
14757395258967641292,0,0,0,0,0,0,0,0
14757395258967641292,0,0,0,0,0,0,0,0
14757395258967641292,0,0,0,0,0,0,0,0
14757395258967641292,0,0,0,0,0,0,0,0
14757395258967641292,-2,5,5,1,-2,-1,0,1
14757395258967641292,0,0,0,0,0,0,0,0
14757395258967641292,0,0,0,0,0,0,0,0
14757395258967641292,0,0,0,0,0,0,0,0
14757395258967641292,0,6,10,2,0,2,1,-1
14757395258967641292,-4,-6,-11,2,-3,-4,-1,-4
14757395258967641292,-2,-2,-2,4,-1,-5,-1,1
14757395258967641292,0,0,0,0,0,0,0,0
14757395258967641292,0,0,0,0,0,0,0,0
14757395258967641292,0,0,0,0,0,0,0,0
14757395258967641292,-1,-6,6,0,-1,-5,-3,3
14757395258967641292,-3,-1,3,-4,0,-2,0,-1
14757395258967641292,0,0,0,0,0,0,0,0
14757395258967641292,0,0,0,0,0,0,0,0
14757395258967641292,0,2,-6,0,-2,-2,0,0
14757395258967641292,0,0,0,0,0,0,0,0
14757395258967641292,-1,-2,-6,-3,-1,0,-3,-1
14757395258967641292,0,0,0,0,0,0,0,0
14757395258967641292,-1,1,-7,-4,1,1,0,-2
14757395258967641292,0,0,0,0,0,0,0,0
14757395258967641292,-2,0,4,-5,-2,-1,-1,-3
14757395258967641292,0,0,0,0,0,0,0,0
14757395258967641292,0,0,0,0,0,0,0,0
14757395258967641292,0,0,8,2,0,-4,-1,0
14757395258967641292,-3,2,-5,-4,-3,-2,-2,-2
14757395258967641292,0,0,0,0,0,0,0,0
14757395258967641292,0,0,0,0,0,0,0,0
14757395258967641292,0,0,0,0,0,0,0,0
14757395258967641292,0,0,0,0,0,0,0,0
14757395258967641292,0,0,0,0,0,0,0,0
14757395258967641292,0,0,0,0,0,0,0,0
14757395258967641292,2,6,2,0,-1,0,-2,-3
14757395258967641292,-1,4,0,2,2,-1,1,-1
14757395258967641292,-1,-4,-8,-4,-1,-1,0,-2
14757395258967641292,0,0,0,0,0,0,0,0
14757395258967641292,2,-5,0,-3,0,2,-2,2
14757395258967641292,3,2,0,-1,1,1,3,1
14757395258967641292,0,0,0,0,0,0,0,0
14757395258967641292,0,0,0,0,0,0,0,0
14757395258967641292,0,0,0,0,0,0,0,0
14757395258967641292,-3,-2,2,-1,-4,0,1,-4
14757395258967641292,2,-1,-2,4,-1,-3,-5,0
14757395258967641292,0,0,0,0,0,0,0,0
14757395258967641292,0,0,0,0,0,0,0,0
14757395258967641292,1,-1,14,-1,-1,0,1,-1
14757395258967641292,0,0,5,-6,-3,-2,-2,-2
14757395258967641292,0,0,0,0,0,0,0,0
14757395258967641292,0,-1,8,1,-1,-1,-1,0
14757395258967641292,0,0,0,0,0,0,0,0
14757395258967641292,0,3,-7,-2,0,2,-1,0
14757395258967641292,0,0,0,0,0,0,0,0
14757395258967641292,0,0,0,0,0,0,0,0
14757395258967641292,0,0,0,0,0,0,0,0
14757395258967641292,0,0,-6,-1,1,1,-1,-1
14757395258967641292,0,0,0,0,0,0,0,0
14757395258967641292,-2,-2,1,4,1,-2,-3,1
14757395258967641292,1,1,7,0,-2,-1,0,-1
14757395258967641292,-5,-13,-23,-2,0,0,1,-1
14757395258967641292,0,0,0,0,0,0,0,0
14757395258967641292,-1,0,-3,0,-3,-5,-1,-2
14757395258967641292,0,0,0,0,0,0,0,0
14757395258967641292,0,0,5,-3,-1,1,0,-3
14757395258967641292,0,0,0,0,0,0,0,0
14757395258967641292,0,0,0,0,0,0,0,0
14757395258967641292,-3,-5,1,-2,-2,0,-1,-2
14757395258967641292,-1,1,1,0,-2,-2,0,-1
14757395258967641292,0,0,0,0,0,0,0,0
14757395258967641292,0,0,0,0,0,0,0,0
14757395258967641292,0,0,0,0,0,0,0,0
14757395258967641292,0,0,0,0,0,0,0,0
14757395258967641292,-2,3,8,3,1,-2,0,0
14757395258967641292,-1,-2,-2,-2,0,1,2,-1
14757395258967641292,0,0,0,0,0,0,0,0
14757395258967641292,0,0,0,0,0,0,0,0
14757395258967641292,-1,1,5,0,2,0,-2,-2
14757395258967641292,0,0,0,0,0,0,0,0
14757395258967641292,1,5,-5,-3,-2,-2,-2,1
14757395258967641292,-1,3,3,-1,-1,-3,0,0
14757395258967641292,0,0,0,0,0,0,0,0
14757395258967641292,0,0,0,0,0,0,0,0
14757395258967641292,0,0,0,0,0,0,0,0
14757395258967641292,0,0,0,0,0,0,0,0
14757395258967641292,0,-10,-7,0,2,-2,-2,-1
14757395258967641292,0,0,0,0,0,0,0,0
14757395258967641292,-3,-3,0,-1,1,-3,-2,-3
14757395258967641292,0,0,0,0,0,0,0,0
14757395258967641292,-1,-5,-13,0,-1,-2,-2,-5
14757395258967641292,0,0,0,0,0,0,0,0
14757395258967641292,-1,3,-2,1,-2,-1,-1,-2
14757395258967641292,0,-11,-16,-1,0,-1,-1,1
14757395258967641292,0,0,0,0,0,0,0,0
14757395258967641292,0,0,0,0,0,0,0,0
14757395258967641292,-4,-1,0,4,-1,0,-3,0
14757395258967641292,-1,3,6,1,-2,-3,-1,-2
14757395258967641292,0,0,0,0,0,0,0,0
