Starting time:1454188733579062
Ending time:1454188746555340
1454188733579062,-1,-2,-3,-6,-3,-3,-3,-2
1454188733579062,4,-3,-2,-4,-2,-3,-2,-2
1454188733581064,-5,-2,-4,-6,-1,-3,-2,-1
1454188733581064,-7,-1,-1,9,2,-1,0,-3
1454188733593071,2,-2,1,-1,3,0,0,0
1454188733593071,-2,0,4,6,5,2,0,0
1454188733602078,1,0,-3,-5,-12,-5,-2,0
1454188733602078,1,0,-5,-12,-5,-3,-1,-1
1454188733617088,0,-3,-3,-3,-5,-4,-2,-1
1454188733617088,0,0,1,7,7,0,0,-1
1454188733618089,-2,-1,3,1,3,6,-2,-2
1454188733618089,1,0,-1,-4,-5,-3,-2,-3
1454188733639103,-1,-2,1,3,-1,-2,-1,0
1454188733639103,-4,-1,-4,-8,-7,-3,-1,-1
1454188733641105,-2,-3,0,5,7,0,0,-1
1454188733641105,1,0,-1,4,2,2,0,1
1454188733653113,-2,0,-2,-3,-6,-1,-1,-3
1454188733653113,1,-2,-3,-8,-5,-4,-3,-1
1454188733662120,-1,0,-4,1,-2,0,-2,0
1454188733662120,-10,-2,0,0,1,-3,-4,-3
1454188733676130,0,0,2,2,-3,-1,0,0
1454188733676130,-2,-1,-1,1,-1,0,-1,0
1454188733678131,2,-1,-2,-4,-4,-3,-2,-1
1454188733678131,3,0,-1,-5,0,-3,0,1
1454188733699146,2,0,-3,-1,-2,2,-1,1
1454188733699146,-9,-1,0,3,3,-1,-2,-2
1454188733701147,3,-3,-1,-1,-3,1,-2,-1
1454188733701147,4,-2,-4,-6,-4,-3,-1,0
1454188733713156,-4,-2,2,1,0,-1,-1,-4
1454188733713156,3,0,-2,-4,-2,-2,-2,-1
1454188733722162,0,-1,0,-1,-3,0,1,-2
1454188733722162,-5,-3,1,0,1,-2,-1,-1
1454188733736172,-4,-2,-3,-4,-1,1,0,-1
1454188733736172,0,-1,0,7,5,0,1,1
1454188733738173,-2,-2,1,-2,-1,-1,-1,-3
1454188733738173,1,-2,-1,2,1,1,-2,0
1454188733759188,-4,0,-2,0,-2,-3,-2,-2
1454188733759188,0,-2,-1,-3,-10,-3,-1,-2
1454188733761190,-5,0,-4,-5,0,-2,1,0
1454188733761190,6,0,0,1,4,-1,-1,0
1454188733781204,0,-1,-2,2,0,-1,2,-1
1454188733781204,-8,-2,-1,0,4,0,-1,-4
1454188733783205,6,1,-1,-2,-4,-3,0,0
1454188733783205,-5,-1,-2,-3,-4,0,-1,-1
1454188733796214,-9,-2,-3,-1,1,-3,-3,-3
1454188733796214,2,-1,-3,-5,-4,-2,0,0
1454188733798216,-1,0,1,8,7,3,-1,-1
1454188733798216,3,2,2,2,-1,-3,1,-1
1454188733819231,0,-1,1,-7,-9,-4,-1,-2
1454188733819231,2,0,-3,0,2,1,-1,-1
1454188733820232,-5,-1,0,-4,3,0,-1,-2
1454188733820232,0,-2,-3,9,-2,-1,-2,-1
1454188733841246,3,2,-1,-3,4,3,3,2
1454188733841246,-4,-1,-4,-1,-3,-4,-2,-1
1454188733843248,0,-2,0,-2,-2,-3,-2,0
1454188733843248,-4,-1,0,-5,-1,0,0,-2
1454188733856270,0,-2,-4,-5,-6,-5,-4,0
1454188733856270,3,-1,4,2,3,3,1,0
1454188733862275,2,0,-1,6,1,2,0,-1
1454188733862275,1,1,-4,-8,0,0,0,-1
1454188733879273,7,-1,1,3,-2,-4,0,0
1454188733879273,-18,-2,-2,-9,-8,-2,-2,-4
1454188733880274,-1,-4,-3,6,-2,-3,-2,-3
1454188733880274,-6,0,-2,-1,8,5,-3,-1
1454188733901289,2,-1,-4,-9,-3,-6,-2,0
1454188733901289,10,1,3,12,-2,-4,1,3
1454188733903290,-1,0,1,-3,2,1,1,-2
1454188733903290,0,-2,-2,-5,-5,-3,1,0
1454188733916299,-2,-3,-1,3,6,1,-2,-3
1454188733916299,2,0,0,-4,-4,-1,-1,0
1454188733918301,1,-2,-2,-3,-4,-3,-1,0
1454188733918301,-3,-1,-2,-5,-9,-2,1,-1
1454188733939315,-3,1,0,1,9,3,1,0
1454188733939315,3,-1,-2,0,-1,0,-1,-3
1454188733940316,-1,1,0,2,-5,-1,0,1
1454188733940316,1,-3,-2,-6,1,-3,-2,-3
1454188733961331,-3,-1,0,-2,-5,-2,-3,-1
1454188733961331,-2,-2,-3,-1,-1,-2,-1,0
1454188733963332,7,0,-2,-7,-1,-2,-2,2
1454188733963332,1,0,2,3,0,0,1,2
1454188733976342,-15,-3,-1,3,7,4,1,-6
1454188733976342,-4,-2,-2,-3,0,-2,-3,-5
1454188733982346,-2,0,0,4,-9,-3,-1,-2
1454188733982346,5,1,-3,-7,-1,2,-1,-1
1454188733999358,5,-3,0,-1,-5,-1,-1,0
1454188733999358,-3,-1,1,-1,7,2,-1,1
1454188734000359,-2,-2,-1,-1,3,0,-1,-2
1454188734000359,-9,-1,-1,5,2,-2,-1,-2
1454188734021374,-2,-1,-2,-7,-5,1,0,0
1454188734021374,5,-1,-3,-1,1,0,-2,-2
1454188734023376,-4,-2,-2,-7,-5,0,-2,0
1454188734023376,-3,0,2,5,0,-2,0,-2
1454188734035383,0,-1,-3,1,-4,-3,-2,-1
1454188734035383,1,-1,-3,-7,-3,-3,1,1
1454188734042388,-2,-1,1,2,2,0,-2,-1
1454188734042388,-3,-1,-1,-3,-5,-1,-2,-2
1454188734059400,2,-1,-1,-4,5,-1,0,-2
1454188734059400,0,0,0,4,-2,2,0,1
1454188734060401,-9,-3,-3,3,2,-1,-1,-4
1454188734060401,4,-2,1,-2,-1,0,-1,1
1454188734081417,7,2,1,4,-8,-6,-2,1
1454188734081417,-8,-2,-2,-5,1,1,-1,-5
1454188734083428,-4,-2,-2,-3,0,-1,0,0
1454188734083428,-4,-4,-2,0,-5,-3,-1,-2
1454188734095440,1,-2,-1,-2,3,-2,-1,-3
1454188734095440,3,0,-1,-5,-4,0,-2,1
1454188734102444,-7,0,-3,0,-1,0,0,-2
1454188734102444,1,-2,-2,4,7,-1,-1,1
1454188734119456,-3,-3,1,-4,-7,-1,-1,0
1454188734119456,0,-1,-1,-1,-6,-2,1,-1
1454188734120458,2,1,1,-1,0,1,-1,0
1454188734120458,2,0,-2,-5,-3,-2,-2,-2
1454188734141472,-2,0,-1,-2,4,2,2,0
1454188734141472,5,-2,0,7,1,-2,-3,1
1454188734143482,0,-1,-2,-4,1,0,0,1
1454188734143482,0,0,-3,-5,-8,-5,-2,-3
1454188734155482,-2,-1,-3,-5,2,-3,-3,-3
1454188734155482,1,1,-1,-1,1,2,1,1
1454188734162486,5,1,2,10,3,0,3,-1
1454188734162486,3,0,0,-1,-2,-1,-1,0
1454188734179499,-10,-1,-3,-4,0,4,-3,-2
1454188734179499,-2,-3,-2,-10,-7,-6,-4,-3
1454188734180487,0,-2,0,1,-5,-4,-3,-2
1454188734180487,-3,-1,0,0,4,2,1,0
1454188734201514,4,0,-2,2,-4,1,0,1
1454188734201514,-3,-3,-2,2,13,1,-1,0
1454188734203515,-2,-2,0,-7,-10,-3,-3,1
1454188734203515,0,-1,1,0,-2,-1,0,-1
1454188734215535,2,0,-3,0,-1,-1,0,-1
1454188734215535,-9,-2,-4,-7,-4,-3,-1,-2
1454188734222528,-4,-1,-2,3,1,-2,-2,0
1454188734222528,-1,-2,2,3,1,1,-1,-1
1454188734239546,-3,-2,2,-1,-3,0,0,0
1454188734239546,2,0,-4,4,1,0,0,-1
1454188734240528,-2,0,-3,-7,3,1,0,-1
1454188734240528,-3,-2,0,1,-2,-3,-2,0
1454188734261545,1,-1,0,5,-2,0,-1,-2
1454188734261545,2,-2,-1,-3,-3,-2,0,-1
1454188734263547,-5,-3,-2,-2,-3,-2,0,-2
1454188734263547,-1,-2,-3,-4,4,-2,-1,0
1454188734275555,-1,-2,-1,2,2,3,0,-3
1454188734275555,3,2,1,3,-3,1,0,1
1454188734284562,2,-2,-2,-2,1,1,-1,-2
1454188734284562,-3,-2,-1,-1,-1,-2,0,0
1454188734299572,-12,-1,-1,-4,-7,-7,-1,-4
1454188734299572,-2,-1,-1,-2,-8,-1,-2,-3
1454188734300571,0,0,-1,-2,-1,-1,-1,-1
1454188734300571,1,-1,-1,0,-2,-1,0,-1
1454188734321606,0,-3,-1,0,3,0,-1,0
1454188734321606,-1,-1,0,1,2,-1,0,0
1454188734323607,-1,-1,2,-5,1,-1,1,1
1454188734323607,2,-1,-3,0,-3,-2,-1,-2
1454188734335685,1,1,-2,2,1,1,1,-1
1454188734335685,-4,-2,0,-4,-1,-1,-2,-1
1454188734344692,6,-1,-1,-7,-6,1,0,0
1454188734344692,-3,1,0,3,0,0,0,0
1454188734358755,-8,-2,0,-2,2,-3,-2,-2
1454188734358755,3,0,3,9,3,0,-1,-2
1454188734360716,-1,0,0,1,-2,0,1,-2
1454188734360716,2,-1,-3,-6,-4,0,-1,-1
1454188734381726,3,0,-2,-5,-3,-1,-1,2
1454188734381726,-2,-3,-4,-2,0,-3,-2,-2
1454188734383725,-3,-2,0,-4,1,-1,-1,0
1454188734383725,-2,0,1,6,-9,-3,-1,-1
1454188734395773,5,1,0,4,4,-2,0,1
1454188734395773,-2,0,-1,-5,-3,1,0,-1
1454188734404736,1,1,0,1,-2,0,-1,-1
1454188734404736,0,-2,-3,-8,1,1,0,-1
1454188734418761,2,-1,-1,1,4,2,-1,-3
1454188734418761,-4,0,-2,-2,-2,-4,-1,-1
1454188734420743,-4,-2,-3,-3,-9,-5,-3,-3
1454188734420743,1,-1,-2,-11,-2,0,-1,-2
1454188734441770,-1,-1,0,6,-1,1,0,-1
1454188734441770,3,1,4,10,8,3,1,0
1454188734443770,1,0,-1,-1,2,0,0,1
1454188734443770,-5,1,-4,-4,2,0,-2,-3
1454188734454832,1,-1,-1,-5,-8,-4,0,1
1454188734454832,-4,-1,-2,-5,2,2,-1,0
1454188734463913,-1,-1,-1,3,-5,-3,0,-2
1454188734463913,-4,-2,3,5,4,2,-1,-2
1454188734478958,-7,-2,-2,-5,2,0,-3,-3
1454188734478958,2,-2,-3,1,0,-2,-1,-1
1454188734480894,4,-1,0,2,4,1,0,1
1454188734480894,0,0,-1,-2,-11,-1,-1,-1
1454188734501972,3,-1,-3,-5,0,-2,-1,0
1454188734501972,0,-1,-6,-8,-11,-4,-1,-1
1454188734502912,-6,-3,3,13,11,-1,-2,-2
1454188734502912,2,1,4,7,9,4,0,1
1454188734514947,2,-2,-2,1,-1,2,-1,-1
1454188734514947,-3,-1,-2,-7,-5,-3,-2,-2
1454188734524043,5,-1,-6,-9,-8,-4,-3,-2
1454188734524043,-3,-1,-2,-4,-3,-1,1,-1
1454188734539117,-3,0,1,5,-2,-1,0,-1
1454188734539117,1,0,2,0,1,-2,1,-1
1454188734541058,-1,0,0,-1,2,0,-1,-1
1454188734541058,0,-2,-1,1,0,0,1,-2
1454188734569139,-2,-1,-4,-7,0,-2,-4,-2
1454188734569139,-1,-2,-2,-4,-5,-1,1,0
1454188734571075,-4,1,1,2,-3,-3,1,-2
1454188734571075,1,-2,-3,-2,-3,-2,-2,-1
1454188734575079,0,-2,-1,-3,4,1,1,1
1454188734575079,-3,0,-1,6,2,1,-1,-2
1454188734584099,-1,0,1,-2,1,0,-1,0
1454188734584099,3,-2,-3,-2,-2,-5,-2,4
1454188734599101,4,-1,0,2,-2,-2,-1,-2
1454188734599101,-16,-3,-4,-6,-2,2,-2,-4
1454188734601100,1,-2,0,-1,0,1,0,-1
1454188734601100,1,-1,-3,-1,1,-1,-2,-1
1454188734622113,1,-1,-1,-3,-8,-3,-3,1
1454188734622113,7,-1,-3,-6,-5,-4,-1,1
1454188734623115,-4,-1,-2,-1,5,3,0,-1
1454188734623115,-4,0,1,8,3,-3,0,0
1454188734635124,-1,-1,0,-4,0,0,0,1
1454188734635124,1,-5,-1,-2,-7,-2,-2,-3
1454188734644127,-3,-1,-3,-7,1,-2,0,-2
1454188734644127,0,-2,-2,-3,-2,-1,-3,-2
1454188734659177,-9,0,-1,1,1,1,-1,-2
1454188734659177,2,-1,-1,-6,-3,-2,-1,-2
1454188734661149,0,-2,0,8,2,-3,-1,-1
1454188734661149,-3,0,0,-3,-11,-3,0,-4
1454188734681218,-1,0,-2,0,5,3,0,-3
1454188734681218,-1,0,-1,2,6,1,-1,1
1454188734683177,1,-2,-2,-6,-4,-2,-1,-1
1454188734683177,-2,-2,0,-2,4,-2,-2,-1
1454188734695166,-4,-2,-4,-1,-6,-5,-1,-1
1454188734695166,3,-1,0,0,1,1,1,1
1454188734704170,0,0,0,4,4,1,-1,2
1454188734704170,-8,-1,-3,1,0,0,-2,-3
1454188734719182,3,-2,0,-6,-4,-1,-1,0
1454188734719182,-3,0,0,2,-5,-3,-3,-1
1454188734721206,-1,-1,-3,-9,-2,0,-2,0
1454188734721206,3,1,-3,-11,-3,-2,-1,1
1454188734742221,-1,-2,0,9,-1,-3,-1,0
1454188734742221,1,1,3,5,11,1,0,-2
1454188734743221,-3,-1,-2,-3,-3,-1,0,-1
1454188734743221,0,0,-3,-3,-2,-1,-1,-1
1454188734764276,-1,-1,-4,-5,-1,-2,-3,-2
1454188734764276,-4,-1,0,0,1,-2,0,-2
1454188734766236,0,-1,-1,0,-9,-1,-2,0
1454188734766236,-1,-3,-2,-3,5,0,-1,0
1454188734779287,1,0,2,-1,-4,0,0,1
1454188734779287,-2,-3,-1,3,2,-1,-1,1
1454188734781228,-2,-1,-1,0,4,0,-1,-3
1454188734781228,-1,-2,-2,7,-2,1,0,-2
1454188734801256,5,-1,0,-3,-4,-2,1,-2
1454188734801256,5,0,0,-1,-5,-3,-1,0
1454188734803239,-6,0,-4,-3,-2,0,-1,0
1454188734803239,-21,-3,-1,-3,-5,-4,-3,-6
1454188734824310,-4,-2,0,2,9,-2,-3,-2
1454188734824310,1,0,-4,-5,-3,2,-3,0
1454188734826271,6,-1,-2,-3,-9,-6,-2,1
1454188734826271,3,1,1,5,1,1,-1,1
1454188734839407,-3,1,2,4,6,5,3,-2
1454188734839407,-3,-2,-1,-1,4,-1,-2,-1
1454188734840382,2,-2,-1,-1,1,0,0,0
1454188734840382,-1,0,-3,-7,-8,-5,0,-1
1454188734861422,-2,0,-4,-2,-5,-1,-1,-3
1454188734861422,4,-1,-1,2,4,0,2,0
1454188734863369,-4,-1,-2,-2,5,-1,-1,-3
1454188734863369,4,-1,-1,-6,-5,0,-2,-1
1454188734884437,2,-1,-2,-8,-5,-4,-1,2
1454188734884437,-1,1,2,8,-4,-2,0,0
1454188734885391,-2,0,-2,9,6,2,0,-1
1454188734885391,5,-1,0,-2,1,-1,0,-1
1454188734898495,0,-1,-2,0,-5,-1,-2,-2
1454188734898495,-4,-3,-1,-5,-1,-1,-1,-1
1454188734905500,-7,-1,-1,0,-3,-1,0,-3
1454188734905500,-3,-3,-2,0,2,0,-2,-1
1454188734921511,1,-1,-2,-2,-6,-2,-2,-1
1454188734921511,-5,-2,-3,-4,-3,2,-2,-1
1454188734923478,4,1,2,0,-4,-5,0,1
1454188734923478,0,1,2,6,9,3,0,1
1454188734944492,-1,-1,-3,0,0,-3,-2,-1
1454188734944492,0,-2,-2,-1,-4,-2,-3,-2
1454188734945475,0,-1,-2,-4,-3,-2,-2,-2
1454188734945475,5,-2,-1,-1,-1,1,1,0
1454188734958501,-4,-3,0,-1,3,0,-1,-1
1454188734958501,5,0,-4,-5,-7,-3,-2,-1
1454188734972840,-4,-1,-1,1,-9,-4,-3,-2
1454188734972840,3,-2,1,4,2,1,0,-2
1454188734981848,-2,-2,0,2,10,1,-2,0
1454188734981848,-3,0,-4,-5,-1,-1,0,-1
1454188734983808,0,1,1,-5,-2,1,-2,-1
1454188734983808,0,-1,-1,0,-3,-2,0,1
1454188735003827,-2,0,-2,-3,-1,-3,-2,-3
1454188735003827,-3,0,0,-2,-6,-2,-2,0
1454188735005824,5,-2,-4,-2,-1,-2,-2,-1
1454188735005824,-10,-1,-1,1,2,0,-2,-2
1454188735018818,-1,-2,-2,0,-3,-2,0,-1
1454188735018818,-2,-1,-1,1,-1,-1,-1,-2
1454188735024822,0,0,-1,-3,2,0,1,-1
1454188735024822,-1,-3,-2,-5,-1,-1,-2,-3
1454188735041888,1,-1,-1,-5,-4,-2,-1,-1
1454188735041888,0,-2,2,1,-2,1,1,1
1454188735042834,1,0,1,13,6,3,1,2
1454188735042834,2,-3,0,2,7,0,0,0
1454188735063857,-3,0,-2,-2,-7,-2,-2,-2
1454188735063857,2,-1,-4,-7,0,-3,-2,1
1454188735065849,0,0,-1,-9,-10,-2,-1,-2
1454188735065849,-13,-3,-1,0,2,-1,0,-4
1454188735078914,1,0,-2,2,0,0,-2,0
1454188735078914,-4,-1,2,6,9,6,0,-3
1454188735084882,4,-2,-1,1,-6,-4,-1,1
1454188735084882,3,1,-3,-4,-9,-3,-3,1
1454188735101873,-1,-1,0,-1,7,-1,0,-1
1454188735101873,-2,-1,-1,-6,-4,-1,0,-3
1454188735102874,-3,-2,0,-3,5,5,-1,-4
1454188735102874,-2,-1,2,-3,-3,-4,1,-2
1454188735123908,-3,-2,-2,6,-4,-2,-1,-1
1454188735123908,-1,-2,0,0,-2,-3,-2,-2
1454188735125911,-5,-2,-2,-6,-5,-4,-3,1
1454188735125911,2,-1,-1,6,8,4,0,0
1454188735137955,4,0,1,0,3,1,0,0
1454188735137955,-7,1,-1,5,5,0,1,1
1454188735146961,0,-2,-2,-6,0,0,-1,-2
1454188735146961,1,0,-4,-9,-4,-4,-1,2
1454188735162008,-2,-1,-1,-1,-8,2,1,0
1454188735162008,0,0,0,-3,-6,-3,-1,-1
1454188735162969,0,-1,0,-1,-1,-3,-2,-1
1454188735162969,2,0,-2,-1,0,-1,-1,-2
1454188735183988,-2,-1,1,0,1,-1,-2,-2
1454188735183988,-2,-3,-2,-4,1,-4,-1,-1
1454188735185970,-1,-1,-1,0,3,2,-2,-2
1454188735185970,4,0,2,4,-2,-4,1,0
1454188735199015,-1,1,1,-5,-7,-1,-1,-1
1454188735199015,-2,-2,-2,-6,1,0,-1,-3
1454188735205040,-3,0,0,5,4,-1,0,0
1454188735205040,-1,-1,0,2,4,0,-1,0
1454188735222034,0,0,-3,3,2,4,0,1
1454188735222034,-4,-2,3,6,-3,-6,-1,-2
1454188735223033,0,-1,-4,-3,-2,-1,-1,-2
1454188735223033,-12,-1,-3,-7,-6,-3,0,-4
1454188735244102,-1,-3,-2,-4,-2,-3,0,0
1454188735244102,1,-2,-4,0,-5,-1,0,-2
1454188735246104,2,-1,-1,1,2,0,3,0
1454188735246104,1,-1,-1,0,-3,0,-1,-1
1454188735258056,0,-1,-2,-1,0,-1,-2,-2
1454188735258056,-1,-1,-1,-5,-2,1,-2,1
1454188735267062,-3,-2,2,0,0,-3,0,-2
1454188735267062,4,0,-1,1,-5,-1,-1,-1
1454188735282093,-1,-1,2,0,-1,-1,-1,1
1454188735282093,-1,-2,-1,-2,2,-1,-2,0
1454188735284095,-3,-2,-1,-3,-10,-3,0,-1
1454188735284095,-3,-3,0,4,13,0,-2,0
1454188735304109,-1,0,0,-8,-4,1,0,-2
1454188735304109,0,0,0,7,0,-1,1,-1
1454188735306109,-2,0,-1,-2,-8,-2,1,-1
1454188735306109,0,0,-2,-4,-2,0,-2,-1
1454188735318102,-2,-2,-2,-3,-1,-7,-2,-3
1454188735318102,-1,-2,-4,-2,0,0,-1,-1
1454188735327143,1,0,-2,0,4,-1,-2,-2
1454188735327143,0,-3,-1,-1,-6,-1,-3,0
1454188735342126,0,-2,2,1,-1,-3,0,-2
1454188735342126,0,0,-2,-1,8,0,-1,-1
1454188735343130,1,0,0,-3,-4,-1,-1,1
1454188735343130,1,-1,0,-3,-3,-2,0,1
1454188735364187,-1,0,1,3,2,1,1,-1
1454188735364187,2,1,0,2,7,1,-1,0
1454188735366158,0,-2,1,1,0,0,-3,-3
1454188735366158,-9,-3,-5,-9,-8,-1,0,-1
1454188735378200,-1,-2,-3,0,-1,-3,0,-1
1454188735378200,0,-2,0,-5,0,1,1,0
1454188735387169,2,-1,-1,5,2,0,1,0
1454188735387169,1,-1,-1,-1,6,2,-2,0
1454188735401176,0,-1,0,-6,-6,-4,0,-1
1454188735401176,-3,-1,-1,-1,-11,-5,0,-1
1454188735403169,-2,-2,-3,-1,8,3,0,0
1454188735403169,2,-2,-1,1,-3,-2,1,-3
1454188735424194,-2,-1,-1,0,8,2,-3,0
1454188735424194,-3,-1,1,0,-2,0,-2,0
1454188735426176,0,-1,-1,3,4,-3,0,-1
1454188735426176,-2,-1,-2,-4,-6,-2,-2,-1
1454188735438253,-2,-2,-2,-4,-6,-2,-1,-2
1454188735438253,1,-2,-2,-2,-3,-1,-2,-2
1454188735447260,-3,-1,-4,-3,-3,-1,-3,-1
1454188735447260,-3,0,3,6,5,0,1,-1
1454188735461309,1,-3,0,0,5,2,2,0
1454188735461309,0,0,-1,-3,-5,0,0,-2
1454188735463255,-6,-3,-3,1,-2,-4,-3,0
1454188735463255,4,0,-2,-5,-5,-2,-1,0
1454188735484288,-1,-1,0,1,-2,-2,-2,0
1454188735484288,-9,-1,-2,0,6,5,1,-2
1454188735485290,-3,0,1,-6,-11,-4,-1,-1
1454188735485290,1,1,1,-3,-4,-2,0,0
1454188735498298,0,0,-1,1,2,-1,0,0
1454188735498298,7,0,-1,-1,-1,-2,0,1
1454188735506304,-6,-1,-1,4,9,3,-1,-3
1454188735506304,-5,-3,-1,0,-1,-2,-2,-2
1454188735521316,2,-1,-1,-3,-6,0,0,-1
1454188735521316,1,-2,0,-1,4,-1,-1,1
1454188735523316,0,-2,1,-4,-4,-1,2,0
1454188735523316,3,0,-2,-1,1,-1,1,-1
1454188735544330,-3,-1,-1,1,-7,-1,-1,-2
1454188735544330,-5,-1,-1,-1,-3,-3,-1,-2
1454188735545332,3,0,-2,-2,-1,0,-1,-2
1454188735545332,-2,-2,-1,-1,3,1,-1,-2
1454188735557341,-4,-2,-1,5,2,-1,0,0
1454188735557341,0,-3,-1,-3,-10,-3,-2,-3
1454188735567331,0,-3,-2,-1,-1,-3,1,0
1454188735567331,2,0,-1,-4,3,0,-1,-1
1454188735581359,2,-2,1,-1,1,1,-1,0
1454188735581359,0,-1,-1,1,-5,-6,-1,0
1454188735583340,0,-1,1,2,1,4,-1,-1
1454188735583340,4,-1,-2,1,-6,-3,0,0
1454188735604410,-6,-2,-1,0,8,0,0,-2
1454188735604410,2,-2,-2,-3,2,3,-2,0
1454188735605410,1,-1,-3,-10,-10,-7,-1,-1
1454188735605410,-4,-1,-3,5,-3,1,0,0
1454188735617439,3,2,1,5,11,1,-1,0
1454188735617439,-1,-1,-1,-4,-7,-3,-3,0
1454188735626425,-6,0,0,-7,0,0,0,-2
1454188735626425,2,-1,0,9,1,-1,0,0
1454188735641430,-2,-4,-6,-7,-6,-6,-3,-3
1454188735641430,4,-2,1,3,2,0,1,-1
1454188735647454,-4,-2,-2,-4,2,1,-1,-1
1454188735647454,-2,0,-1,-2,-1,-3,-1,-1
1454188735664467,-5,-2,2,1,6,6,-2,0
1454188735664467,-4,-3,-2,0,-5,-7,-2,-1
1454188735665447,1,-1,-4,-3,-7,-2,-1,-1
1454188735665447,-3,0,3,-2,8,4,0,1
1454188735686517,0,0,1,0,-5,-1,0,0
1454188735686517,-10,0,-3,-4,5,0,-2,-3
1454188735692485,3,-1,0,3,3,2,-2,-1
1454188735692485,-4,0,-1,-4,-3,-4,-2,1
1454188735701492,-1,-2,-2,-6,-9,-4,-2,-2
1454188735701492,0,1,-1,3,-2,0,0,0
1454188735703473,0,-1,-2,4,3,-2,0,0
1454188735703473,0,-1,1,-5,0,-1,-1,0
1454188735724542,-2,1,-1,6,-6,0,-1,0
1454188735724542,-1,-2,0,-3,-3,-2,-1,-1
1454188735725490,0,0,0,-1,0,0,-1,0
1454188735725490,2,-2,-1,-2,-2,-1,0,-1
1454188735746656,-2,-4,-3,-7,-2,-1,-4,-1
1454188735746656,-1,-1,-1,-1,2,-1,0,-1
1454188735748661,-1,0,2,7,0,1,-1,0
1454188735748661,2,-1,-1,-4,-1,1,-1,-2
1454188735761631,-1,-1,0,-1,-2,-1,-1,-2
1454188735761631,1,0,-3,-6,-3,0,-2,0
1454188735763626,-2,0,4,1,-3,0,-3,0
1454188735763626,-1,2,-1,0,5,-1,-2,-2
1454188735783639,0,0,-1,-1,-4,-4,0,0
1454188735783639,-1,0,0,-1,-1,1,-1,-1
1454188735785627,-1,-2,-3,0,-1,-2,-1,1
1454188735785627,-1,-3,0,-2,-5,-2,-2,-1
1454188735806697,1,1,-3,-3,5,2,1,-1
1454188735806697,-1,-1,-3,3,3,-2,-1,-2
1454188735808696,0,-3,-3,-11,-4,-4,1,-1
1454188735808696,1,-2,-1,9,-4,1,0,0
1454188735821705,-3,-2,-1,0,4,1,2,-3
1454188735821705,2,0,-1,0,0,0,-1,0
1454188735823705,-2,-1,-1,-4,3,1,-2,-3
1454188735823705,-1,-2,-3,-9,-5,-3,-3,-1
1454188735843684,8,0,0,-4,-12,-3,-2,3
1454188735843684,-8,-2,1,11,7,0,-1,-1
1454188735845665,-5,0,0,-1,-4,-1,-2,-3
1454188735845665,0,1,-2,0,0,2,1,1
1454188735866791,-2,-1,-1,0,6,1,-2,-1
1454188735866791,4,0,-2,-8,-8,-5,-1,0
1454188735868746,-2,-1,-1,1,-2,0,0,0
1454188735868746,-3,-1,0,0,1,-1,-1,-1
1454188735880799,3,0,2,4,1,0,1,1
1454188735880799,2,-1,0,-2,0,1,0,0
1454188735887768,-1,-2,-2,2,-1,-1,-1,-3
1454188735887768,-3,-2,-2,-3,-4,-3,-2,-1
1454188735903865,-1,-1,-4,-4,-1,-3,-1,-2
1454188735903865,-7,-1,-1,-1,0,2,-1,-2
1454188735905814,2,0,-3,3,2,-2,-1,0
1454188735905814,-1,0,0,-3,1,1,-1,-1
1454188735926846,-4,-2,0,-4,-1,-2,-2,0
1454188735926846,0,-2,-1,-1,-2,-1,-3,-2
1454188735927829,1,2,-1,-3,-14,-5,-2,-1
1454188735927829,0,0,1,5,3,1,0,0
1454188735940854,-2,0,-4,-9,-6,-3,-3,0
1454188735940854,-5,-1,1,-1,2,1,-2,-4
1454188735948223,1,-3,0,5,9,3,-1,-1
1454188735948223,-1,0,0,2,1,-1,0,-1
1454188735964291,-4,-2,-2,1,-4,-1,-2,-1
1454188735964291,3,0,-1,-4,-3,-3,0,1
1454188735966261,-4,0,-3,-2,-2,0,-1,1
1454188735966261,-1,-1,-3,-11,1,-5,-2,-2
1454188735986271,2,-1,-2,8,-3,1,0,-2
1454188735986271,0,-1,0,5,-1,-1,1,1
1454188735988253,1,-1,-1,-5,-2,0,0,-1
1454188735988253,-1,-3,-4,-2,-2,-1,0,1
1454188736001263,0,-1,-1,-5,4,-1,-2,0
1454188736001263,-2,-1,-3,1,-2,0,-1,-3
1454188736008278,0,0,0,-1,0,2,-1,1
1454188736008278,1,0,-1,-3,-9,-5,0,1
1454188736024281,-1,-1,2,7,2,4,-1,0
1454188736024281,1,0,-1,0,3,2,-1,0
1454188736025294,0,-2,-1,-8,-5,-3,-2,0
1454188736025294,-2,-3,0,-1,7,3,-3,-3
1454188736046421,-2,-3,-3,-2,-12,-9,0,-2
1454188736046421,-6,1,0,0,0,-1,-1,-2
1454188736048369,1,0,-3,9,13,5,1,1
1454188736048369,-1,-2,-2,-4,-5,-2,-1,-2
1454188736061378,-1,0,0,-2,-4,-3,-1,-2
1454188736061378,1,-3,-1,-2,-4,-1,-1,0
1454188736067444,-5,-1,-1,-6,-6,-5,0,-2
1454188736067444,-1,-1,-2,3,-4,0,1,-1
1454188736084457,-3,0,-2,-1,1,-2,0,0
1454188736084457,1,-3,-3,-8,-12,-5,-3,0
1454188736085458,-2,-1,1,7,8,-1,-1,0
1454188736085458,0,-1,-1,2,7,5,2,1
1454188736106512,-5,-1,-1,0,-1,-1,-1,-3
1454188736106512,3,-1,-1,-8,-3,-3,0,1
1454188736108472,-1,-1,0,5,-3,-2,0,-4
1454188736108472,0,0,-1,0,-3,-2,-2,0
1454188736121484,0,-2,-1,-3,2,-2,0,-3
1454188736121484,-3,-2,-1,2,3,1,0,-2
1454188736127528,2,-1,-3,-12,-8,-2,-3,0
1454188736127528,-2,0,1,8,-1,-2,-2,-2
1454188736144546,-1,-1,0,2,4,1,0,0
1454188736144546,-3,-2,-1,-3,-2,-2,0,-2
1454188736145485,1,0,2,3,4,3,1,2
1454188736145485,1,-2,-2,-6,-3,-3,-2,-1
1454188736166558,-1,-1,-1,-6,-2,0,-3,-3
1454188736166558,3,0,-2,1,1,-1,-1,-1
1454188736168530,-4,-3,-1,-4,-7,-4,0,0
1454188736168530,-2,0,0,-1,1,-1,0,-1
1454188736180567,3,0,-3,-3,-5,-2,1,3
1454188736180567,1,0,0,0,5,2,1,1
1454188736189534,-15,-2,-2,5,-1,0,-2,-5
1454188736189534,-1,-1,0,3,0,-1,0,-1
1454188736204581,1,-1,-1,-3,2,0,-1,-2
1454188736204581,2,-1,-2,0,-2,-1,-1,0
1454188736205546,6,1,-1,-4,0,-1,-1,0
1454188736205546,-3,-1,-3,1,-6,-1,0,0
1454188736226597,-3,-2,-1,-3,-4,-2,-2,-2
1454188736226597,-3,-1,-3,-3,-3,-3,0,-1
1454188736228580,1,-2,0,2,8,2,-2,-2
1454188736228580,-4,1,-2,-2,-1,-1,-1,-2
1454188736240608,0,-2,-1,-1,0,-1,-1,-1
1454188736240608,-1,-2,-1,-2,0,-1,-1,1
1454188736249577,0,-2,-1,-5,-10,-2,-2,-1
1454188736249577,1,1,-1,-2,-6,-4,-2,-1
1454188736264570,-3,0,-1,0,-5,1,-1,-5
1454188736264570,-4,1,0,0,1,1,1,-1
1454188736265569,0,-1,-2,1,5,0,0,-1
1454188736265569,3,-2,-1,-2,1,-2,-1,0
1454188736286604,-8,-2,1,-4,0,-1,0,-2
1454188736286604,4,-2,0,1,-2,1,-1,1
1454188736288605,-1,-1,-2,-3,-7,-2,-2,1
1454188736288605,-9,-3,0,-10,3,-3,-2,-1
1454188736300649,4,0,2,13,6,8,0,1
1454188736300649,-8,-1,-1,2,4,-1,-1,-3
1454188736309656,3,-1,-1,1,6,-1,0,0
1454188736309656,-4,-3,-5,-3,-8,-1,-2,-1
1454188736323630,-3,-3,-2,-8,-9,-5,-1,-1
1454188736323630,3,-1,-3,1,5,1,-1,0
1454188736325613,-2,-1,0,-1,-5,-1,-2,2
1454188736325613,-1,-1,-2,-4,0,-2,-3,-2
1454188736346696,1,2,0,-2,-3,-6,-1,0
1454188736346696,5,0,0,5,-2,-2,1,0
1454188736348697,-12,-2,-3,-5,-5,-2,-3,-4
1454188736348697,2,-3,1,-2,2,3,1,0
1454188736360744,-1,-2,-1,2,2,1,-1,0
1454188736360744,1,-1,-3,-5,-4,-1,-1,0
1454188736369748,1,-2,-1,-1,-2,-1,0,0
1454188736369748,-2,-3,-2,2,1,1,-1,-2
1454188736391763,0,-1,-2,1,-3,-2,0,1
1454188736391763,-4,-2,1,6,1,-2,1,-2
1454188736393724,2,2,-1,-5,-3,2,0,1
1454188736393724,1,0,-1,-2,-1,-1,-1,-1
1454188736406738,-5,-1,0,-5,0,-5,-2,-1
1454188736406738,-4,-1,-1,-2,0,-2,-1,0
1454188736408723,2,1,0,3,-1,-3,-1,-3
1454188736408723,0,-1,-4,-4,-3,-2,-3,-2
1454188736428754,1,-2,-1,-1,3,0,-2,-1
1454188736428754,-3,-2,-2,-1,-2,-2,-3,-2
1454188736430734,0,-1,0,1,-4,-2,-1,2
1454188736430734,1,2,1,0,-3,0,-1,0
1454188736443799,-6,-3,-2,0,3,0,-1,-4
1454188736443799,-3,-2,-1,-6,-7,-4,-1,-2
1454188736445762,5,-3,-1,-4,-5,-3,-1,-2
1454188736445762,0,-1,-5,-9,5,3,0,-1
1454188736466859,-6,-2,5,16,3,0,-2,-2
1454188736466859,3,0,1,4,3,0,-1,0
1454188736467860,-4,0,0,-1,0,-2,-1,-2
1454188736467860,3,1,-2,-3,-6,-1,-1,1
1454188736479902,-4,0,-1,-7,-1,6,0,-2
1454188736479902,-1,-1,0,-3,1,-3,-1,-1
1454188736488874,-7,-1,0,-2,-3,-2,1,-2
1454188736488874,1,-1,0,3,-2,-1,0,-1
1454188736503884,6,-1,-3,-2,-1,-1,-2,0
1454188736503884,-5,-2,0,-1,-2,2,-2,-2
1454188736505876,-1,-1,-2,-7,-2,-1,-1,0
1454188736505876,1,0,2,4,-4,-1,-1,1
1454188736526936,-1,-3,0,1,11,1,0,0
1454188736526936,0,-2,-2,-11,-7,-1,-1,-2
1454188736527924,4,-1,1,11,3,1,0,3
1454188736527924,-6,-3,2,1,0,-1,-3,-3
1454188736539945,5,0,-3,1,-3,-3,-3,2
1454188736539945,0,0,-2,-6,-1,0,-2,0
1454188736548949,-1,-3,-2,-6,-1,-2,-2,-4
1454188736548949,1,0,1,2,-1,-1,1,1
1454188736563927,0,2,1,0,-2,-2,-1,1
1454188736563927,3,-1,-2,-1,4,2,0,1
1454188736565928,-5,-1,-4,0,-1,-3,-1,-2
1454188736565928,-5,-3,-3,-1,0,0,-1,-1
1454188736587026,-2,-1,-3,-7,-7,-4,-1,-2
1454188736587026,-3,-1,0,2,-3,-2,-2,-1
1454188736587972,2,1,1,-3,2,1,-1,2
1454188736587972,-2,-1,-2,2,-1,-1,-1,-1
1454188736600001,0,1,0,-3,-4,-2,1,0
1454188736600001,2,-1,0,-3,-1,0,0,-2
1454188736608988,1,-3,-1,-1,2,0,0,1
1454188736608988,-6,-1,-1,4,4,1,0,-2
1454188736624018,-4,-2,-5,-7,-1,-2,-2,-2
1454188736624018,2,0,-2,4,-1,-1,0,0
1454188736626019,-3,-1,4,1,-8,-4,-2,-3
1454188736626019,1,-1,-3,-6,-7,-3,-3,0
1454188736647112,2,-1,-2,2,-5,-1,-3,1
1454188736647112,-3,-1,0,-2,6,2,-1,1
1454188736648123,-3,-3,-2,-1,6,3,0,-2
1454188736648123,1,2,-1,5,-6,-3,0,1
1454188736669124,-1,-1,-1,-9,-5,-4,-1,-4
1454188736669124,-2,-1,-3,-3,1,-4,-2,-1
1454188736671144,2,1,1,6,2,4,2,-1
1454188736671144,-12,-3,0,-2,0,-1,-1,-5
1454188736684240,0,2,0,-1,1,0,-1,-1
1454188736684240,-3,-2,-2,1,-5,-2,-3,-2
1454188736686197,2,-2,-1,-9,-3,-4,-2,-2
1454188736686197,3,-1,0,10,10,1,2,0
1454188736706256,1,-1,-1,1,-4,0,-1,1
1454188736706256,0,-2,0,-1,0,3,1,0
1454188736708218,-2,-2,-5,-8,-7,-5,-2,-1
1454188736708218,-5,-1,-1,-6,-7,-3,-3,-3
1454188736729236,-3,-3,-2,0,-5,-1,-2,-1
1454188736729236,0,-1,3,6,1,-3,-1,-1
1454188736731221,1,-1,-1,3,8,3,0,1
1454188736731221,1,-2,-2,-2,2,0,-1,-2
1454188736744319,2,-1,-2,-1,-7,-5,0,0
1454188736744319,-2,-3,-1,-3,-6,-3,-2,0
1454188736746266,1,-1,1,3,6,-3,-1,1
1454188736746266,3,0,0,-3,-1,-1,-1,1
1454188736766385,-5,-2,-2,-2,1,1,-2,-2
1454188736766385,-1,0,-3,-7,-12,-4,-2,-2
1454188736768334,-1,0,-2,7,-2,-2,0,-2
1454188736768334,2,-1,2,4,9,2,-1,0
1454188736789348,1,-2,2,2,-1,-2,-1,2
1454188736789348,-11,-2,-3,1,-2,-4,-1,-3
1454188736790362,-1,-2,-1,-8,-8,-1,-2,0
1454188736790362,0,-1,-2,-6,-7,-1,-2,-1
1454188736803411,2,0,-1,-5,3,0,0,-2
1454188736803411,-4,0,0,6,5,-1,-2,-2
1454188736810416,-1,-1,0,1,-6,-1,0,1
1454188736810416,0,-1,-1,-5,-7,-2,0,0
1454188736826387,-3,0,-2,3,0,-3,1,-1
1454188736826387,7,-1,-3,-4,-1,-1,-1,0
1454188736828388,0,0,-2,-5,0,0,0,-5
1454188736828388,-4,-3,-1,-7,-3,-2,-3,-1
1454188736849390,-1,-2,-3,4,2,1,-2,0
1454188736849390,0,-1,5,10,8,0,0,0
1454188736850391,0,-1,-1,-6,1,-1,0,0
1454188736850391,-4,0,-2,6,-3,-1,0,-2
1454188736863418,-3,0,0,-3,-3,-4,-3,-2
1454188736863418,1,-1,-4,-6,-5,-1,-2,0
1454188736870418,0,0,1,-4,-6,0,-1,-1
1454188736870418,-1,1,0,0,-2,-1,0,1
1454188736886429,-1,-3,0,1,9,2,1,0
1454188736886429,0,-1,-2,-2,-3,1,0,0
1454188736888426,0,-2,-5,0,2,-3,-2,-2
1454188736888426,-1,-1,-2,-3,-6,-3,-2,-1
1454188736909446,-6,-1,-1,-1,-4,0,-2,-3
1454188736909446,3,-1,0,0,7,3,0,0
1454188736910431,0,0,-2,-4,-15,-6,-1,-1
1454188736910431,1,-1,-1,-5,0,1,-1,-1
1454188736923461,1,0,-1,-2,3,-2,0,-1
1454188736923461,-2,0,1,-1,3,2,-1,-1
1454188736930574,-6,-1,-2,4,0,-3,-3,-1
1454188736930574,5,-1,-2,-3,-5,-1,-1,0
1454188736946608,-3,-1,-1,-2,4,2,0,-1
1454188736946608,1,0,-2,1,-7,-1,-2,-2
1454188736948558,1,-1,1,2,2,1,-2,1
1454188736948558,0,-2,-3,-2,2,-3,0,-1
1454188736969563,-7,-2,-3,-6,-7,0,0,-1
1454188736969563,1,-2,-1,-3,-6,-5,-1,-2
1454188736970565,-2,-1,-2,2,3,3,0,-1
1454188736970565,1,-1,-1,1,4,0,-1,-2
1454188736983589,2,-2,-1,0,-1,-2,-1,-1
1454188736983589,-2,-1,-2,-1,-5,-3,0,0
1454188736990593,-2,-1,1,0,2,3,1,0
1454188736990593,-2,-1,-1,-2,5,1,-1,-2
1454188737006604,1,0,1,6,4,-4,1,-1
1454188737006604,2,-1,-2,-8,-17,-2,-1,1
1454188737008590,0,-1,-2,-2,7,0,-2,-2
1454188737008590,0,-1,0,2,5,1,-1,0
1454188737029604,0,-1,-3,-1,-1,-1,-2,0
1454188737029604,-1,-2,-3,-10,-5,-1,-1,-4
1454188737030614,2,-1,0,9,3,0,-2,1
1454188737030614,-3,0,-2,4,-2,1,-1,-1
1454188737043633,1,-2,-2,-3,-4,-1,-2,-2
1454188737043633,-1,1,-1,1,0,0,0,0
1454188737050636,0,1,-1,-6,-6,1,-1,-2
1454188737050636,-4,-1,0,-1,-2,-2,0,-2
1454188737066648,4,-1,-2,2,-2,-1,-2,-1
1454188737066648,-7,0,-3,-1,1,0,-2,0
1454188737068643,0,-1,-2,-1,-2,-3,-1,-2
1454188737068643,0,0,0,-2,-4,1,-2,0
1454188737089646,0,-1,-2,-5,-1,1,-2,-1
1454188737089646,1,0,-1,2,-4,-4,-2,-1
1454188737090649,-4,-2,1,6,7,1,0,-2
1454188737090649,-2,-1,1,0,7,-4,-2,-2
1454188737103656,2,0,-2,-4,-13,0,-1,-2
1454188737103656,0,-1,-3,-4,2,0,-2,-1
1454188737110673,-8,-2,-1,-9,-7,-4,0,0
1454188737110673,1,-3,-1,7,-3,0,-1,-2
1454188737126736,1,1,0,2,2,2,1,0
1454188737126736,-2,0,0,0,2,-2,-1,-1
1454188737128695,-3,-1,-3,0,-4,1,0,-2
1454188737128695,-1,-1,-4,-4,-1,0,-3,-1
1454188737149694,-2,-2,0,0,-5,-2,0,-1
1454188737149694,1,0,0,3,2,2,0,-1
1454188737150711,0,-1,-3,-5,-3,-3,-1,-1
1454188737150711,-2,-2,-1,-4,-3,1,0,-2
1454188737162760,0,-2,-5,-11,-1,0,-3,-1
1454188737162760,0,0,3,12,2,0,-1,1
1454188737171703,1,0,1,5,3,2,0,0
1454188737171703,-8,-3,-3,-4,-2,-1,0,-3
1454188737186778,0,-1,0,-9,-1,-4,-1,-2
1454188737186778,4,-2,-4,1,-1,3,-2,-2
1454188737188736,-1,-2,-2,-2,-8,-4,-1,-1
1454188737188736,1,1,0,-1,-5,-5,-1,0
1454188737208748,-5,-2,-2,0,3,2,0,-1
1454188737208748,0,-1,0,-6,-1,-1,0,-2
1454188737210733,-1,-2,-1,3,0,0,0,0
1454188737210733,-7,0,-4,-5,2,0,-2,0
1454188737222758,3,2,2,3,1,-2,1,0
1454188737222758,-2,0,0,1,1,-1,-1,0
1454188737231748,-5,-3,-2,-6,0,-1,-3,-3
1454188737231748,3,-1,2,-5,-7,-4,1,-1
1454188737246902,-4,-1,1,11,3,0,1,2
1454188737246902,0,-1,-2,-6,0,1,0,0
1454188737248840,0,1,-1,0,2,0,-3,-1
1454188737248840,0,0,-3,0,4,1,-1,0
1454188737268919,-1,-3,-2,-2,-6,-2,-2,-2
1454188737268919,-1,-1,-3,-3,-10,-4,0,-2
1454188737270860,1,0,-1,-9,4,1,0,0
1454188737270860,-3,-1,0,11,9,0,-2,-1
1454188737282928,0,0,2,3,3,3,-2,0
1454188737282928,-3,0,-2,-5,-4,-1,0,-1
1454188737291877,0,-2,-4,-9,-8,-5,-1,0
1454188737291877,3,0,1,1,2,2,-2,-2
1454188737306946,-4,0,0,4,8,-1,1,2
1454188737306946,2,-2,-1,-5,-2,-1,-1,-1
1454188737307881,0,-2,-2,1,-3,-1,-2,0
1454188737307881,0,-2,-3,1,-3,-2,0,-1
1454188737328961,-1,-1,-4,-6,-8,-5,-1,-2
1454188737328961,-2,-1,-1,1,4,0,0,-1
1454188737330898,1,1,1,3,9,2,0,1
1454188737330898,-1,0,0,0,-5,0,0,-2
1454188737342971,-1,-2,0,-5,-7,-5,-2,0
1454188737342971,-9,-1,-1,-2,-1,0,-2,-3
1454188737351914,-1,-1,-2,-5,-3,-1,-2,-1
1454188737351914,3,0,2,2,-2,-1,-1,0
1454188737366987,0,-1,-1,-3,-2,-2,-1,0
1454188737366987,-2,-1,0,-1,-2,-1,-2,-2
1454188737367928,0,-1,-3,-2,-1,3,0,-2
1454188737367928,-1,0,0,-2,3,-3,0,1
1454188737388965,-1,-1,-1,2,-2,3,-2,-2
1454188737388965,-2,0,-1,1,4,-1,0,2
1454188737390941,0,-1,-2,-3,-3,-1,0,-1
1454188737390941,0,-3,-4,-4,-6,-4,-2,-1
1454188737402972,-6,-1,-1,-4,0,-1,-1,-4
1454188737402972,-1,-1,-1,7,4,-1,-1,-1
1454188737411956,0,0,2,-3,0,-1,-1,0
1454188737411956,1,1,-1,-1,-6,-2,3,1
1454188737427125,0,-1,0,0,8,2,-1,0
1454188737427125,-10,-3,-1,4,-4,-1,-2,-4
1454188737428104,1,-1,-1,-1,-12,-9,-1,1
1454188737428104,-2,-2,-2,-3,1,-1,-2,-1
1454188737449180,0,-2,-1,-3,-3,-3,-2,-1
1454188737449180,1,1,-3,-4,2,1,0,1
1454188737451140,-5,-1,-1,3,4,-2,0,-2
1454188737451140,-5,-2,-2,-4,-12,0,0,-3
1454188737463195,0,1,0,1,-3,-3,1,0
1454188737463195,2,-3,-2,-5,-3,0,0,0
1454188737472137,-2,-1,1,1,3,0,-2,-1
1454188737472137,4,2,3,1,4,2,-1,2
1454188737486276,-5,0,-2,4,1,-1,0,-1
1454188737486276,0,-2,-1,0,-1,-4,-1,0
1454188737488265,1,-1,-4,-4,-5,-3,0,-1
1454188737488265,-3,-2,0,-2,-5,-3,1,-3
1454188737509341,1,-1,-1,0,1,-1,0,-1
1454188737509341,0,1,1,-4,-3,-1,0,0
1454188737510280,-3,-1,-1,9,2,1,-1,0
1454188737510280,2,-2,-5,-7,2,-1,0,1
1454188737523312,1,0,-2,-3,-8,-5,-2,-2
1454188737523312,-4,-2,-2,-1,3,0,0,1
1454188737532295,1,-1,-1,0,-1,-1,-2,-1
1454188737532295,-2,-2,-4,-5,-2,3,0,-1
1454188737546322,-1,1,-3,-5,-2,-1,-1,-2
1454188737546322,-1,-1,0,0,-1,-3,0,-2
1454188737548305,-3,-2,0,3,-2,-1,1,-3
1454188737548305,0,-2,-2,-1,4,0,-2,-1
1454188737569333,-2,-2,1,-2,3,1,0,-1
1454188737569333,4,-1,-2,-4,-1,0,-1,0
1454188737570334,-12,-2,-1,-4,-8,-3,1,-3
1454188737570334,2,-2,0,1,0,-2,-1,-3
1454188737592391,0,0,-1,-3,-8,-3,-1,-1
1454188737592391,0,-1,-2,-2,-5,-1,-2,0
1454188737597395,1,0,0,3,5,1,-1,-2
1454188737597395,1,-1,2,7,1,-1,-1,1
1454188737606488,-7,-1,-2,-1,-1,-2,1,1
1454188737606488,2,-1,0,-1,3,0,-1,-2
1454188737608449,1,1,-3,-6,-2,2,-1,1
1454188737608449,-2,-4,-2,-1,-2,-2,-2,0
1454188737629468,1,-2,-2,-2,-2,-3,-2,0
1454188737629468,1,-1,-2,-8,-8,-2,-1,-2
1454188737630461,-2,-2,4,8,7,5,0,0
1454188737630461,-1,1,0,4,4,-1,0,-1
1454188737651521,2,-1,-1,0,1,0,-1,0
1454188737651521,-3,0,-3,-1,-2,-1,-1,-1
1454188737653482,2,-1,-3,-5,-2,-3,-2,0
1454188737653482,-1,-1,-2,-10,-7,-2,-2,-1
1454188737666531,-5,-2,1,3,-2,-2,-1,-3
1454188737666531,-1,0,1,2,-1,1,-1,-2
1454188737668488,2,-3,-2,-3,9,5,-2,-1
1454188737668488,-2,-1,-3,2,-3,-4,-1,-2
1454188737689554,-2,-1,-1,-2,-1,2,-2,-1
1454188737689554,2,-2,-1,0,-1,-2,0,0
1454188737690494,-2,-1,-1,-3,-3,0,-1,-1
1454188737690494,-4,1,-3,-7,-3,0,-2,-3
1454188737711530,1,-1,-2,-1,3,-1,-2,-1
1454188737711530,-3,-1,1,8,1,-1,-1,-1
1454188737713509,-1,0,-1,-1,4,0,0,2
1454188737713509,0,0,1,-3,-6,0,1,-2
1454188737726532,0,0,0,-1,-2,1,0,-1
1454188737726532,-1,-1,-2,-6,1,0,-2,-2
1454188737732626,1,-2,-1,2,-6,-5,-1,-2
1454188737732626,-1,-2,-3,1,0,-1,-2,-1
1454188737749634,1,-2,-3,-3,-4,-3,-2,-1
1454188737749634,-3,-3,-2,-1,1,-1,-1,-1
1454188737750605,0,-1,0,-4,3,1,-1,-1
1454188737750605,-1,0,3,4,2,-2,1,3
1454188737771646,0,-2,-2,2,1,1,0,-2
1454188737771646,-4,0,-1,-5,-2,0,1,0
1454188737773620,0,-2,-1,-4,-10,-5,-2,-1
1454188737773620,-2,0,0,-2,-2,0,0,-2
1454188737785686,3,0,0,1,6,-1,-2,-1
1454188737785686,-3,-1,-3,-3,0,0,0,-2
1454188737792691,-3,-1,0,-1,-4,-2,1,-3
1454188737792691,3,1,2,5,4,0,-1,1
1454188737809676,-7,1,-2,0,-3,-1,-1,1
1454188737809676,3,0,-1,-2,1,-2,-3,-1
1454188737810646,-8,-1,-1,-6,-11,-4,-3,-3
1454188737810646,0,-4,-4,0,2,-1,-1,-4
1454188737831719,0,-2,0,1,0,-1,0,1
1454188737831719,1,-1,-1,1,-2,0,-2,-1
1454188737833675,2,1,-1,-5,-1,-2,0,1
1454188737833675,-2,-2,0,-5,0,1,-1,-1
1454188737845727,-4,1,2,7,1,1,-2,-3
1454188737845727,0,-1,-1,-1,0,2,1,-1
1454188737852783,1,-2,-3,-1,-2,-4,-1,0
1454188737852783,-3,-3,-2,-7,-6,-2,-1,-1
1454188737868765,-2,-1,-2,-9,-7,-3,-2,-1
1454188737868765,-2,-2,0,6,-3,-1,-2,-2
1454188737870738,1,0,1,4,7,-1,0,-1
1454188737870738,4,0,-3,-2,1,2,-2,0
1454188737891814,0,-2,-1,-3,-1,-1,0,1
1454188737891814,0,0,-2,-1,-5,-3,-1,0
1454188737893786,-1,0,-1,-5,-3,-1,1,-1
1454188737893786,-1,-1,-2,0,-3,-4,-2,0
1454188737905764,-2,-1,3,4,0,0,0,-2
1454188737905764,-1,-2,-1,-5,-2,-2,-1,-1
1454188737912921,1,-2,-1,2,0,1,0,0
1454188737912921,-2,-2,-1,-5,0,-2,0,1
1454188737928933,3,-2,1,5,-4,-1,0,-2
1454188737928933,-1,0,2,2,1,0,-1,0
1454188737930872,-3,1,-3,-5,1,2,-3,-2
1454188737930872,-4,-1,-1,-3,-2,0,0,-3
1454188737951919,1,-1,-5,-8,-4,0,0,0
1454188737951919,0,-1,1,1,-1,-5,1,1
1454188737952890,3,-1,-1,7,-3,-1,-2,0
1454188737952890,-3,1,0,0,-3,-1,-1,-2
1454188737965956,-2,-2,-3,-5,1,0,-3,0
1454188737965956,1,-1,-3,-3,-4,1,-1,-1
1454188737972941,-3,-3,-1,2,4,-3,-2,-3
1454188737972941,1,-1,-2,0,0,-1,0,-1
1454188737988954,-4,0,3,4,-4,0,1,-1
1454188737988954,0,-1,-2,0,9,-3,-1,0
1454188737990916,-8,-1,0,-3,-4,1,-2,-1
1454188737990916,-1,-3,0,-1,0,-2,-2,-1
1454188738011989,-1,-3,-4,-7,4,0,0,-1
1454188738011989,-2,0,-2,6,-10,0,-1,-2
1454188738012932,-1,-2,0,-2,-6,-3,1,0
1454188738012932,-3,1,0,0,4,1,-2,-1
1454188738025999,0,-1,-2,2,1,0,-2,-1
1454188738025999,-2,0,-1,-5,-5,-3,-2,-1
1454188738033070,4,0,-1,2,4,2,1,-1
1454188738033070,-3,-2,-1,0,0,-1,-2,0
1454188738057068,1,-2,-2,-7,-6,-2,0,0
1454188738057068,-2,-3,-1,-5,0,1,-1,-1
1454188738058030,0,0,-1,3,-6,-3,-2,-1
1454188738058030,-2,-1,-1,1,3,1,-1,-2
1454188738072067,3,1,1,3,10,3,1,-1
1454188738072067,-13,-1,0,-1,-4,-1,-1,-4
1454188738073040,-1,0,-1,-4,-4,-3,-1,-1
1454188738073040,4,-1,-2,-1,-6,-2,-2,-1
1454188738094112,1,0,-4,-5,-4,-2,1,-1
1454188738094112,0,-1,-1,1,0,0,-2,-3
1454188738095084,1,1,-2,-4,2,0,0,1
1454188738095084,-2,1,0,2,0,1,0,0
1454188738109096,0,-3,0,2,-3,-3,-1,0
1454188738109096,1,-1,-3,0,5,-3,1,-1
1454188738109096,-1,-2,1,0,0,5,0,-1
1454188738109096,0,0,-2,-3,-6,-4,0,-1
1454188738131228,-4,0,-5,-3,2,0,0,-1
1454188738131228,0,-1,-1,-2,-2,-1,-1,0
1454188738132177,-1,-3,-1,3,2,-4,-2,-1
1454188738132177,0,-1,1,3,8,4,0,-1
1454188738154308,-4,0,0,-4,-3,-2,-2,-3
1454188738154308,-2,-3,-2,-3,-5,-1,-1,-3
1454188738155334,-1,-1,-2,-4,-7,-2,-1,-1
1454188738155334,-1,-1,-3,-6,-7,-3,-2,-2
1454188738168373,-1,0,1,6,10,3,-1,-2
1454188738168373,2,0,-2,-1,-1,2,-1,1
1454188738169345,-1,-2,-2,3,-1,-2,-2,-1
1454188738169345,0,-1,-1,-3,-1,-4,-1,0
1454188738191368,-1,-1,-2,2,-4,-3,-1,1
1454188738191368,-5,-2,-1,-2,-3,-1,-3,0
1454188738191368,3,-1,0,0,3,-1,-2,1
1454188738191368,-3,-1,-1,-5,-3,3,-1,-1
1454188738213404,-3,-2,-1,-2,-2,0,-3,-2
1454188738213404,4,1,0,2,4,0,1,1
1454188738214378,-1,0,-2,-1,-2,-1,1,-2
1454188738214378,1,-2,-1,-3,-5,-3,-2,-2
1454188738228415,-2,-1,-2,-6,-4,-2,-1,-1
1454188738228415,-4,-2,0,6,5,1,2,-3
1454188738229389,0,-1,0,-2,-1,-2,-2,-1
1454188738229389,0,-1,0,0,-5,-1,-1,-1
1454188738251405,-4,-2,0,2,-11,-2,-2,0
1454188738251405,-2,-1,-3,-6,4,-2,0,0
1454188738251405,2,0,4,7,3,0,0,-1
1454188738251405,-2,-1,-3,-4,-4,0,-1,-1
1454188738273450,-2,0,-2,-3,-1,-6,-3,-3
1454188738273450,-1,-1,0,7,-1,0,-2,-1
1454188738274422,-1,-1,-1,-5,3,1,0,0
1454188738274422,-5,-2,-1,-1,0,2,0,-1
1454188738288407,-2,-1,-1,0,-5,-1,-2,-1
1454188738288407,1,0,0,-3,4,-2,0,0
1454188738289402,-2,-2,-4,-3,-8,0,-2,-3
1454188738289402,-3,1,0,-2,-1,-3,0,-1
1454188738311538,2,-2,-3,-6,-4,0,-2,-1
1454188738311538,1,-1,1,-2,-2,-2,-1,-1
1454188738311538,-2,0,-1,0,3,-1,-1,2
1454188738311538,-1,-1,-2,4,3,2,0,1
1454188738333579,0,0,1,0,0,2,0,0
1454188738333579,0,-1,-1,-3,-2,-2,-3,-1
1454188738334557,2,-3,-2,-6,-8,-1,-1,-1
1454188738334557,-5,-3,-2,1,6,-1,-1,-1
1454188738348567,-2,0,-2,-7,-6,-3,-2,-1
1454188738348567,0,1,1,9,0,4,1,1
1454188738349569,1,0,-1,-4,0,-3,0,0
1454188738349569,0,-2,-2,-1,-2,-2,-2,-2
1454188738370736,0,-3,0,3,9,1,1,-2
1454188738370736,-2,-3,-2,-7,-10,-4,-1,0
1454188738371684,-2,0,-2,1,4,1,-2,-2
1454188738371684,0,-1,1,-3,2,-2,-2,0
1454188738393753,-1,-2,-3,-7,-7,1,0,1
1454188738393753,-3,-2,3,2,-5,-2,-1,0
1454188738394697,-7,-1,-1,3,3,-2,0,-2
1454188738394697,0,0,-2,-2,-2,-1,0,0
1454188738408824,3,0,-1,-1,-1,-3,-4,-2
1454188738408824,3,0,-1,0,-1,-1,-1,-2
1454188738408824,-1,-1,0,-3,-3,0,-1,0
1454188738408824,-2,-1,-1,1,1,-3,-2,0
1454188738430897,0,1,-1,-4,2,1,2,1
1454188738430897,2,1,-2,7,2,0,-1,0
1454188738431868,-2,0,2,-1,3,1,-1,-3
1454188738431868,1,-1,-2,-9,-13,-3,0,-1
1454188738453894,-1,0,0,3,0,1,-1,1
1454188738453894,0,-2,-1,-5,4,0,-1,-2
1454188738453894,-1,-1,-2,0,-3,-1,0,-1
1454188738453894,2,1,1,4,2,1,-1,1
1454188738469007,1,3,-1,-3,-3,-1,-1,-2
1454188738469007,-4,-1,-2,-5,-3,0,-1,-3
1454188738469007,-3,-3,-3,-1,-4,-3,0,-1
1454188738469007,3,0,-1,0,3,-1,0,-1
1454188738491079,-8,-3,-2,-3,-2,-1,-2,-3
1454188738491079,0,-1,-1,-3,1,-1,-1,-1
1454188738492025,-4,0,0,-2,1,-2,-2,-1
1454188738492025,0,0,-1,1,-1,0,-1,0
1454188738513065,3,0,2,0,7,2,-1,0
1454188738513065,-3,0,-2,6,0,1,-1,-1
1454188738514060,0,-1,-1,-7,-6,-1,-2,0
1454188738514060,-2,-1,-2,2,0,-1,0,-2
1454188738529056,3,-2,-1,1,7,0,-1,-1
1454188738529056,-1,-1,-3,-8,-2,-5,-1,-2
1454188738529056,1,0,-1,0,-9,-3,0,-1
1454188738529056,-6,-2,-1,-2,1,1,-1,0
1454188738551122,3,-2,-1,2,-1,0,2,-1
1454188738551122,-1,-2,0,-4,-1,-1,-2,0
1454188738552067,0,-2,0,1,1,-1,-2,0
1454188738552067,-4,-1,-2,-6,-4,-2,-1,-3
1454188738573108,1,1,1,5,8,3,0,1
1454188738573108,-1,-1,0,2,1,-3,-1,-1
1454188738574119,0,-1,-2,-6,-10,-2,-1,-3
1454188738574119,-1,0,0,-6,-2,-2,-1,-2
1454188738588093,-2,-1,2,3,-4,-2,0,-1
1454188738588093,1,0,0,2,2,1,1,-1
1454188738589095,0,-1,0,-5,-1,1,-2,0
1454188738589095,-2,0,-2,6,-1,-2,-2,-1
1454188738611114,-5,-2,-3,0,-4,-3,-3,-2
1454188738611114,-2,-2,0,-6,-5,1,-1,2
1454188738612109,0,0,1,3,6,1,0,2
1454188738612109,2,1,-2,1,-2,-2,-1,0
1454188738633180,-9,-2,-2,-5,-5,-2,-2,-4
1454188738633180,0,0,0,-1,0,0,0,-2
1454188738634124,1,-3,-2,-4,-1,-1,-1,-3
1454188738634124,-1,-1,0,0,0,-2,0,0
1454188738648132,1,0,0,5,-5,-3,1,0
1454188738648132,-2,-1,-4,-2,-2,-2,-1,1
1454188738649134,-2,1,-1,0,2,1,1,-1
1454188738649134,1,-2,-1,0,6,0,-1,-2
1454188738671162,-1,-3,-1,-1,5,0,-2,-2
1454188738671162,-2,-1,0,1,-14,-4,-1,1
1454188738672149,0,-2,1,1,-1,0,-2,-1
1454188738672149,0,0,0,-5,-3,-2,0,0
1454188738693177,4,-1,-3,-3,-6,-2,1,1
1454188738693177,-1,2,-1,6,13,4,-2,-3
1454188738694178,-5,-1,-2,-1,-1,-1,0,-1
1454188738694178,-6,-1,0,-1,-8,0,-3,-2
1454188738708187,0,0,-2,-5,5,-2,0,0
1454188738708187,1,-1,-1,-4,-3,-1,-1,-1
1454188738709185,1,-1,-1,-1,-1,-6,-3,-1
1454188738709185,-1,-1,2,1,1,2,1,1
1454188738731203,-1,-3,-1,2,-1,0,1,0
1454188738731203,-1,-1,-2,-2,1,-1,-2,-2
1454188738731203,-2,0,1,2,3,2,1,0
1454188738731203,3,-2,-3,-4,-5,-3,-3,-2
1454188738753219,-1,0,-2,-1,-2,-1,-1,-1
1454188738753219,1,-1,0,-5,2,0,0,-2
1454188738754220,-3,1,-1,1,4,5,1,-2
1454188738754220,-2,0,-1,-5,-5,-6,-1,-1
1454188738767229,2,0,2,9,-2,0,-2,0
1454188738767229,-1,-1,-1,-5,1,0,-1,-1
1454188738776235,-1,-1,-3,7,6,-3,-1,-2
1454188738776235,-2,-1,0,3,-3,2,-2,-1
1454188738791246,0,-2,-3,-11,-8,-3,0,-1
1454188738791246,-1,-3,-3,-4,-4,-1,0,2
1454188738791246,-6,-3,-2,-6,-6,-1,-1,-2
1454188738791246,-1,-2,-3,3,4,-2,-2,-2
1454188738813261,-2,-1,1,0,1,1,0,0
1454188738813261,1,-1,1,0,-2,2,1,-2
1454188738814250,-1,0,-2,0,-2,-2,-1,-2
1454188738814250,1,1,-1,1,0,-1,1,0
1454188738827259,-7,-1,-2,-7,-2,-3,-2,-1
1454188738827259,-2,-2,-2,-3,-1,-1,-2,-1
1454188738836278,1,-1,0,-4,-4,-3,-3,-2
1454188738836278,-5,0,-2,-7,-8,-3,1,-1
1454188738851288,5,1,-1,4,5,2,0,0
1454188738851288,0,-1,1,12,6,0,0,0
1454188738851288,3,0,-1,-4,-1,-2,-2,0
1454188738851288,-3,0,-1,-6,1,4,-1,1
1454188738873303,-3,0,-4,0,-5,-2,0,-1
1454188738873303,-3,0,-2,-4,-14,-5,-4,-1
1454188738874304,4,-2,1,2,0,-1,-1,-1
1454188738874304,0,-1,-1,-1,6,1,0,-1
1454188738889320,1,0,-2,-5,-6,-4,-4,-1
1454188738889320,0,-1,-1,0,4,3,0,-1
1454188738896325,-3,1,-2,0,-4,-2,-1,-1
1454188738896325,-5,-1,1,5,5,-3,0,-2
1454188738911336,-1,0,0,1,0,0,0,-3
1454188738911336,-1,-1,-4,-4,-3,-1,-1,0
1454188738911336,5,-1,1,0,-3,-2,-1,0
1454188738911336,-3,-1,0,-3,-1,2,-1,-1
1454188738933346,-1,-2,0,-1,-2,-3,1,-1
1454188738933346,-1,-2,-2,-2,2,-1,-3,-1
1454188738934347,-2,-2,0,7,7,1,0,-1
1454188738934347,4,0,-1,-1,-7,-2,-1,1
1454188738947407,-3,-2,-1,-1,3,0,1,1
1454188738947407,0,-1,0,-6,-1,0,-2,-3
1454188738956410,-6,-3,-3,-5,-7,-5,-1,-2
1454188738956410,0,-3,1,6,-4,-3,1,0
1454188738970423,-1,0,1,-5,2,5,-2,-1
1454188738970423,-3,-3,-2,-2,-5,-3,0,0
1454188738971422,-2,-1,-1,-3,-6,-1,0,-1
1454188738971422,1,0,-2,-1,1,-1,-3,1
1454188738993451,-3,0,-3,2,2,-2,0,0
1454188738993451,-4,-1,1,0,2,1,0,0
1454188738994462,4,-1,-1,-2,0,0,-1,2
1454188738994462,-7,-4,-2,-6,-9,-3,-3,-3
1454188739007515,-2,-1,-1,-1,-4,-1,-1,-1
1454188739007515,1,0,1,1,9,1,1,-1
1454188739015521,0,-1,0,-1,0,0,-1,-1
1454188739015521,1,0,-1,11,7,0,-1,0
1454188739030622,1,0,-1,-10,-5,-3,-2,-2
1454188739030622,1,-1,-3,-1,-4,0,-1,-1
1454188739031597,-10,-1,-1,0,-3,-2,0,-4
1454188739031597,5,0,-3,-4,2,-2,0,-1
1454188739053583,-5,-2,1,3,2,-2,-1,-3
1454188739053583,1,1,-2,-4,-5,-1,2,0
1454188739054583,2,-1,-2,-3,0,1,-1,-1
1454188739054583,-4,0,2,3,3,2,1,1
1454188739067597,0,-2,-1,-2,-3,0,-3,0
1454188739067597,0,-3,-1,0,-2,-2,-1,-1
1454188739075604,-2,-1,-2,-2,-5,-5,-3,-2
1454188739075604,2,-2,-2,-7,-10,-1,-4,-2
1454188739090611,0,0,-1,1,3,-3,0,-1
1454188739090611,-8,-3,-1,-1,0,1,-2,-2
1454188739091612,4,-1,-1,1,1,-1,-1,0
1454188739091612,2,-1,3,9,3,1,0,-2
1454188739113704,0,-3,-4,-7,-5,-2,-1,0
1454188739113704,-2,1,-1,-4,-1,1,-1,-1
1454188739114706,-2,1,-3,1,-1,-2,0,1
1454188739114706,-5,-1,0,-6,0,-1,-1,-3
1454188739127771,3,-1,0,5,3,2,1,0
1454188739127771,3,-2,-2,-6,-8,-9,-3,0
1454188739135777,0,-3,0,0,-2,1,-1,0
1454188739135777,2,-2,0,3,1,-1,-2,1
1454188739150788,-1,-2,-2,-1,0,2,-3,-2
1454188739150788,-2,1,0,-1,0,-2,-1,0
1454188739151732,-3,-1,-1,-4,-4,0,-1,0
1454188739151732,-2,0,-2,-4,-5,-2,-1,-1
1454188739173769,2,-1,-1,2,0,0,-1,-1
1454188739173769,2,0,1,0,-5,-3,-2,-2
1454188739174749,-2,-2,-1,3,6,0,0,-3
1454188739174749,-1,0,-1,-8,-1,-1,0,-1
1454188739196820,-2,-2,-2,5,-4,-2,0,0
1454188739196820,-6,-1,1,1,-2,-1,0,-3
1454188739197768,1,-2,-1,-3,3,-1,0,-1
1454188739197768,2,0,-2,-3,1,2,1,-2
1454188739210830,1,0,-1,3,1,-2,-1,1
1454188739210830,-4,-2,-2,-1,-2,-1,-2,-2
1454188739211778,0,0,-1,-3,0,2,-1,-1
1454188739211778,1,-2,-1,-2,-2,-3,-2,-2
1454188739233846,0,1,2,0,-4,-2,-1,-3
1454188739233846,1,-3,-2,-1,-1,-2,-3,0
1454188739234790,-2,1,-1,-3,-1,0,1,0
1454188739234790,0,-3,-3,2,0,1,-1,-1
1454188739256807,-4,1,-2,0,3,1,-1,0
1454188739256807,2,-1,-4,-3,1,-4,-3,-1
1454188739257805,-5,-2,-2,-1,-8,-1,-1,-1
1454188739257805,-1,0,-2,0,-1,-2,-1,-1
1454188739270871,-5,-3,-1,0,1,-1,1,0
1454188739270871,1,-1,0,-7,-1,1,-2,-1
1454188739271817,-1,-3,-1,6,1,-1,0,-1
1454188739271817,1,-1,-1,2,1,0,-1,1
1454188739301865,-6,0,-2,-7,-4,-5,-1,-3
1454188739301865,1,0,-1,3,1,3,1,-1
1454188739302838,2,1,-1,2,-2,-3,-2,-1
1454188739302838,-1,-1,-1,-4,2,-2,-2,-1
1454188739315858,-2,-1,-1,-1,-2,-1,-2,-3
1454188739315858,0,-2,-2,-1,1,3,-1,-3
1454188739316871,-1,-1,-1,-4,-6,-4,-3,-2
1454188739316871,-5,-2,-1,0,-1,-2,0,-2
1454188739331035,-1,-2,0,-3,-2,1,1,-2
1454188739331035,-3,0,-2,-3,-1,-1,-1,-1
1454188739331982,-1,2,1,3,5,1,0,-1
1454188739331982,0,0,-5,-5,-2,-2,-2,-1
1454188739354003,-2,-2,1,-1,-6,-1,1,-1
1454188739354003,-4,-1,1,12,8,1,0,0
1454188739354003,1,-2,0,0,3,0,-1,1
1454188739354003,-1,-1,-3,-12,-9,-4,-4,-1
1454188739376021,-3,-3,-2,-4,-6,-1,-1,-2
1454188739376021,1,-2,1,-1,-2,-2,0,0
1454188739377014,-1,1,1,1,3,0,0,0
1454188739377014,-2,-2,0,11,3,-1,0,-1
1454188739391088,1,-1,-2,-8,-3,0,-2,0
1454188739391088,-2,-1,-1,0,-1,3,-1,-1
1454188739392086,-4,0,-2,-5,3,-4,0,-3
1454188739392086,-2,-2,0,-3,-9,-1,-2,-1
1454188739413122,3,0,0,2,2,0,-1,0
1454188739413122,1,0,-1,-3,-4,-6,-5,-2
1454188739414101,0,-2,0,1,5,1,0,-1
1454188739414101,3,-1,0,0,1,3,0,-1
1454188739436210,5,2,-2,1,1,1,-2,-1
1454188739436210,-18,-4,-3,-4,-4,-3,0,-6
1454188739443241,3,-1,-3,-5,-8,0,-2,0
1454188739443241,-8,0,-1,4,1,-2,-1,-3
1454188739451246,-3,-1,-1,-2,8,-2,0,1
1454188739451246,5,1,0,-1,-7,0,2,0
1454188739452190,-1,-1,-2,-2,-1,-2,-1,0
1454188739452190,1,-2,-2,2,-2,-3,-1,-2
1454188739473234,0,-3,-2,-2,-1,0,-2,-1
1454188739473234,0,0,-2,-1,2,-2,0,0
1454188739474210,-2,-1,2,0,-4,0,-1,-2
1454188739474210,1,1,2,-2,5,0,2,0
1454188739496279,-3,-3,-2,0,-8,-5,-3,-1
1454188739496279,2,-1,-2,1,1,-3,-1,1
1454188739497222,-1,-1,-2,-3,-11,1,-1,-1
1454188739497222,-5,-1,2,-2,2,-2,-1,-1
1454188739511290,3,1,0,-1,0,1,-2,-2
1454188739511290,-1,-1,0,2,-1,-4,0,0
1454188739512233,-2,0,-2,2,2,0,-1,-3
1454188739512233,8,-1,-2,-3,-2,-3,-2,2
1454188739533306,-9,-1,0,-3,-9,-1,-1,-3
1454188739533306,-2,-1,-1,2,6,2,-1,-2
1454188739534249,2,-3,0,-7,1,-1,0,0
1454188739534249,-1,-1,0,6,-3,-3,0,1
1454188739556292,4,-1,0,2,0,-1,0,2
1454188739556292,1,0,-1,-6,0,-1,-1,-1
1454188739557264,-5,-2,-3,3,-4,1,-1,0
1454188739557264,3,1,-1,-8,0,-1,-1,-2
1454188739571330,0,-2,-1,5,-1,-1,-1,-2
1454188739571330,-2,1,0,1,0,-1,-2,-2
1454188739571330,0,-2,-2,0,0,-2,-2,-1
1454188739571330,-1,0,0,-3,-3,2,0,-2
1454188739593348,-2,-2,-1,-2,8,0,-1,-1
1454188739593348,-4,-1,-2,0,-5,1,-1,-3
1454188739594298,3,-1,-3,-3,-2,-1,-1,0
1454188739594298,-5,-3,-3,-3,-2,0,-3,0
1454188739616363,0,0,1,2,0,-4,0,-1
1454188739616363,3,0,0,0,-3,0,1,0
1454188739617307,3,0,-2,-7,1,-2,-1,0
1454188739617307,-5,-2,0,6,2,-1,0,-2
1454188739631361,2,-3,-3,-7,-5,-2,-2,0
1454188739631361,-7,0,-1,-5,-2,-1,-2,-4
1454188739631361,-3,-1,0,5,0,0,-1,-1
1454188739631361,-3,-1,-2,-1,-1,-1,-1,-1
1454188739653389,2,1,2,-3,4,0,0,0
1454188739653389,5,0,-1,1,-4,-3,-2,1
1454188739654361,0,0,-2,-2,-3,0,-1,-2
1454188739654361,-1,-2,-1,-2,1,-1,0,-1
1454188739676404,1,1,-2,4,2,0,-1,-1
1454188739676404,-3,-2,-2,-2,2,0,-2,-2
1454188739676404,-1,-1,-3,-6,-4,-2,0,-3
1454188739676404,0,0,-1,-1,-3,-2,-1,-1
1454188739691358,-5,0,-1,3,-5,1,0,-1
1454188739691358,1,1,-1,0,4,4,1,-1
1454188739691358,1,0,-3,1,3,-5,-2,1
1454188739691358,-10,-1,-3,-9,-6,-1,-1,-5
1454188739713432,2,-1,0,4,-1,0,0,1
1454188739713432,5,-1,0,3,-1,-1,-2,-1
1454188739714405,-9,-2,-1,-2,-2,-1,0,-1
1454188739714405,-2,-2,-2,-8,1,0,-1,-1
1454188739736395,-4,-1,-1,0,2,-4,-1,-2
1454188739736395,2,0,0,-1,-12,-5,-1,0
1454188739736395,4,0,0,-2,0,1,1,0
1454188739736395,3,-1,-1,-2,1,-1,-3,1
1454188739750539,-5,-3,0,-1,3,2,-3,-1
1454188739750539,0,0,-1,-4,-5,-3,-2,-1
1454188739758538,-2,-1,-2,-2,-5,-2,-2,-3
1454188739758538,-1,-1,-1,3,2,2,0,-2
1454188739773536,1,1,0,-1,0,-3,-2,-2
1454188739773536,-1,-1,-2,2,0,-3,-2,-1
1454188739774537,0,0,-1,-4,-3,2,-2,-1
1454188739774537,3,1,1,5,8,2,0,3
1454188739795572,4,-2,-4,-6,-7,-4,-1,-3
1454188739795572,-17,-4,-1,-4,0,0,-1,-3
1454188739796556,-3,-2,-1,6,-5,-2,0,-1
1454188739796556,1,1,-1,2,-2,-3,0,1
1454188739810657,2,0,0,-5,-2,-2,-3,-1
1454188739810657,2,-1,-3,-5,-3,-1,-2,-1
1454188739811650,0,-1,2,4,7,-2,-1,-2
1454188739811650,0,0,-2,-1,-4,-1,-2,-1
1454188739833752,-6,-2,-2,-2,-1,-2,-2,-3
1454188739833752,3,-2,-2,-2,9,1,-2,2
1454188739834721,-4,-1,-1,-6,-10,-2,-2,-2
1454188739834721,2,-1,-1,-3,-10,-2,-2,-2
1454188739855730,-3,-1,-2,0,1,1,0,0
1454188739855730,2,0,-2,1,-2,-2,-1,-2
1454188739856743,1,0,1,1,5,2,0,-1
1454188739856743,-2,-1,-2,1,3,-2,-3,-2
1454188739870759,-3,0,-2,-5,-5,1,1,-1
1454188739870759,-2,-1,0,-4,1,0,1,0
1454188739871753,1,-2,0,6,3,0,0,-1
1454188739871753,1,0,-2,0,-4,-3,-2,-1
1454188739893808,-2,-1,-1,-4,-1,-2,-2,-1
1454188739893808,-12,-3,0,-1,-8,-2,-2,-5
1454188739894809,-2,0,-1,0,6,-1,-2,-1
1454188739894809,-5,-2,-1,-3,1,1,-2,-1
1454188739915828,1,0,-2,6,-5,-1,0,0
1454188739915828,2,0,0,1,0,-1,0,1
1454188739916825,1,-1,-2,-5,-4,0,-1,-1
1454188739916825,-2,0,-2,-2,-4,-2,-1,-1
1454188739930937,-4,-2,-1,2,-4,-1,-1,-2
1454188739930937,6,0,-1,1,8,1,-2,0
1454188739938960,-2,1,-1,-3,-6,-2,-2,0
1454188739938960,-2,-2,1,2,2,2,1,0
1454188739953921,1,0,-2,-2,0,-3,0,-1
1454188739953921,1,0,-1,-3,-4,-2,-1,-1
1454188739953921,1,0,-4,-3,-1,-3,-3,1
1454188739953921,-6,-2,3,7,-1,-1,-1,-3
1454188739975949,1,-1,0,-2,5,2,0,-1
1454188739975949,-5,-1,-3,0,-2,0,-1,-3
1454188739976941,0,-2,-4,-7,-4,-1,0,-1
1454188739976941,2,1,-3,-7,-4,-3,-2,1
1454188739989958,-2,-2,2,2,4,2,-2,-2
1454188739989958,3,-1,0,0,4,-1,1,-1
1454188739998965,-2,-1,0,0,0,1,-2,-2
1454188739998965,2,-1,-2,-4,-3,-2,-1,0
1454188740013536,0,1,-1,-3,1,-2,-1,0
1454188740013536,2,0,-2,-1,-5,-3,-1,1
1454188740014475,-5,-1,0,0,1,-1,-1,-1
1454188740014475,-1,-1,-1,-4,-2,-1,0,-1
1454188740036296,-5,-1,-1,-3,-4,-5,0,-1
1454188740036296,-3,0,1,4,6,0,1,-1
1454188740036799,-3,-2,-1,3,6,0,-2,-1
1454188740036799,-2,-1,-1,-4,-8,0,-1,-1
1454188740049864,-1,-1,-3,-4,-7,-1,-2,0
1454188740049864,0,-1,-2,-10,-6,-3,-2,-1
1454188740058903,6,-1,5,13,7,2,0,0
1454188740058903,-5,0,0,2,5,-2,0,-1
1454188740073946,0,-2,-2,-1,-10,-3,-1,-2
1454188740073946,2,-2,-2,-3,-1,-2,-1,0
1454188740073946,-5,-2,0,-8,0,-2,-3,-3
1454188740073946,1,-2,0,-4,-5,0,-1,-2
1454188740095989,-2,0,-1,4,1,-1,-2,1
1454188740095989,6,-1,-1,-3,6,0,1,1
1454188740096931,-2,-2,0,4,-7,-1,-2,0
1454188740096931,-2,0,-1,0,-2,1,-1,-3
1454188740109997,-1,-2,1,-2,8,-1,-1,-1
1454188740109997,0,-1,0,-1,-4,0,-1,0
1454188740118977,-4,-1,-3,-5,-3,-3,1,0
1454188740118977,3,-1,-1,2,3,-2,-1,0
1454188740133988,-4,-1,-3,-9,-10,-1,-2,0
1454188740133988,-1,-1,-2,3,-1,-3,-1,-1
1454188740133988,-1,1,-1,6,3,1,0,1
1454188740133988,-2,0,0,-1,4,2,-1,1
1454188740155975,7,-1,-1,1,4,1,0,-2
1454188740155975,-3,-2,-2,-3,2,2,-1,-2
1454188740156974,1,-1,0,-5,-7,-6,-1,-1
1454188740156974,3,-1,-3,-4,-10,-5,-1,0
1454188740170017,-4,-1,-3,-5,0,0,-1,-3
1454188740170017,-6,0,2,8,0,-3,-1,-2
1454188740178992,3,0,-1,4,5,1,2,-1
1454188740178992,1,1,0,1,-1,2,-1,-2
1454188740194030,-1,0,0,-1,5,0,1,-1
1454188740194030,-2,-1,0,-4,-5,-2,-2,-1
1454188740194030,-4,-2,-3,-6,-7,-3,0,0
1454188740194030,0,-3,0,0,-2,-3,-1,0
1454188740216072,1,-2,-2,3,2,2,-2,-2
1454188740216072,-1,1,2,-2,-1,0,1,1
1454188740217046,-1,0,0,7,-3,-2,-1,0
1454188740217046,-1,-2,-1,-4,-3,-1,-1,-2
1454188740230026,1,1,-1,-3,-5,-1,-1,0
1454188740230026,-5,-4,1,3,-1,2,1,-1
1454188740238085,-3,-2,-3,-8,-3,0,-4,-1
1454188740238085,-2,-1,-1,2,3,-1,-1,-2
1454188740253097,-3,-1,-2,-2,-4,-4,-2,-2
1454188740253097,3,1,-1,-2,4,-1,-1,0
1454188740254056,0,1,-1,-2,-3,-4,0,-2
1454188740254056,-6,0,1,4,-1,0,-1,-2
1454188740276156,-3,1,-1,0,7,2,-2,1
1454188740276156,-1,-1,-2,-4,-3,-1,-1,-1
1454188740277152,1,-2,-2,-2,2,1,0,-1
1454188740277152,0,-1,-1,-4,-4,-2,-2,-3
1454188740299170,0,-1,0,1,-2,-3,1,-2
1454188740299170,-4,-2,-2,-1,-6,-1,-2,-1
1454188740300172,1,-2,1,0,5,3,0,0
1454188740300172,3,0,1,-2,1,0,0,-1
1454188740313181,-8,-2,-1,6,-3,-1,-1,-2
1454188740313181,-9,-2,-2,-4,-1,0,-1,-3
1454188740314163,-1,-1,0,-6,-2,0,-1,-2
1454188740314163,2,-1,-2,0,6,-1,0,1
1454188740336196,-3,-1,0,-1,-8,0,0,0
1454188740336196,2,-1,-3,-3,-7,-2,-2,-2
1454188740337189,-1,0,-2,-4,-3,0,-2,0
1454188740337189,-2,-1,-3,5,4,0,0,0
1454188740359213,6,-1,3,1,4,0,-1,-1
1454188740359213,0,3,-1,0,0,2,-2,0
1454188740360215,-6,-1,2,2,-1,-3,-2,-2
1454188740360215,0,-2,-3,-5,-6,-1,-1,-2
1454188740373298,-2,-2,-1,2,2,2,-2,-2
1454188740373298,2,-2,-3,-7,-8,-5,-2,0
1454188740374242,1,0,2,-4,-5,2,0,0
1454188740374242,-1,0,0,12,14,-1,-1,0
1454188740396260,0,0,-1,-4,-4,0,0,-1
1454188740396260,0,0,-1,-4,-1,-1,-2,-2
1454188740396260,-1,-1,-2,-6,-5,-1,-2,-1
1454188740396260,-10,-4,-2,-5,-5,-2,0,-1
1454188740418276,-11,-3,-2,0,7,-1,-1,-2
1454188740418276,1,0,0,-3,-12,-3,-1,0
1454188740419274,-1,-1,-3,5,4,-3,-1,-2
1454188740419274,3,0,0,0,1,1,-1,2
1454188740433376,1,0,-3,-1,0,-3,-2,-1
1454188740433376,-5,-3,0,1,5,1,0,-1
1454188740434321,4,1,2,-4,-5,-3,-2,0
1454188740434321,-6,-1,-1,-7,-6,-2,-2,-4
1454188740456436,0,-2,-3,-4,-8,-3,-3,-1
1454188740456436,1,1,0,3,2,1,0,-3
1454188740456436,1,-2,-3,0,2,3,-1,0
1454188740456436,1,0,0,-3,0,-1,-1,0
1454188740478570,1,-1,2,5,-9,-2,-1,0
1454188740478570,-3,-2,-2,0,2,-2,-1,0
1454188740479551,-2,-1,-3,-4,0,0,-1,-1
1454188740479551,-2,-2,-1,-2,-3,-3,1,-1
1454188740493588,1,-1,0,-7,-3,-2,-1,0
1454188740493588,-1,-1,-1,4,1,-1,0,-2
1454188740494587,-2,-1,-1,4,2,-1,-2,-2
1454188740494587,-2,-2,-2,-7,-3,-1,-1,-1
1454188740515645,4,-1,-4,-3,-8,-2,-2,-1
1454188740515645,-3,0,2,2,3,1,-1,-1
1454188740516587,0,-1,-1,-2,-4,-2,-1,-1
1454188740516587,2,-1,-1,0,-1,-2,0,-2
1454188740538676,-4,0,-2,-1,1,-1,0,-1
1454188740538676,5,-1,-2,0,3,-1,-1,1
1454188740539676,-13,-2,-1,0,-1,1,0,-3
1454188740539676,3,-1,-1,1,-1,-2,-1,1
1454188740553777,3,0,-1,-4,4,2,-1,0
1454188740553777,-1,-1,-1,-2,-5,-2,-1,-1
1454188740554763,5,1,-1,7,-1,-1,1,0
1454188740554763,-4,-2,-1,-3,-3,0,0,-2
1454188740575760,-2,-1,-1,-4,-2,-2,-1,-1
1454188740575760,2,-1,0,-3,-3,0,-2,-1
1454188740576740,2,-2,-3,-2,-7,-4,-1,-1
1454188740576740,-1,-1,0,1,2,4,-1,-2
1454188740606866,-1,-1,1,-2,-1,-1,-1,-2
1454188740606866,-3,-3,-1,3,0,-2,-3,-2
1454188740607812,0,0,0,-1,4,-1,-3,-1
1454188740607812,-3,1,-1,-2,0,0,-1,-1
1454188740613815,2,-1,-2,-2,-10,-2,0,-1
1454188740613815,-1,-2,-2,-3,3,2,-1,0
1454188740613815,-2,-2,-1,-3,-3,-1,-2,-2
1454188740613815,2,0,-1,1,-3,-1,-1,0
1454188740635851,-2,0,0,-1,0,-3,0,0
1454188740635851,-2,-1,-1,1,1,1,2,-1
1454188740636851,0,-1,-2,-4,-6,-2,-1,-1
1454188740636851,4,-2,-4,-7,3,0,-2,1
1454188740658848,-7,1,0,10,2,-1,-2,-2
1454188740658848,1,1,-2,-5,-7,-4,-3,-1
1454188740658848,-1,-1,5,3,6,1,1,-1
1454188740658848,-3,-2,-1,0,-6,-5,0,-2
1454188740673859,4,-3,0,-2,1,-1,-1,1
1454188740673859,1,-1,-2,0,-1,1,-2,0
1454188740673859,-1,0,-3,-8,2,2,-3,-1
1454188740673859,-2,-1,-1,-2,-3,-1,-3,0
1454188740695893,2,-1,-3,-3,-10,-4,0,-1
1454188740695893,-2,0,1,6,12,0,1,-1
1454188740696893,-1,-1,-1,0,-2,0,0,-2
1454188740696893,-2,0,1,3,-2,0,-2,-1
1454188740718900,-2,-2,-1,-3,2,3,-1,-1
1454188740718900,-1,-1,-1,-6,-7,-2,-1,-2
1454188740718900,1,-3,-2,1,0,1,-1,-1
1454188740718900,-4,-2,-2,-2,-2,1,1,-4
1454188740733961,-4,-1,-1,-3,2,-3,-1,-1
1454188740733961,2,0,-1,1,-4,-3,-1,-2
1454188740733961,-1,0,0,2,5,-1,0,0
1454188740733961,1,0,0,4,0,-2,-1,-2
1454188740756078,-9,-4,-1,-2,0,0,-3,-2
1454188740756078,-1,-2,-3,-6,-6,-3,-2,-1
1454188740757076,2,1,-1,-7,-9,-2,-1,0
1454188740757076,1,-1,1,3,12,4,-1,-1
1454188740778090,3,1,1,4,5,0,2,2
1454188740778090,-4,-2,-1,-3,-6,-1,-2,-1
1454188740779081,-1,-2,-2,0,-1,-1,-2,-1
1454188740779081,-2,-1,-1,-4,-3,-5,-1,-1
1454188740793100,2,-1,-4,-3,-8,-2,-2,-1
1454188740793100,4,-1,1,2,-1,-1,-1,2
1454188740794091,-6,-2,-4,-4,0,1,0,-1
1454188740794091,0,-1,-1,-1,2,2,-4,-1
1454188740816153,0,0,1,2,5,1,2,0
1454188740816153,-2,-3,-3,-6,-8,-4,-1,0
1454188740817154,0,-1,-2,-9,-3,-2,-3,-3
1454188740817154,-4,-1,1,14,-1,-1,-2,-2
1454188740838112,2,0,-1,-1,-2,1,1,0
1454188740838112,0,-1,-3,-2,-1,1,2,1
1454188740839743,-1,-1,-1,-2,1,-1,1,1
1454188740839743,-2,-2,-6,-12,-8,-7,-3,-3
1454188740853804,0,-1,1,4,3,1,-2,0
1454188740853804,-5,0,1,4,6,3,-1,-1
1454188740854816,4,0,-3,-6,-4,-3,-1,1
1454188740854816,-1,-1,-3,-1,-5,-1,-2,-1
1454188740875821,-2,0,-2,-2,-4,-5,-2,-2
1454188740875821,-1,-1,0,0,7,3,1,0
1454188740876838,-2,-2,-1,3,0,-1,-2,1
1454188740876838,-2,0,0,-4,-12,-2,-1,0
1454188740898846,2,-2,0,-2,3,0,-1,0
1454188740898846,-3,0,1,0,-6,1,0,-3
1454188740898846,-3,0,-2,0,3,-2,-1,-3
1454188740898846,1,-2,-3,-3,2,1,1,0
1454188740913897,0,-1,-1,-1,-3,-4,-1,-1
1454188740913897,1,-1,2,7,6,2,0,0
1454188740913897,-1,-1,-1,0,-2,-1,-3,0
1454188740913897,2,-1,3,0,-1,1,0,3
1454188740936018,-2,1,-4,-7,-1,-1,1,-2
1454188740936018,1,0,2,0,-2,-4,-2,-3
1454188740936999,-2,-1,-1,5,0,0,0,-2
1454188740936999,-3,-2,2,-2,3,0,1,-1
1454188740958083,-2,-1,-1,-1,-3,-1,-1,1
1454188740958083,2,0,-3,0,-1,-2,-1,-1
1454188740966089,0,-1,-3,-2,-6,-3,0,-4
1454188740966089,-2,-1,-1,-4,6,2,-1,0
1454188740973095,-2,-2,0,0,-1,-3,-1,0
1454188740973095,0,0,-1,-6,-11,-6,-3,-1
1454188740981100,0,-2,0,2,5,-5,0,0
1454188740981100,0,-1,-1,0,3,0,-1,-2
1454188740996111,-4,0,1,4,2,5,0,-1
1454188740996111,0,-1,-4,-1,5,0,-1,0
1454188740997111,-1,1,0,-5,-4,2,0,-1
1454188740997111,-4,-2,-1,-2,-5,-2,-1,-3
1454188741018127,0,-1,-1,-3,-4,-4,-2,-1
1454188741018127,-2,-1,0,-1,-3,0,0,-1
1454188741019118,2,-2,0,1,-1,1,-1,1
1454188741019118,0,-2,-1,1,7,2,0,-2
1454188741033136,-9,-1,-1,-5,-1,-2,-3,-4
1454188741033136,-2,-1,-2,0,0,-2,0,0
1454188741041143,0,-1,-2,-1,3,2,0,0
1454188741041143,1,0,-2,-1,-6,-2,0,0
1454188741056153,1,1,-2,-4,-5,-1,-1,-1
1454188741056153,-9,-4,-4,-5,-2,-2,-2,-3
1454188741057155,1,2,-2,4,4,0,1,-2
1454188741057155,1,0,1,-4,-3,-5,-2,-1
1454188741078222,-1,-1,-1,8,-3,2,-1,1
1454188741078222,-1,0,-2,-3,3,-1,-1,0
1454188741079201,0,0,-1,-3,-4,-1,-1,-1
1454188741079201,0,-1,0,2,-1,0,-1,-1
1454188741092270,2,-2,0,-5,1,-3,0,-2
1454188741092270,1,-1,-1,-4,-1,-2,0,-2
1454188741101325,-2,-3,4,4,-5,0,-1,-1
1454188741101325,-5,0,-2,-1,-2,-2,-1,-1
1454188741116403,3,0,2,-2,0,-2,1,0
1454188741116403,-2,0,-2,1,3,2,-2,-1
1454188741116403,-1,0,-1,-4,0,-2,-3,1
1454188741116403,-1,-3,-3,-7,-8,-3,0,-2
1454188741138583,-6,-2,-2,2,1,1,0,-1
1454188741138583,-1,-3,0,5,5,-1,-2,-2
1454188741139583,2,0,1,0,-3,-1,0,2
1454188741139583,-2,1,-2,-6,-2,2,-2,-2
1454188741152614,3,-2,-3,-1,0,-4,-1,-1
1454188741152614,2,-2,0,-1,-5,-2,1,-1
1454188741160618,-5,-1,-2,-3,-1,0,-1,-3
1454188741160618,1,1,0,-3,-4,-2,-2,3
1454188741175622,-2,0,-2,-4,2,1,-1,0
1454188741175622,-3,-1,-1,1,0,1,-1,-1
1454188741176609,-2,-1,1,5,2,1,0,-2
1454188741176609,1,-3,-2,-3,-2,0,0,-4
1454188741198680,-1,-3,0,-3,5,1,-1,0
1454188741198680,2,-1,0,-3,-15,-6,-1,0
1454188741199679,-5,-2,-3,-12,-5,-3,-2,-1
1454188741199679,0,0,0,7,5,-1,0,0
1454188741212689,2,0,0,8,4,0,0,0
1454188741212689,-1,-2,-4,-5,-7,1,-2,-2
1454188741220772,-5,-3,-3,-1,1,-2,-3,-3
1454188741220772,-1,-1,-2,-8,0,-1,0,-1
1454188741235863,-3,-3,1,6,-3,-2,0,1
1454188741235863,-1,-2,-3,-4,-1,-1,0,0
1454188741236810,0,0,0,0,-2,3,0,-1
1454188741236810,-3,-1,-2,-2,2,-5,-2,-3
1454188741258825,0,-1,-2,-5,-8,-1,-3,-4
1454188741258825,0,0,0,0,3,1,0,-1
1454188741258825,-3,-2,-1,5,2,0,0,0
1454188741258825,0,-1,1,1,1,-1,0,1
1454188741272888,-8,0,-1,-3,-1,-1,-1,-1
1454188741272888,-3,-3,0,-1,-3,-4,-3,-2
1454188741280894,1,-2,-2,-6,-1,-4,-1,-2
1454188741280894,-1,-1,0,2,-5,1,-1,0
1454188741295905,1,-1,-1,2,1,1,0,-2
1454188741295905,0,1,-1,-3,-2,-1,0,-2
1454188741296853,-4,0,-1,-1,-4,-3,0,-3
1454188741296853,0,-1,-2,-6,1,-1,-1,0
1454188741318881,-1,-1,0,6,0,1,0,1
1454188741318881,3,-1,0,2,7,3,0,1
1454188741318881,1,-1,-1,-2,1,0,-1,1
1454188741318881,-6,-1,-3,-2,-9,-4,-3,-3
1454188741332895,3,-3,-2,-4,-1,-1,-1,-1
1454188741332895,-3,0,2,-1,-1,-1,0,-2
1454188741340901,4,0,-2,0,-4,-1,-4,0
1454188741340901,0,-3,0,7,3,1,0,0
1454188741355948,2,-1,-1,-4,1,1,-2,-1
1454188741355948,-1,-4,-4,-6,-5,-2,-3,0
1454188741356914,-1,-2,-1,-4,0,0,-2,0
1454188741356914,1,0,0,6,0,-1,0,0
1454188741378925,-2,-2,-1,-3,2,-2,-2,0
1454188741378925,-1,0,-1,-1,-9,-2,-2,-1
1454188741378925,-3,-1,0,-6,-2,0,-1,-2
1454188741378925,1,-3,-1,-2,0,1,-1,-1
1454188741401944,-8,0,-1,-1,-3,0,-4,-3
1454188741401944,-3,-3,0,2,2,-3,0,-3
1454188741402937,3,-2,0,0,-3,-1,-1,-1
1454188741402937,-5,-1,-1,-1,-3,-3,-2,-3
1454188741415953,0,-1,-2,-7,-3,-1,-1,-3
1454188741415953,-6,-2,-2,1,5,1,0,-3
1454188741416935,-1,-1,-2,0,-3,-4,0,-1
1454188741416935,3,1,0,2,0,-1,-2,-2
1454188741438039,2,0,-2,1,-3,1,0,1
1454188741438039,-3,-1,-1,-2,2,-1,-1,-1
1454188741439000,1,1,-1,-1,-1,-2,-1,1
1454188741439000,-1,1,2,4,1,1,0,-1
1454188741462020,-2,0,-1,-6,-7,-7,0,-1
1454188741462020,-4,-3,-1,-3,-3,0,-1,-2
1454188741462020,-7,-1,-3,-2,3,-2,2,-2
1454188741462020,0,-2,-3,-6,-8,-2,-3,-2
1454188741476010,1,-1,-1,2,5,2,-1,-4
1454188741476010,1,1,1,3,0,1,0,1
1454188741477031,-1,-2,0,-4,-5,-2,-1,-1
1454188741477031,0,0,0,2,2,-2,-1,-1
1454188741498081,-5,-2,-1,-5,-3,-2,0,-1
1454188741498081,4,0,1,0,3,0,-1,-1
1454188741499030,-7,-2,1,2,2,1,-1,-4
1454188741499030,0,-1,0,0,-5,-2,-3,2
1454188741521150,4,-2,-2,-2,-3,-1,-2,1
1454188741521150,-5,0,-1,1,0,0,-2,-1
1454188741522140,2,-1,-1,8,3,2,0,1
1454188741522140,-4,1,-3,-6,6,2,1,-1
1454188741536245,3,-2,-3,-7,-9,-3,0,1
1454188741536245,3,0,-1,-1,-4,-3,-2,0
1454188741537212,0,1,-3,-3,-2,-3,-1,-2
1454188741537212,-1,-2,-2,-7,-4,-1,-3,-5
1454188741558262,-4,0,0,10,4,1,2,-1
1454188741558262,1,1,1,-2,2,2,1,-1
1454188741559207,-2,-1,1,-2,-4,-2,-4,-1
1454188741559207,1,-1,-1,-1,0,-1,1,0
1454188741581278,-1,-2,0,-2,0,0,-2,-2
1454188741581278,0,-2,-1,-3,-5,-2,-2,-2
1454188741582239,-5,-1,-3,0,0,-4,-2,1
1454188741582239,-2,-3,-1,1,4,1,2,-1
1454188741596236,0,0,-3,-3,0,-1,-2,-1
1454188741596236,3,0,-3,1,-1,0,-1,0
1454188741596236,-1,-1,-2,0,-1,-1,-1,-2
1454188741596236,0,-1,-2,0,3,1,-2,-2
1454188741618383,-5,-1,1,4,-4,-1,-2,-4
1454188741618383,-2,-3,-3,-6,-2,-3,-1,0
1454188741619331,4,-1,-1,0,-9,0,0,-1
1454188741619331,-1,0,0,2,6,1,-1,-1
1454188741641395,-7,-1,-1,-5,1,0,-1,0
1454188741641395,1,-2,-2,8,4,2,-3,0
1454188741641395,2,-1,0,0,-2,-5,-2,-1
1454188741641395,6,2,-1,-1,-17,-4,-1,1
1454188741656410,3,-1,-5,-6,3,-2,-2,-2
1454188741656410,-6,0,0,-2,3,-1,0,-1
1454188741656410,4,0,-1,-1,4,1,-1,-1
1454188741656410,-5,-2,-1,-5,-2,-2,-1,-1
1454188741678478,1,-3,-1,0,-3,-4,-1,-2
1454188741678478,-3,-1,3,3,3,1,0,0
1454188741679462,1,-1,0,4,2,0,1,0
1454188741679462,-4,-2,-1,2,-3,-2,-1,-1
1454188741700530,0,-1,-2,-2,-2,-2,-1,-1
1454188741700530,3,-1,-4,-3,-3,-1,-2,-2
1454188741701491,-3,-1,1,-1,1,2,-1,-1
1454188741701491,2,0,-3,-5,-2,-4,-1,0
1454188741715585,-10,-1,-1,-3,-2,1,-1,-3
1454188741715585,0,0,-1,-3,-2,-1,-1,-2
1454188741716569,1,-1,0,3,0,-1,-1,0
1454188741716569,4,1,1,1,2,0,-2,-1
1454188741738687,3,2,-1,1,-1,3,1,0
1454188741738687,-10,-4,-1,-8,-7,-3,-1,-3
1454188741739690,0,-1,-2,-3,-5,-3,-1,-1
1454188741739690,-1,0,-3,-2,0,-2,-2,-2
1454188741760764,3,-2,-1,-3,0,-1,-2,0
1454188741760764,3,1,1,1,-2,-2,-2,1
1454188741761735,-7,-1,-3,-1,1,-2,-3,-4
1454188741761735,-3,-1,-1,0,7,3,0,0
1454188741775852,0,-1,2,1,-2,-3,0,1
1454188741775852,4,0,-2,5,-4,-2,2,2
1454188741776798,-3,-2,2,-1,4,-1,0,0
1454188741776798,4,-1,-2,0,1,1,0,-2
1454188741798877,-1,0,-4,-4,-3,-2,-2,0
1454188741798877,-9,-2,-4,-4,-5,-4,0,-4
1454188741798877,0,1,-2,-9,0,2,-1,-2
1454188741798877,0,-1,-1,6,-2,0,1,-1
1454188741820885,5,-1,0,2,1,0,1,-1
1454188741820885,4,2,-1,0,0,-1,-2,-1
1454188741821830,5,-1,-2,-3,4,1,0,0
1454188741821830,-14,-3,-2,-3,0,-2,-2,-4
1454188741837897,-6,-2,-4,-2,-7,1,-2,-1
1454188741837897,-2,0,-1,-6,-10,-4,-2,0
1454188741837897,0,-3,-3,1,2,-1,1,-2
1454188741837897,9,1,3,4,5,1,-1,0
1454188741858885,0,1,2,4,1,0,0,1
1454188741858885,-3,-2,-3,-6,-2,1,-1,-1
1454188741858885,3,0,-2,1,-4,-1,-2,-1
1454188741858885,-5,-3,-1,-3,-4,-6,-1,-3
1454188741881012,-1,-1,-1,-3,3,1,-2,-2
1454188741881012,1,0,-1,2,2,1,1,0
1454188741881968,-5,-3,-2,-6,-11,-4,-3,-2
1454188741881968,-3,-1,-3,7,-2,-3,-3,0
1454188741896042,1,-1,-2,-1,-1,-2,-1,-1
1454188741896042,2,-1,-1,0,6,0,-1,1
1454188741897042,0,-1,1,1,-2,0,2,-1
1454188741897042,1,-2,-1,-5,-6,-2,-2,-1
1454188741918047,-2,-1,-3,-2,-2,0,-1,0
1454188741918047,-7,-3,-2,-1,2,-4,-3,-4
1454188741919034,-4,0,1,1,3,-2,2,-1
1454188741919034,1,0,0,-2,-4,3,-3,0
1454188741941068,1,-1,1,0,1,-1,-1,-1
1454188741941068,-1,-1,0,0,0,-2,-2,-4
1454188741942070,-1,2,-3,-2,-3,-3,-2,0
1454188741942070,2,-1,-2,-8,-3,-2,-1,1
1454188741955123,-14,-2,-6,2,-1,-6,-1,-3
1454188741955123,5,-1,0,-1,1,4,1,1
1454188741963178,20,-1,4,-2,-7,-1,-2,1
1454188741963178,-15,-6,-9,-7,3,-3,-2,-4
1454188741978258,-16,0,7,9,-2,-1,-1,-1
1454188741978258,4,-7,-5,-5,-3,-4,-1,-2
1454188741979206,11,4,10,6,2,2,1,3
1454188741979206,16,0,-18,-9,-3,1,-1,-4
1454188742001238,-7,-3,-7,-11,-3,-3,0,0
1454188742001238,0,3,0,2,0,0,-3,-1
1454188742002220,-9,-4,-6,1,0,0,-2,-2
1454188742002220,12,4,18,10,5,5,3,3
1454188742015395,6,-3,3,-5,-2,-5,-3,-2
1454188742015395,-2,-1,-16,-3,-1,2,0,-2
1454188742023401,-4,0,5,-4,5,2,-2,-1
1454188742023401,-6,1,6,2,-8,-10,0,-1
1454188742038412,10,2,-1,0,-1,6,1,0
1454188742038412,-5,1,12,1,4,-3,-1,0
1454188742039413,-6,-4,-11,-7,3,2,2,0
1454188742039413,-9,-1,-1,-2,-4,1,-5,0
1454188742061418,2,-2,0,6,2,-1,0,-3
1454188742061418,4,0,1,-1,9,1,-2,-1
1454188742061418,-11,-4,-3,7,-6,-4,-4,-3
1454188742061418,-1,-1,-1,-3,-5,-4,2,1
1454188742075592,5,1,-2,-5,-3,-1,-1,1
1454188742075592,-2,-2,1,-2,-6,1,-2,-1
1454188742083597,-4,0,-1,-7,-3,-3,0,-2
1454188742083597,-3,-4,-3,0,1,1,-2,-3
1454188742098608,2,0,2,4,0,1,-2,-1
1454188742098608,-2,-1,-4,-1,-1,-1,0,0
1454188742099610,-2,-1,-2,-1,-5,-2,-3,-1
1454188742099610,0,0,-8,1,-3,0,0,-1
1454188742120711,4,0,0,2,7,1,1,0
1454188742120711,-2,-1,21,-8,-5,-3,-2,-1
1454188742121670,-2,1,-19,-8,-4,0,-2,-2
1454188742121670,-2,-2,3,1,6,2,2,0
1454188742135822,2,0,-6,-3,-5,-3,-6,-2
1454188742135822,-7,1,3,5,2,1,-1,1
1454188742143827,0,-2,2,-2,-3,-2,-2,-2
1454188742143827,-3,0,0,2,4,-3,0,-1
1454188742158877,3,-2,-2,1,-1,-1,1,0
1454188742158877,-4,2,12,-11,-16,-6,0,-1
1454188742158877,-2,0,-15,3,6,-1,0,-2
1454188742158877,-1,1,6,5,5,2,1,0
1454188742180902,-3,-9,-9,-13,-1,-3,-4,0
1454188742180902,1,-1,-21,0,3,6,5,2
1454188742181906,-1,3,7,-3,-7,-6,-6,-3
1454188742181906,-4,0,16,-4,-7,-3,-5,-6
1454188742194953,1,-3,-37,4,-1,-5,-4,-2
1454188742194953,-1,0,9,3,5,4,8,0
1454188742203087,-2,4,17,-5,-6,5,19,7
1454188742203087,-1,-6,-18,1,5,1,-23,-10
1454188742218097,-2,-3,-2,3,1,-2,3,-1
1454188742218097,-2,-4,-13,-10,-3,-3,-7,-6
1454188742219060,4,-1,-10,0,-1,-4,-3,-1
1454188742219060,1,4,16,-3,-3,-6,10,3
1454188742241115,2,8,9,8,12,21,1,-21
1454188742241115,0,-15,-56,1,-2,3,-2,-7
1454188742242098,-5,-6,19,-13,-4,1,6,8
1454188742242098,-1,1,-14,2,2,-4,10,10
1454188742255169,-6,7,16,-1,-2,-3,-19,-16
1454188742255169,-2,4,15,8,5,-7,-5,-7
1454188742263141,-6,-1,19,0,0,6,-6,1
1454188742263141,3,-8,-48,-12,-7,0,0,2
1454188742278218,4,1,18,0,-2,-5,19,15
1454188742278218,3,5,-15,1,0,6,-5,3
1454188742279194,2,-4,-20,5,0,-11,-13,-1
1454188742279194,-10,-2,27,-12,-7,2,-5,-13
1454188742301216,-7,3,19,7,6,-3,-5,3
1454188742301216,3,-3,-13,7,2,-4,15,-5
1454188742302209,-9,0,33,-29,-13,-1,2,-1
1454188742302209,1,7,6,21,9,-6,-28,-13
1454188742324320,-9,-16,-28,-31,-14,2,6,-1
1454188742324320,-1,4,23,8,0,-10,-5,13
1454188742325319,7,2,-26,18,8,6,10,3
1454188742325319,9,-5,4,2,2,5,25,12
1454188742338329,3,7,11,-8,-5,7,-6,7
1454188742338329,-8,2,26,-1,2,0,38,18
1454188742339275,9,5,-68,3,2,4,-11,-2
1454188742339275,-5,-12,31,-5,-3,-16,-56,-43
1454188742361292,-27,-3,51,-3,-3,-13,-23,-15
1454188742361292,-2,-7,-32,-28,-14,10,55,2
1454188742361292,20,3,-25,22,11,10,11,29
1454188742361292,2,8,14,20,7,-14,-34,-17
1454188742384412,7,9,-46,6,6,16,46,3
1454188742384412,-7,2,32,-22,-9,-20,-61,1
1454188742385414,-15,-19,25,-27,-14,-5,10,7
1454188742385414,6,-2,-74,1,0,8,39,23
1454188742398423,9,-6,-57,16,9,-7,-10,-1
1454188742398423,-2,5,3,5,-1,5,-24,-12
1454188742399369,15,8,12,13,3,6,36,36
1454188742399369,-21,-1,73,-28,-16,-8,-38,-41
1454188742420524,6,2,8,17,5,-1,15,9
1454188742420524,10,6,0,7,5,5,-38,-19
1454188742421471,-15,-26,-49,-19,-8,-17,20,-8
1454188742421471,-6,-12,2,-11,-11,2,32,20
1454188742444501,12,1,-26,-2,-5,-3,25,24
1454188742444501,-1,-1,60,29,12,4,-23,-16
1454188742444501,-10,11,-22,-16,-3,-9,-46,-36
1454188742444501,-11,-7,17,-9,0,4,9,3
1454188742458551,7,4,22,7,0,-4,18,7
1454188742458551,8,-15,-117,3,6,15,-3,3
1454188742459533,-18,13,108,-13,-10,-5,-80,-28
1454188742459533,10,6,-40,9,3,8,91,47
1454188742480600,-7,1,-1,-10,-4,-20,-40,-21
1454188742480600,1,1,-11,22,6,-3,-1,-9
1454188742481560,-6,-12,-32,-6,7,2,-18,-9
1454188742481560,6,15,-13,-12,-19,-3,10,-8
1454188742503745,6,-13,-19,-12,-8,11,72,35
1454188742503745,-9,5,49,-4,2,-9,-49,-27
1454188742504706,-6,5,35,23,8,0,-14,-13
1454188742504706,1,-1,-12,7,7,2,-29,8
1454188742518719,-2,-14,-7,-34,-14,-4,20,-6
1454188742518719,-2,4,45,-14,-14,1,38,11
1454188742519712,17,-3,-26,24,7,-1,13,11
1454188742519712,1,8,-52,8,8,12,3,-4
1454188742540735,-3,3,28,14,6,5,-2,1
1454188742540735,-3,-7,23,-21,-9,-6,-12,3
1454188742541716,-13,-4,9,-9,-6,-8,-5,-26
1454188742541716,8,-1,-18,10,4,-1,21,18
1454188742563800,-6,1,4,-6,-3,0,-57,-23
1454188742563800,3,9,-6,2,3,3,0,1
1454188742564783,-1,-7,71,12,-1,-1,24,-2
1454188742564783,-8,-10,-57,-25,-10,-18,-29,-5
1454188742586905,9,2,4,6,2,28,51,16
1454188742586905,-7,4,1,6,-1,-11,-20,-4
1454188742587886,3,-2,-16,21,10,1,-35,-9
1454188742587886,0,-4,34,-20,-7,-2,8,7
1454188742600880,1,3,-25,4,-3,-13,-29,-1
1454188742600880,5,-8,-21,10,5,3,4,-4
1454188742601863,-7,-4,-11,-24,-8,1,13,2
1454188742601863,-5,-2,18,10,2,5,6,4
1454188742623888,13,4,-19,9,-1,1,-17,14
1454188742623888,0,4,27,19,13,6,-13,-15
1454188742623888,-14,-9,-62,-19,-5,-7,24,4
1454188742623888,3,4,35,8,1,0,-36,-12
1454188742637974,-3,-9,-14,-6,-3,-5,5,-4
1454188742637974,-1,-3,-42,-16,-10,-1,16,11
1454188742638938,12,8,22,2,3,-5,4,2
1454188742638938,2,0,-37,8,7,12,25,8
1454188742660963,-14,-9,39,1,-1,-12,-47,-21
1454188742660963,1,-1,0,-6,-3,-8,22,9
1454188742661973,6,1,6,12,4,10,6,12
1454188742661973,-13,-1,-19,3,1,4,-33,-29
1454188742683076,-3,12,15,-28,-8,-14,4,-2
1454188742683076,-10,-21,-13,-12,-9,-11,5,3
1454188742684023,12,-3,-5,0,-2,5,67,24
1454188742684023,16,4,5,10,1,-4,-52,-11
1454188742698051,-24,-3,8,8,3,-2,-44,-16
1454188742698051,-7,3,5,-5,0,-1,18,-9
1454188742699038,7,9,-30,6,1,6,-13,4
1454188742699038,-3,-10,18,-9,-5,-2,8,-3
1454188742721069,6,-3,14,0,3,-1,-1,7
1454188742721069,-4,-5,29,-17,-11,-4,4,8
1454188742722068,0,-2,19,18,2,0,-38,-12
1454188742722068,-7,-1,0,-26,-10,-3,58,7
1454188742743173,1,1,-7,5,7,-2,-18,1
1454188742743173,9,8,-27,1,4,3,9,9
1454188742744131,-12,2,38,-13,-9,-9,-53,-16
1454188742744131,-20,-11,-18,-28,-7,-1,37,-1
1454188742758183,4,-2,29,18,-4,1,-16,-9
1454188742758183,-1,4,-15,-14,-3,-7,6,3
1454188742759144,26,-22,-76,-8,-1,15,55,34
1454188742759144,18,3,27,9,0,-2,-40,-11
1454188742781230,-57,-9,11,-3,5,-18,-26,-39
1454188742781230,-14,7,20,27,5,27,-29,6
1454188742782205,-20,-5,11,-35,-17,-36,31,-34
1454188742782205,23,1,-23,8,1,0,65,39
1454188742803333,32,10,50,-10,-3,7,-10,1
1454188742803333,-9,0,7,2,-3,-22,-40,-44
1454188742804278,1,-9,-39,19,7,10,24,7
1454188742804278,-5,11,48,0,0,-2,-26,-9
1454188742818422,-1,3,29,-10,-6,2,43,22
1454188742818422,6,-5,-41,-6,-2,7,11,13
1454188742819370,-6,4,23,-1,-4,3,2,-8
1454188742819370,1,-8,-22,11,8,-3,-20,5
1454188742841469,-10,-10,-8,-4,-5,2,41,-2
1454188742841469,10,-4,-2,4,2,-3,-18,5
1454188742841469,6,21,67,17,8,5,-10,-1
1454188742841469,-13,-20,-78,-10,-3,8,-24,-12
1454188742863487,10,2,-23,-1,2,4,37,11
1454188742863487,1,-5,-40,0,5,0,2,15
1454188742871506,-15,-5,-11,-8,-6,-20,-100,-34
1454188742871506,-6,10,20,-13,-4,-4,15,-4
1454188742878569,1,-21,-40,-15,-14,-6,15,16
1454188742878569,-6,0,20,1,-3,-5,-1,-24
1454188742879574,19,5,-19,24,13,15,36,30
1454188742879574,-24,-8,19,1,1,-8,-70,-33
1454188742900589,-7,3,-37,-19,-3,-7,-8,-13
1454188742900589,9,-4,-25,0,-3,2,35,15
1454188742901586,-3,8,9,-4,-4,0,15,10
1454188742901586,13,-9,-2,3,1,2,28,16
1454188742923596,18,6,-59,37,21,8,-19,6
1454188742923596,-32,-11,67,-60,-26,-14,8,-13
1454188742924606,9,2,-28,11,7,5,-69,-10
1454188742924606,-4,3,19,-3,-5,0,40,13
1454188742937703,-3,-3,-44,4,-2,-8,-28,-10
1454188742937703,7,4,-1,6,1,14,13,3
1454188742945668,-10,4,4,-1,-1,-9,-5,-4
1454188742945668,4,7,-3,-1,1,24,-19,1
1454188742960719,0,-1,65,7,2,-15,-36,2
1454188742960719,9,-9,-36,14,7,6,89,27
1454188742961665,-10,-17,-55,-21,-5,-11,-45,-22
1454188742961665,-6,-4,47,-7,-8,-9,-23,-17
1454188742983735,0,9,21,14,2,2,-26,-24
1454188742983735,-4,3,-15,-8,-5,-4,-32,5
1454188742984737,3,1,37,7,-4,14,108,49
1454188742984737,-5,-11,-2,-15,-2,-17,-57,-61
1454188742997711,3,-6,-37,1,4,5,3,6
1454188742997711,-10,3,9,6,1,-4,-8,-3
1454188743005716,-6,5,8,-14,-5,1,19,-6
1454188743005716,9,10,51,16,2,1,22,20
1454188743020725,-1,-1,5,-16,-4,-2,-2,-2
1454188743020725,5,8,-23,10,9,4,-9,-1
1454188743021707,-4,-15,32,2,-5,-7,46,6
1454188743021707,3,16,36,17,3,-3,13,17
1454188743043830,-3,-7,-45,-4,-3,-5,-6,-10
1454188743043830,2,3,12,2,1,7,-19,0
1454188743044777,0,3,-22,0,-1,7,11,0
1454188743044777,0,-4,-12,0,0,-1,-20,-9
1454188743057803,-5,0,9,2,-5,-2,63,20
1454188743057803,1,0,1,-11,-6,-12,-86,-22
1454188743065844,6,-3,-13,3,9,5,21,11
1454188743065844,-7,0,12,8,4,-2,-9,-9
1454188743080871,11,-3,-54,-3,-3,10,34,10
1454188743080871,-3,16,81,5,-1,-11,-50,-18
1454188743081853,-17,-26,-26,-9,-7,-3,-18,-21
1454188743081853,21,7,-61,23,12,11,49,47
1454188743103920,-13,3,64,-18,-5,-5,-65,-34
1454188743103920,0,-6,5,2,-5,-2,32,11
1454188743103920,2,-2,-70,-10,-4,1,5,-8
1454188743103920,-1,6,14,5,-1,1,18,12
1454188743117934,4,-5,3,0,-1,-8,-12,3
1454188743117934,6,-5,-33,9,9,25,6,5
1454188743126021,-10,15,70,-5,-3,-9,-3,-13
1454188743126021,-2,-6,-66,-2,-4,-14,-14,-11
1454188743140995,4,8,24,4,3,-8,-22,0
1454188743140995,8,-18,-36,-6,-4,16,31,18
1454188743141996,-20,-6,-35,-15,-12,-14,-86,-31
1454188743141996,1,8,-9,-4,-1,-3,33,7
1454188743164011,-9,2,108,-10,-6,1,4,-5
1454188743164011,-8,-10,-57,-21,-8,-14,24,-3
1454188743171016,7,5,1,7,3,4,9,9
1454188743171016,4,-6,-41,5,4,2,-12,3
1454188743178021,-5,14,33,4,-2,7,9,4
1454188743178021,2,-14,47,-6,-3,-3,19,-1
1454188743186026,-13,0,8,-16,1,-9,-86,-28
1454188743186026,-8,2,-27,-13,-5,-8,-3,-7
1454188743201037,14,-2,-93,14,7,15,11,8
1454188743201037,7,7,-49,6,2,2,60,21
1454188743202038,-8,-7,45,-23,-11,-11,-21,-6
1454188743202038,-2,-6,-1,9,5,6,-17,-9
1454188743223423,3,6,5,7,5,8,-30,-3
1454188743223423,2,1,0,-4,-1,-2,22,2
1454188743224371,10,16,16,17,8,1,24,9
1454188743224371,-11,-20,-41,-27,-22,-6,33,18
1454188743237433,-5,-13,-36,-6,-3,3,-22,-17
1454188743237433,-9,9,40,7,3,-11,-73,-39
1454188743246405,12,6,-31,17,8,2,32,15
1454188743246405,-6,7,95,1,0,-2,19,3
1454188743261411,10,-9,-59,-1,0,1,16,17
1454188743261411,-8,4,-49,-18,-5,-7,-1,-3
1454188743261411,-8,5,78,-7,-7,0,-7,-11
1454188743261411,3,-8,-3,1,-1,-2,30,4
1454188743283465,-6,5,-28,9,-4,-7,-1,-3
1454188743283465,2,-23,-47,0,5,3,4,3
1454188743284413,0,-5,-66,-10,-7,-5,15,3
1454188743284413,3,5,-2,-3,2,4,-24,-8
1454188743306481,2,4,23,2,1,4,-29,4
1454188743306481,4,-6,30,22,10,-5,42,0
1454188743307427,2,-2,-10,2,0,26,-8,9
1454188743307427,-7,2,13,-2,-1,-36,-12,-6
1454188743321454,5,-1,8,14,3,19,-10,-9
1454188743321454,-7,-3,52,-9,-10,-4,19,10
1454188743321454,5,2,3,2,8,1,-18,1
1454188743321454,-4,0,-19,6,1,3,-22,-16
1454188743343509,-9,-1,59,-16,-3,-11,40,-2
1454188743343509,-5,-8,-14,0,-8,-1,-17,2
1454188743344456,0,-16,-79,-7,-6,-1,54,2
1454188743344456,4,5,40,6,0,2,-32,-2
1454188743366524,-6,-8,-29,-10,-3,-10,-3,-3
1454188743366524,-5,14,68,6,1,-1,-11,-4
1454188743367472,-1,-1,-2,0,1,-6,-14,-3
1454188743367472,10,0,2,18,5,8,-7,3
1454188743380499,-3,-6,-3,-13,-6,0,2,5
1454188743380499,-3,2,-16,-13,-6,4,-1,0
1454188743381480,3,5,5,16,4,-1,-20,2
1454188743381480,-4,-4,4,0,2,-3,-15,-8
1454188743403515,7,-1,0,0,-1,-3,-12,11
1454188743403515,7,9,-36,-13,0,-12,26,8
1454188743404515,-5,-5,19,9,2,15,-31,8
1454188743404515,-5,6,44,2,1,-2,-14,-16
1454188743426581,-8,-24,-95,-24,-7,-11,-15,-5
1454188743426581,0,6,12,9,0,-2,-67,-9
1454188743427908,10,7,38,1,0,-3,68,28
1454188743427908,-13,-3,43,-17,-11,-1,-39,-33
1454188743440976,1,2,45,8,1,5,16,-4
1454188743440976,6,-1,-55,14,6,-1,-20,1
1454188743441955,-2,-3,-10,-12,-2,-7,6,-6
1454188743441955,-9,-9,-92,-27,-7,4,23,12
1454188743463946,3,4,44,3,-3,-11,13,0
1454188743463946,-5,-8,-20,-3,-4,6,16,-3
1454188743463946,11,21,102,30,2,3,-15,-3
1454188743463946,-5,-28,-91,-22,-1,-1,0,6
1454188743486971,2,6,2,-3,-1,7,-8,10
1454188743486971,-6,2,45,8,2,1,3,-21
1454188743486971,4,-2,-9,6,6,2,45,9
1454188743486971,-4,7,20,2,-4,-1,-54,-27
1454188743500964,-7,-8,-1,1,-5,-4,20,6
1454188743500964,1,-1,-25,7,-1,-10,-25,-3
1454188743501963,-7,2,4,-8,-3,-4,-10,-7
1454188743501963,4,0,5,3,4,9,43,15
1454188743523120,3,0,-37,21,8,-1,-3,-4
1454188743523120,0,1,74,1,2,0,10,2
1454188743524081,-19,-25,-48,-58,-23,-18,-11,-20
1454188743524081,11,14,5,1,0,15,23,25
1454188743547089,7,24,31,29,14,4,-16,-14
1454188743547089,1,-16,-80,-15,1,-1,3,7
1454188743547089,-5,-5,41,-7,-5,-8,-20,-9
1454188743547089,3,1,32,-4,-5,6,-29,4
1454188743561146,-4,2,9,-4,-6,6,28,1
1454188743561146,-1,6,8,15,6,-5,-5,-11
1454188743562155,-1,-2,-43,5,10,1,-3,1
1454188743562155,4,1,10,5,-1,1,26,14
1454188743583122,-5,-5,1,-17,-8,-13,-20,-21
1454188743583122,0,-6,-4,-6,-8,13,3,6
1454188743584108,-1,8,-15,12,5,-1,-12,-20
1454188743584108,-9,0,36,10,3,-4,-3,4
1454188743607125,-7,-13,-46,-24,-6,-6,16,-1
1454188743607125,5,-1,46,12,3,2,1,8
1454188743607125,-4,-2,-33,-18,-8,-5,-10,0
1454188743607125,-1,-4,-26,-8,-3,-3,23,0
1454188743621190,3,5,5,0,0,4,3,6
1454188743621190,6,9,13,5,1,-4,5,0
1454188743622188,5,4,-11,-6,-2,5,15,12
1454188743622188,0,-9,16,19,3,-3,-46,-11
1454188743643206,-11,-12,-66,-32,-11,-6,47,3
1454188743643206,6,15,46,9,6,7,9,6
1454188743644151,4,-2,14,15,3,-7,-15,-10
1454188743644151,3,1,-8,5,4,0,-3,5
1454188743667184,3,-1,40,6,-3,-8,-13,-7
1454188743667184,-10,-2,-12,-17,-7,1,12,-4
1454188743667184,-1,-8,-21,0,4,14,20,14
1454188743667184,1,3,10,1,0,-11,-25,-19
1454188743681231,0,2,57,23,8,6,-22,-2
1454188743681231,-12,-18,-64,-32,-8,-10,0,-5
1454188743682207,5,5,6,13,-5,1,-22,1
1454188743682207,-1,-13,-33,-8,-4,-1,50,-1
1454188743703211,0,4,23,10,0,-2,1,0
1454188743703211,1,-5,-58,-8,-7,-4,-26,-8
1454188743704193,1,7,6,8,9,-2,0,0
1454188743704193,-1,4,-6,-3,1,0,9,5
1454188743726227,-4,-9,-25,-9,2,2,-5,1
1454188743726227,-2,-5,-15,11,-3,0,3,0
1454188743727211,-1,-7,-10,-2,-5,-6,1,0
1454188743727211,-1,4,11,1,-3,0,4,2
1454188743741238,0,-1,4,-6,1,3,-6,0
1454188743741238,-1,0,13,4,-1,-15,-8,1
1454188743742230,3,3,21,5,1,14,6,-1
1454188743742230,1,0,-17,-5,1,0,-2,0
1454188743763289,-9,-1,-4,-11,-8,-4,-6,-5
1454188743763289,-1,-3,14,2,2,-1,-2,-1
1454188743764288,-2,-1,-10,3,-3,-8,2,-3
1454188743764288,1,5,34,-4,-8,1,4,2
1454188743786324,-1,-9,-83,-11,-2,0,-9,-1
1454188743786324,4,4,28,6,0,0,0,0
1454188743786324,-4,-4,10,0,-5,-3,0,-2
1454188743786324,-7,0,-14,-6,-3,-2,-3,-3
1454188743801319,-4,2,1,3,0,-10,-3,1
1454188743801319,3,-3,29,-6,-1,5,-5,-4
1454188743801319,-9,-6,-18,-13,-3,-8,-2,-5
1454188743801319,6,-2,4,8,6,9,4,3
1454188743823351,5,0,-1,5,-6,-5,-3,1
1454188743823351,18,3,-19,-1,-1,2,1,2
1454188743824332,-17,-4,19,1,3,0,-2,-2
1454188743824332,4,-2,-8,1,2,-6,0,0
1454188743846349,1,1,17,-2,2,5,1,0
1454188743846349,2,2,-5,-3,-4,-2,-2,2
1454188743846349,5,0,7,2,-1,-2,2,0
1454188743846349,-5,-1,-6,-3,-2,-2,-2,-3
1454188743870375,5,2,-17,1,2,-2,-3,-1
1454188743870375,-8,-8,-20,-4,-1,2,1,-1
1454188743871367,-5,2,5,1,-3,-5,-3,-3
1454188743871367,-7,-3,-1,-6,-2,-5,-2,-4
1454188743883392,1,-3,23,-3,-3,0,-4,-1
1454188743883392,-6,2,22,2,0,1,0,-1
1454188743884395,3,-1,-15,6,12,3,2,2
1454188743884395,6,-1,0,-1,-4,2,0,2
1454188743906408,-5,2,14,0,-4,-1,-1,-2
1454188743906408,-9,-1,0,-4,-1,-4,-4,-2
1454188743906408,7,0,-12,-6,-5,0,1,-1
1454188743906408,-5,-1,6,1,-1,-4,-1,0
1454188743920507,-4,-3,7,-1,2,2,2,1
1454188743920507,-4,-2,-6,-2,5,0,-2,-2
1454188743928516,4,-1,5,8,7,0,1,-1
1454188743928516,-2,-1,-10,-3,-11,-6,0,0
1454188743943525,-4,-2,0,-6,-7,-2,0,-3
1454188743943525,2,2,1,-8,-5,-2,-3,-2
1454188743944506,-8,-2,1,0,1,2,1,0
1454188743944506,-5,-2,-1,-1,8,3,-1,-1
1454188743965562,3,0,11,3,0,0,-3,-1
1454188743965562,-3,0,-17,1,-4,-1,0,-2
1454188743966545,3,3,26,-1,-5,-2,-1,-1
1454188743966545,0,-9,-27,-5,-3,1,0,1
1454188743980667,-2,0,7,0,-1,0,0,-1
1454188743980667,-2,-1,0,1,0,2,-1,-1
1454188743988678,0,1,7,1,-5,0,-1,-2
1454188743988678,-2,-4,15,-1,-1,-2,-3,-4
1454188744003687,-1,-10,-13,-3,11,1,1,0
1454188744003687,-2,1,10,2,-10,-3,0,-2
1454188744004687,2,-1,-25,-4,0,0,-1,1
1454188744004687,0,2,4,-1,-1,-3,-3,-2
1454188744025789,-12,2,-5,-8,-5,-2,0,-1
1454188744025789,-1,-2,5,8,4,-1,0,-1
1454188744026738,-1,-2,0,-1,-4,-1,-2,0
1454188744026738,1,-1,-5,-5,2,-3,-1,-1
1454188744039841,3,2,3,0,1,4,-1,-1
1454188744039841,-2,2,-4,-5,-4,-2,-1,-3
1454188744048830,0,-1,-3,-7,-1,-2,-1,-2
1454188744048830,1,1,-3,8,1,1,-1,0
1454188744063845,0,-3,2,4,1,4,1,1
1454188744063845,-5,-1,-1,-9,-3,-3,-3,0
1454188744063845,1,-5,-8,-1,-1,-3,-4,-4
1454188744063845,-5,1,1,-6,-3,-2,0,0
1454188744085960,0,-2,-1,-2,-6,-1,-2,-1
1454188744085960,1,1,10,-5,-8,-3,-1,-1
1454188744086908,1,0,-8,1,3,-5,3,-1
1454188744086908,1,0,-2,11,9,7,4,2
1454188744099934,-1,2,2,-2,-3,0,-1,-3
1454188744099934,-3,-5,-2,-5,0,0,-3,1
1454188744108920,5,1,-1,0,4,-4,-1,0
1454188744108920,-2,-2,0,-7,-12,-2,-2,-2
1454188744123931,1,1,1,2,10,4,0,1
1454188744123931,-4,-3,-7,2,-2,-3,-2,-5
1454188744123931,-1,-2,-1,-2,-9,-4,-2,-3
1454188744123931,-4,-1,-6,-3,0,-4,-2,-2
1454188744146051,-3,0,1,-5,-1,-1,-2,-2
1454188744146051,3,1,-1,1,3,3,2,-1
1454188744147010,0,-1,3,5,0,4,1,2
1454188744147010,-4,-2,12,-5,-4,-7,-6,-4
1454188744169071,1,-3,-27,-1,1,-2,-2,1
1454188744169071,-3,0,0,1,2,-1,0,1
1454188744170016,0,-2,-2,-3,-6,-1,-2,1
1454188744170016,5,3,4,-5,-2,3,2,2
1454188744183078,-5,-1,6,6,-3,-2,-1,-4
1454188744183078,-20,-4,-2,5,10,2,-2,-5
1454188744184045,-1,-2,-4,-5,-4,-2,-2,0
1454188744184045,-2,-3,-7,-7,-5,-4,-6,-4
1454188744206097,6,0,2,0,-5,-2,-1,0
1454188744206097,12,7,1,5,6,1,1,3
1454188744207079,0,1,0,8,12,1,1,4
1454188744207079,-12,-5,-4,-6,-11,-3,-2,-3
1454188744229111,3,-2,-1,-1,-4,-3,-2,-2
1454188744229111,3,-1,16,-1,-6,-2,-3,0
1454188744230059,5,-4,-39,-8,-2,-3,0,0
1454188744230059,5,3,3,3,9,5,3,3
1454188744243119,-11,-6,3,-1,1,-1,2,-1
1454188744243119,12,0,2,-3,-4,-1,-2,2
1454188744244088,19,3,8,0,-1,1,-1,-1
1454188744244088,-32,-6,-9,1,-1,-4,-4,-11
1454188744266137,-7,-2,3,-4,-7,-4,-2,-3
1454188744266137,0,-3,-8,-1,-1,-1,0,-1
1454188744267121,17,1,3,-5,-5,0,-3,3
1454188744267121,1,-1,-4,-1,-4,-5,-1,0
1454188744289232,-1,2,8,-1,1,0,-2,-1
1454188744289232,8,-1,-12,1,-6,-2,0,0
1454188744290217,-35,-6,3,-3,-1,-5,-4,-7
1454188744290217,4,1,1,6,6,4,5,-1
1454188744303207,-1,0,-1,5,1,1,-2,1
1454188744303207,8,0,-3,-9,0,-1,0,-1
1454188744304189,-5,0,3,1,-11,0,1,-1
1454188744304189,-17,-2,-1,0,4,0,-2,1
1454188744326355,10,-2,-4,-3,2,-2,-2,-2
1454188744326355,-6,1,5,2,1,3,1,-1
1454188744327295,-2,-2,3,2,2,2,3,1
1454188744327295,18,1,-9,0,1,2,13,14
1454188744349365,21,6,14,-1,-7,0,-11,2
1454188744349365,-77,-15,-15,2,-1,-7,-30,-37
1454188744350349,-21,-7,5,-5,-3,-4,-3,-11
1454188744350349,15,1,2,-5,-3,0,2,1
1454188744363377,1,1,-6,-7,1,1,12,7
1454188744363377,24,3,1,3,-2,3,9,13
1454188744364323,4,2,-7,3,3,1,-6,0
1454188744364323,-2,-1,-2,1,0,0,0,-3
1454188744386351,-3,-2,5,0,2,-1,0,0
1454188744386351,4,1,-1,-5,-4,0,-1,1
1454188744386351,-4,-2,-4,-3,-6,-2,1,-1
1454188744386351,8,1,6,2,4,0,-5,0
1454188744409367,-7,-2,-1,1,-4,-1,-1,-5
1454188744409367,6,-2,-5,-4,-2,-2,1,1
1454188744410368,-1,-2,-1,-7,-13,-3,1,0
1454188744410368,-1,1,3,-5,-2,-3,-5,-4
1454188744423401,-1,-4,-9,5,3,1,-3,-1
1454188744423401,9,1,1,4,9,1,5,4
1454188744424377,6,3,7,-3,-2,-1,1,4
1454188744424377,-20,-7,-7,-5,-5,-4,-9,-10
1454188744446379,-5,-1,-5,2,-10,-6,0,-2
1454188744446379,12,-1,1,2,1,1,2,5
1454188744446379,9,-2,0,-5,0,-2,-4,-3
1454188744446379,7,1,-5,0,1,-1,-3,0
1454188744469434,-3,-2,-1,-4,4,0,1,-1
1454188744469434,-5,-3,-1,-6,-5,-3,1,-2
1454188744470425,2,-1,0,8,-3,0,-2,-1
1454188744470425,-5,0,1,1,3,-4,1,-2
1454188744483461,-5,-1,0,-6,1,1,0,1
1454188744483461,4,0,1,-2,-2,1,1,1
1454188744484407,-12,-4,-3,0,3,0,-1,-2
1454188744484407,2,0,1,-1,-8,-3,-3,0
1454188744506437,-2,-1,0,-2,-1,-4,-1,-2
1454188744506437,-2,-3,-2,0,7,1,-1,0
1454188744506437,-2,-1,0,-5,-6,-1,1,-2
1454188744506437,6,0,0,-2,-5,-1,-2,0
1454188744529493,-2,0,-2,1,12,2,-2,0
1454188744529493,-3,-1,-1,0,-2,-1,-2,0
1454188744530454,-1,-2,1,-5,-6,-6,-3,0
1454188744530454,2,1,-5,3,0,0,-1,-2
1454188744543504,0,-3,3,5,1,0,0,-1
1454188744543504,0,-1,1,-2,7,1,0,0
1454188744544450,-3,-1,-2,4,1,2,-1,-2
1454188744544450,3,-3,-2,-10,-3,-6,-2,-2
1454188744566463,-6,0,-1,-1,-3,2,-1,0
1454188744566463,0,1,-1,-2,-5,-1,1,0
1454188744566463,-2,-1,0,4,8,-1,0,1
1454188744566463,1,-1,0,-1,-4,1,0,-1
1454188744589579,1,0,-5,-6,-7,-5,-1,-3
1454188744589579,-3,-1,-2,-3,-8,-2,-2,-2
1454188744589579,0,-1,0,-2,2,4,-2,-2
1454188744589579,3,-2,1,3,2,-2,1,3
1454188744603559,2,0,-2,0,-3,0,-1,-1
1454188744603559,-5,-3,-4,-7,-5,-5,0,0
1454188744604558,3,1,2,4,4,-2,-1,0
1454188744604558,-4,0,-4,5,7,4,-1,-1
1454188744625573,2,0,0,-2,-5,0,-2,-2
1454188744625573,0,-1,-2,0,-8,-2,-1,-1
1454188744626557,-3,-1,-3,-13,-6,-3,-3,-2
1454188744626557,0,1,1,4,3,2,1,2
1454188744648643,2,-4,-5,5,3,-1,-2,-4
1454188744648643,-10,-1,-1,-1,0,1,0,-1
1454188744649624,-2,0,-1,-1,-2,-2,1,0
1454188744649624,-5,-1,-3,-7,-5,-1,-1,-3
1454188744663690,-3,-1,0,-2,-2,-4,-2,-1
1454188744663690,4,0,0,5,6,0,-1,2
1454188744664649,1,1,-1,0,-2,2,-1,-2
1454188744664649,2,-3,-2,-4,-6,-4,-3,-2
1454188744685757,-1,0,-2,0,5,1,-1,0
1454188744685757,3,-1,1,-4,-4,-4,-2,0
1454188744686718,-3,-1,0,7,-1,0,3,0
1454188744686718,-4,-4,-1,7,7,3,-1,0
1454188744708718,-2,0,1,-6,-3,0,0,-2
1454188744708718,2,-3,-4,-4,-1,-1,0,-1
1454188744709718,0,0,-4,-2,0,-1,0,-2
1454188744709718,0,-1,4,-1,-6,-3,-1,-1
1454188744723747,-2,0,-2,3,-1,0,0,0
1454188744723747,-1,-2,2,0,3,0,-1,-2
1454188744724732,-1,-2,-4,-1,0,0,-3,-2
1454188744724732,-3,0,-2,-4,-1,-3,-1,-1
1454188744745847,-1,-4,-3,-9,-7,-4,-1,0
1454188744745847,1,0,1,0,-1,-1,-1,-1
1454188744746793,-1,-1,2,1,3,2,-2,0
1454188744746793,-3,1,-3,2,7,-3,-1,0
1454188744768865,5,0,-1,-3,-7,-1,-1,0
1454188744768865,-11,-2,0,3,2,4,1,-4
1454188744769812,-6,-5,-3,-5,3,-6,-2,-4
1454188744769812,3,-1,0,2,-2,4,0,3
1454188744783875,0,-1,0,-3,2,2,0,1
1454188744783875,0,-1,-2,-3,-1,-2,-1,-1
1454188744783875,3,2,2,7,1,4,1,1
1454188744783875,3,-2,-2,-11,-7,-2,-1,-3
1454188744805893,-6,-2,2,2,5,-1,-3,0
1454188744805893,-5,-1,-5,-2,0,-1,-2,-2
1454188744806836,-1,1,0,-5,-5,-3,-2,-2
1454188744806836,1,-1,-3,-3,-3,-1,0,0
1454188744828971,-4,-2,3,4,-4,-1,0,0
1454188744828971,4,-1,0,-3,-3,-1,1,1
1454188744829915,0,-2,-3,2,6,3,-1,0
1454188744829915,-2,-1,0,1,-5,-1,-1,-2
1454188744842979,1,-1,-2,-3,-3,-4,-1,-2
1454188744842979,1,-1,0,2,-1,1,0,2
1454188744851003,0,0,0,-3,5,-2,-1,0
1454188744851003,-2,-2,-3,3,1,2,-1,-2
1454188744866046,-15,-3,-1,-3,-5,-3,0,-3
1454188744866046,0,-3,0,-3,-8,-3,0,0
1454188744867011,1,0,1,6,3,2,1,-1
1454188744867011,2,-1,1,-2,-1,0,-3,1
1454188744888115,2,-1,-3,-8,-3,-2,-1,-2
1454188744888115,-2,1,0,1,-4,-1,-1,-2
1454188744889077,-3,-2,1,2,3,0,1,1
1454188744889077,-1,0,-1,0,2,3,-1,-1
1454188744903126,0,-1,-2,-2,-1,-1,-2,-1
1454188744903126,1,0,-4,-6,-2,-2,-4,-2
1454188744911132,4,-2,-2,-3,-7,-3,0,-1
1454188744911132,-10,0,2,1,-4,-3,-1,-2
1454188744926142,4,-2,-2,4,3,-2,1,-1
1454188744926142,-3,-2,1,-3,1,-1,0,1
1454188744927148,2,0,-3,-3,-4,-3,-2,0
1454188744927148,-5,-1,-1,-1,2,-1,0,-2
1454188744948117,-1,-1,0,-1,5,2,0,0
1454188744948117,1,0,0,10,2,-6,-1,2
1454188744949103,0,-2,-1,-7,-10,-2,-4,-1
1454188744949103,4,-1,-2,-5,-3,-1,-2,0
1454188744963174,-3,-1,-4,-3,-2,-2,-2,-1
1454188744963174,-4,-2,1,5,7,3,-1,-2
1454188744971173,-1,0,0,1,-1,-2,1,1
1454188744971173,3,1,-2,-9,-7,-5,1,-1
1454188744986183,-1,0,1,2,-5,1,-1,-2
1454188744986183,-1,-2,-3,-4,7,-2,-2,-2
1454188744987183,-2,-2,-1,1,-4,0,-1,-1
1454188744987183,1,-1,-1,0,3,-1,-2,0
1454188745008199,8,-1,-1,-2,-4,-3,1,1
1454188745008199,0,-1,-2,-3,-5,-3,-2,-2
1454188745009160,-5,-3,-3,-6,-6,-1,1,-2
1454188745009160,3,0,-2,-2,5,-1,-1,-2
1454188745023252,-10,-1,1,9,1,3,-2,-3
1454188745023252,1,-1,-1,-1,-2,0,0,0
1454188745031310,-3,0,0,-6,-7,-5,0,-2
1454188745031310,1,-2,-2,1,-5,-1,-1,-1
1454188745046322,3,0,1,-4,3,-2,-2,-2
1454188745046322,0,0,-1,-1,-1,2,0,0
1454188745047284,-8,-3,-4,2,2,-2,-2,-2
1454188745047284,-8,-2,0,2,-1,0,1,-2
1454188745068301,1,0,1,1,2,0,1,2
1454188745068301,4,-3,-2,-3,-5,-2,-2,0
1454188745069282,3,0,1,-2,2,2,-2,-1
1454188745069282,1,-1,-3,-3,-7,-3,-1,0
1454188745083342,-2,1,0,-4,2,2,1,0
1454188745083342,1,1,1,8,-1,0,-1,2
1454188745091405,-1,0,-1,-6,1,-1,-3,-1
1454188745091405,-2,-1,-1,5,2,-1,0,0
1454188745106412,-4,-2,-2,-5,-7,-4,-3,-2
1454188745106412,0,-1,-1,-8,-11,-5,-1,0
1454188745106412,-3,-1,-3,4,6,-1,-1,0
1454188745106412,0,-1,-1,3,6,3,-2,-1
1454188745128511,4,-1,-2,-4,-3,-1,-1,-1
1454188745128511,-3,-1,-1,5,1,1,0,-1
1454188745129458,4,-1,1,0,-5,-3,-2,0
1454188745129458,-4,-2,0,-3,-2,2,0,0
1454188745151491,6,-1,0,0,-2,3,0,1
1454188745151491,-5,-1,0,0,5,-1,1,-2
1454188745152472,-5,-2,-1,0,-1,-1,-4,-1
1454188745152472,-4,-3,1,-1,-5,-1,-2,-3
1454188745165534,-1,-1,-3,-3,-1,0,0,-2
1454188745165534,1,0,-2,-4,-3,-1,-1,-2
1454188745166533,0,1,-1,3,-1,1,2,0
1454188745166533,1,-2,1,-6,6,0,-2,-1
1454188745188602,-2,-2,0,10,5,-2,-1,1
1454188745188602,1,0,-1,-8,-11,-1,-1,1
1454188745189585,-4,-2,-2,0,2,-1,-1,-1
1454188745189585,0,-1,1,5,0,3,-1,-1
1454188745211671,-2,-1,-2,-6,-4,-5,1,-1
1454188745211671,-2,-2,0,-1,-3,-2,-2,-2
1454188745212673,-2,-3,1,-2,2,-2,0,2
1454188745212673,1,-2,-5,-4,0,-2,-1,0
1454188745225716,2,1,-1,-3,-1,-1,0,-1
1454188745225716,-2,-1,0,6,4,0,-1,0
1454188745226677,1,-1,0,-4,-2,1,0,-4
1454188745226677,1,0,0,-3,-1,-2,-1,-2
1454188745248778,-4,-3,-3,-4,-6,-3,-2,-2
1454188745248778,0,0,-1,4,-2,-2,-1,0
1454188745249780,2,-3,1,1,2,0,-1,0
1454188745249780,-7,0,-2,-7,-5,-2,-1,-1
1454188745271914,10,-2,-1,3,-2,-2,-2,-1
1454188745271914,-4,1,-1,-3,13,2,1,-1
1454188745272892,0,-2,-2,-4,-13,-2,-2,-2
1454188745272892,1,0,-3,-3,-1,-1,-2,1
1454188745285887,-7,-1,2,4,6,4,0,-3
1454188745285887,-1,-2,-2,-2,-1,0,-3,-2
1454188745286869,-2,0,-1,-1,-2,-5,-1,-1
1454188745286869,1,-2,-2,-4,-8,-3,0,-1
1454188745307955,-3,-1,-2,-1,4,0,-3,0
1454188745307955,0,0,-1,-3,0,-1,-2,0
1454188745308946,-5,-1,-2,-4,4,1,-1,-3
1454188745308946,1,-1,0,-2,-9,-6,-3,-1
1454188745331968,-2,-1,0,4,4,-1,0,0
1454188745331968,1,-2,-1,-6,-4,1,-1,-1
1454188745332956,0,1,-2,8,0,1,1,-1
1454188745332956,-2,1,-1,-2,-1,-1,-1,-2
1454188745346017,-2,-2,-2,-5,-1,2,0,0
1454188745346017,0,-1,-2,0,0,-2,-1,-1
1454188745347001,8,0,0,0,-2,-3,-1,0
1454188745347001,-10,-1,-2,2,-2,0,-1,-2
1454188745367997,1,0,1,-4,-1,0,0,-1
1454188745367997,-1,-2,0,3,-2,-3,-1,-1
1454188745368991,0,0,-1,-2,-1,0,-2,-1
1454188745368991,2,0,1,3,-5,-2,0,-1
1454188745392013,-5,-1,-4,-2,-8,-2,-3,1
1454188745392013,1,-3,-4,-5,1,-1,1,0
1454188745392013,0,-1,2,1,7,1,-1,1
1454188745392013,-4,-1,-2,0,-2,-4,-1,0
1454188745406060,-2,-1,0,1,-1,-3,-2,-1
1454188745406060,-1,0,0,2,0,1,1,-1
1454188745407022,-2,-2,-3,-12,-3,-3,-1,2
1454188745407022,2,0,-2,0,-3,-2,-1,0
1454188745428075,-1,0,1,5,5,3,1,-1
1454188745428075,-1,-2,1,2,5,1,0,-2
1454188745429040,-4,-1,-1,-2,2,1,0,-2
1454188745429040,3,-1,1,-4,-1,1,0,1
1454188745452117,-8,-1,-4,-4,-3,-5,-2,-4
1454188745452117,-3,-3,-2,-2,-7,-1,-2,-1
1454188745452117,-7,-2,-2,0,5,0,-1,-2
1454188745452117,0,-1,0,0,2,-2,0,-1
1454188745466106,2,1,-3,-2,-12,-4,-2,0
1454188745466106,-1,0,-1,-3,-3,0,0,-2
1454188745467156,1,-1,1,4,4,4,0,-1
1454188745467156,-3,-1,1,0,5,-1,0,-2
1454188745488222,2,-3,-3,-3,-6,-3,0,1
1454188745488222,-10,-1,1,-3,-8,0,-2,-2
1454188745489188,-4,-2,0,8,4,-3,-1,-3
1454188745489188,5,-2,-1,2,2,3,-1,0
1454188745511237,1,-1,1,0,6,2,0,-3
1454188745511237,2,-1,-4,-4,-4,-5,-4,0
1454188745512183,-1,-1,-3,-9,-13,-2,-3,0
1454188745512183,0,-2,1,-1,-1,0,-1,-2
1454188745526193,-2,1,0,3,10,3,3,-1
1454188745526193,-2,0,0,3,-1,2,0,1
1454188745527203,6,-1,0,-2,-2,-2,-1,-1
1454188745527203,1,0,0,0,-3,-3,0,0
1454188745548228,-8,-4,-3,-4,-4,-1,-4,-2
1454188745548228,0,-2,-1,0,1,1,-1,-2
1454188745549210,-2,-1,-2,-3,-6,-4,-1,-1
1454188745549210,1,-1,-1,1,2,0,-1,-1
1454188745571244,0,1,0,1,1,0,0,0
1454188745571244,3,-1,1,7,-1,-2,-3,-1
1454188745572225,-1,-2,-2,0,-2,0,-3,0
1454188745572225,-6,-1,-2,-4,0,1,-1,-2
1454188745586294,0,-2,-2,-2,-2,-2,-3,-2
1454188745586294,-2,-2,-2,-4,1,0,-1,0
1454188745587249,4,0,-1,3,-2,-1,-1,0
1454188745587249,-3,0,1,1,3,1,0,1
1454188745608395,1,-1,-2,-5,-5,1,-1,0
1454188745608395,1,0,-1,-3,-3,-4,-2,-1
1454188745609337,1,-2,-1,0,3,-4,-1,0
1454188745609337,-11,0,-3,-6,-5,1,0,-3
1454188745631409,-2,-3,4,5,2,-3,0,-3
1454188745631409,0,0,-1,-1,-1,0,-1,0
1454188745632371,-6,-2,-1,-1,0,2,-1,-2
1454188745632371,2,-1,-2,-1,3,0,-2,-2
1454188745645467,2,-1,1,-5,-1,-3,-1,-1
1454188745645467,0,-2,0,1,1,0,0,-2
1454188745653435,0,1,0,5,-4,-6,-1,0
1454188745653435,2,-2,-2,-1,1,-1,-1,1
1454188745668448,-3,0,-1,-1,1,1,-1,0
1454188745668448,0,1,-7,-10,-2,0,-1,-1
1454188745669446,-1,-2,-3,-6,4,-3,-1,-2
1454188745669446,0,-2,1,1,-4,-1,-1,-1
1454188745691464,2,-2,-1,-2,0,-2,0,-1
1454188745691464,-1,-1,2,-2,0,1,1,-2
1454188745692444,3,-1,-2,-1,-4,1,0,-1
1454188745692444,-6,-3,-1,0,4,-3,-2,-5
1454188745705472,-5,-2,0,-6,-8,-2,-3,-1
1454188745705472,2,-1,0,2,4,-1,1,0
1454188745706462,-2,-1,-2,0,-1,2,1,-2
1454188745706462,1,-1,-1,-1,-2,0,1,0
1454188745728576,0,0,-5,-7,-4,0,0,1
1454188745728576,-6,-1,0,-6,-5,-3,-2,-1
1454188745729560,4,1,2,14,11,4,0,1
1454188745729560,-6,-1,-1,5,-3,-2,-1,-2
1454188745751642,-9,1,1,-5,-8,-6,-1,-3
1454188745751642,0,-3,-3,-6,-1,0,-1,0
1454188745752585,-7,-2,-2,-9,-6,0,-1,0
1454188745752585,3,-1,1,0,3,2,1,-1
1454188745765614,0,1,-2,2,-3,2,-1,1
1454188745765614,0,-1,-4,0,7,-3,-1,0
1454188745773926,-2,-1,-1,-3,0,2,0,0
1454188745773926,2,-3,-3,-3,-5,-4,-1,1
1454188745788993,3,0,-1,1,6,0,-1,-1
1454188745788993,-2,0,1,-1,-11,-2,0,-2
1454188745788993,-2,-3,-3,-3,-3,-3,-2,-1
1454188745788993,-5,-1,-1,-3,0,-2,-1,-3
1454188745812111,4,-2,-2,0,5,1,1,-2
1454188745812111,-1,-2,-1,1,-1,-2,-1,0
1454188745812111,-10,0,-2,7,3,1,1,-3
1454188745812111,9,1,3,2,-2,-1,0,2
1454188745825159,-2,-2,-3,-4,-4,-1,-2,-1
1454188745825159,-1,-1,-2,-1,4,0,0,0
1454188745833111,-1,-1,-2,-8,-6,-2,-1,-4
1454188745833111,3,1,-5,-3,-4,-3,-1,0
1454188745848175,5,-1,1,3,-3,2,2,0
1454188745848175,-7,0,0,6,5,0,-2,-2
1454188745849136,3,0,0,0,3,-1,-2,0
1454188745849136,-3,0,-2,-4,0,-1,-2,0
1454188745872154,0,-2,1,-5,-6,-2,0,-1
1454188745872154,0,-2,1,2,-3,-1,-2,-1
1454188745872154,-3,-2,1,0,-3,-1,-2,0
1454188745872154,-2,-4,-3,-8,-3,1,0,-1
1454188745885202,1,-2,0,4,3,-1,0,0
1454188745885202,5,0,1,8,2,0,-1,0
1454188745893169,-6,0,0,0,1,1,1,-1
1454188745893169,-3,-2,-1,-3,-2,-2,-4,0
1454188745908218,-4,-2,-2,-4,-1,0,-2,-3
1454188745908218,0,-1,-2,-8,0,-3,0,-2
1454188745909178,6,-2,4,5,-1,0,-1,1
1454188745909178,-2,0,-2,-2,-2,0,0,0
1454188745931294,0,-1,-3,-1,0,0,-3,0
1454188745931294,-1,0,-1,-1,-1,0,-2,-1
1454188745932242,0,-2,-2,-8,-3,-2,0,-1
1454188745932242,0,-1,-1,6,0,-1,-1,-2
1454188745961317,-1,-2,-1,0,-6,-3,-2,-1
1454188745961317,-2,0,-3,0,3,-3,-1,0
1454188745962277,-3,0,-3,-7,-5,0,-2,-1
1454188745962277,-5,-1,2,5,7,0,-1,-1
1454188745968320,3,0,0,0,-4,-2,0,1
1454188745968320,-4,-2,-1,-7,-6,-2,-2,-2
1454188745969266,-3,-1,0,3,-4,-2,-3,-2
1454188745969266,3,1,-4,-4,3,-1,0,-1
1454188745991339,2,0,5,13,3,1,0,2
1454188745991339,-1,0,1,-4,-1,3,1,-2
1454188745991339,-6,-3,-3,-7,-1,-1,-1,-1
1454188745991339,0,-1,0,-2,-4,-3,-3,-2
1454188746005347,-2,0,-2,-4,1,-4,0,-3
1454188746005347,4,-1,-1,0,-1,0,-1,-1
1454188746013431,1,0,0,-1,-4,-1,0,0
1454188746013431,-3,-1,-1,-1,2,-1,-1,-2
1454188746028406,0,-2,-2,-2,9,3,-2,-1
1454188746028406,-3,-1,0,4,-6,-4,-3,1
1454188746029406,4,1,-1,4,6,-2,1,0
1454188746029406,-4,-4,0,-12,-10,3,-1,0
1454188746051456,-13,-3,0,11,5,-1,-1,-4
1454188746051456,-4,-3,-2,-1,0,-1,-1,0
1454188746051456,-3,-2,-3,-4,-3,-1,-2,0
1454188746051456,5,0,-1,1,-1,1,1,1
1454188746065584,3,-1,-2,-7,-2,-2,0,0
1454188746065584,-4,2,0,-1,-3,0,0,0
1454188746073550,2,-1,2,1,1,0,-2,-1
1454188746073550,1,-1,-1,-2,-4,-3,-2,-1
1454188746088599,-3,-1,-3,-3,-2,0,0,-1
1454188746088599,-9,-2,-1,0,1,-1,-2,-3
1454188746089583,5,-1,-2,-3,0,-1,-1,-1
1454188746089583,0,-1,3,4,-3,1,0,-3
1454188746110616,-3,-3,-3,-1,1,-1,-2,-1
1454188746110616,2,-2,-1,-1,5,1,-2,-2
1454188746111576,-1,-2,-4,-7,-5,-4,-1,-2
1454188746111576,-2,1,1,2,-6,-1,-1,-1
1454188746134578,1,0,1,3,5,2,1,-1
1454188746134578,0,-4,-3,-1,-4,0,1,-1
1454188746134578,-1,0,2,-4,5,-1,-2,-2
1454188746134578,-3,-2,-2,2,-2,-3,-2,-2
1454188746148642,0,-1,-1,-8,-3,0,-3,1
1454188746148642,-8,-3,-1,-1,-3,-1,-3,-4
1454188746149645,-1,1,-1,4,-1,-3,0,2
1454188746149645,2,1,-2,-1,-2,-3,-1,0
1454188746170742,1,0,-1,-2,-5,-1,-2,-3
1454188746170742,5,0,0,0,1,0,1,0
1454188746171687,-2,-1,-2,0,-4,-1,0,-2
1454188746171687,-1,0,-2,-1,-2,-2,0,1
1454188746193838,-6,-1,-2,1,0,-1,0,-4
1454188746193838,4,-1,-1,2,5,-1,-1,1
1454188746194783,-5,-1,-1,-5,-5,-1,-1,-2
1454188746194783,-2,-3,-2,-3,-1,-2,-1,-1
1454188746208895,1,-1,-1,-2,-5,-2,-1,-1
1454188746208895,2,-1,-2,-6,-7,-2,0,-2
1454188746208895,-2,0,0,7,-8,-1,-1,0
1454188746208895,-2,-1,1,2,15,3,-1,-3
1454188746230950,0,1,-3,-4,-6,-1,1,0
1454188746230950,-3,-2,-3,-5,0,-1,-2,-2
1454188746238931,2,-1,-1,-2,-1,2,0,-2
1454188746238931,0,-1,-2,0,-8,-3,-1,-2
1454188746253966,3,-1,-2,-3,3,-1,-2,-1
1454188746253966,0,-1,-1,-4,-8,-2,1,0
1454188746254912,-2,-2,1,1,4,0,-1,-4
1454188746254912,1,-1,3,8,8,3,0,1
1454188746268973,2,0,2,4,1,0,1,0
1454188746268973,-3,0,-3,-4,-5,-1,-3,0
1454188746268973,-2,-2,-2,0,-3,-4,-1,0
1454188746268973,-1,-3,-2,-9,-4,-3,-3,-2
1454188746290988,1,0,-4,-5,-4,-6,-3,-2
1454188746290988,0,2,2,7,2,5,1,1
1454188746292026,0,-2,0,1,3,5,1,-1
1454188746292026,-11,-2,-2,-4,-6,-3,-1,-2
1454188746314058,-4,-4,0,-3,-6,-2,-2,-3
1454188746314058,0,0,-4,-6,-2,-5,-2,-2
1454188746315006,0,0,1,-3,0,-3,-2,-1
1454188746315006,4,0,-3,-2,2,3,1,-1
1454188746328032,-3,0,0,-2,-8,-5,-1,2
1454188746328032,-6,-1,2,4,4,1,1,-3
1454188746329014,1,-1,-1,0,4,0,0,1
1454188746329014,-4,-2,-2,0,-2,-3,-1,-2
1454188746351049,-1,-1,-1,-6,0,-1,-1,1
1454188746351049,4,-1,0,-3,-3,0,-2,-1
1454188746352051,1,-2,-1,6,-5,1,1,-1
1454188746352051,-2,-2,-2,-10,-4,-2,-1,-2
1454188746374151,0,-1,0,11,8,0,2,-2
1454188746374151,5,0,2,2,-1,-3,0,2
1454188746375152,-2,-2,-1,-4,-8,1,0,-1
1454188746375152,-3,0,-1,0,8,8,0,1
1454188746388162,-3,-3,-2,-4,-3,-3,-1,-3
1454188746388162,0,0,-2,-5,-15,-4,-2,-2
1454188746389108,0,-3,-4,-2,6,-3,-3,-2
1454188746389108,5,-2,1,5,8,5,0,0
1454188746411260,-2,-2,1,1,1,2,1,0
1454188746411260,-1,0,0,-3,-3,-4,-1,-2
1454188746412237,1,-2,-4,-11,-9,-2,-2,-1
1454188746412237,0,0,2,4,3,-4,0,1
1454188746434234,-3,0,-2,1,4,2,0,-1
1454188746434234,2,-1,0,0,1,-2,-1,1
1454188746435259,-1,-2,0,3,5,2,0,-1
1454188746435259,-6,-2,-2,-4,-14,-2,-3,-2
1454188746448250,5,-2,-1,0,-6,-4,-3,-1
1454188746448250,0,-2,-4,0,7,2,0,0
1454188746449230,2,-1,-3,-3,-6,-7,-2,0
1454188746449230,3,-1,1,3,-4,0,2,2
1454188746471337,-7,-1,-3,-4,0,2,0,-3
1454188746471337,2,-1,-1,-3,-3,-2,-3,-2
1454188746471337,-9,-1,-1,-1,1,-1,-2,-3
1454188746471337,2,-1,1,3,1,-3,-1,-1
1454188746494319,-3,0,0,-4,0,1,-1,-1
1454188746494319,-4,0,1,-2,-12,-1,1,-1
1454188746495297,0,0,0,6,-1,-1,0,1
1454188746495297,4,0,1,0,7,1,1,-1
1454188746508326,0,-1,-2,0,-1,-3,0,-3
1454188746508326,-2,-3,-4,-5,7,1,-2,0
1454188746509326,-1,-1,0,-4,-5,-3,0,1
1454188746509326,1,-3,-3,-3,-6,-2,0,0
1454188746531341,-8,-1,2,7,4,1,-2,0
1454188746531341,0,-2,1,3,3,0,0,-3
1454188746531341,-2,0,-1,-5,-8,-2,-3,-3
1454188746531341,-4,-1,-1,-1,-2,-4,-2,0
1454188746554359,7,0,-1,-1,-4,1,1,2
1454188746554359,-12,-1,-1,0,7,1,0,-2
1454188746555340,3,-1,0,4,1,1,-1,0
1454188746555340,-2,1,-1,0,-1,0,0,0
