Starting time:1454185858720231
Ending time:1454185863714990
Sample count:999
14757395258967641292,1,-13,-35,-1,-7,-2,-4,-3
14757395258967641292,0,0,0,0,0,0,0,0
14757395258967641292,6,5,0,0,-4,-2,-5,-16
14757395258967641292,0,0,0,0,0,0,0,0
14757395258967641292,0,0,0,0,0,0,0,0
14757395258967641292,0,0,0,0,0,0,0,0
14757395258967641292,0,0,0,0,0,0,0,0
14757395258967641292,-4,-7,9,-2,-2,2,0,-6
14757395258967641292,0,0,0,0,0,0,0,0
14757395258967641292,0,0,0,0,0,0,0,0
14757395258967641292,0,0,0,0,0,0,0,0
14757395258967641292,-1,1,-26,0,0,-2,2,12
14757395258967641292,-4,-7,-7,-4,0,4,2,0
14757395258967641292,0,0,0,0,0,0,0,0
14757395258967641292,-3,-1,-8,-1,-1,-3,-1,-1
14757395258967641292,0,0,0,0,0,0,0,0
14757395258967641292,4,-5,-1,6,4,-3,-1,12
14757395258967641292,0,0,0,0,0,0,0,0
14757395258967641292,0,0,0,0,0,0,0,0
14757395258967641292,-1,-3,2,0,1,2,-1,-2
14757395258967641292,0,0,0,0,0,0,0,0
14757395258967641292,0,0,0,0,0,0,0,0
14757395258967641292,0,0,0,0,0,0,0,0
14757395258967641292,0,0,0,0,0,0,0,0
14757395258967641292,4,1,-9,-4,-2,-2,2,5
14757395258967641292,0,0,0,0,0,0,0,0
14757395258967641292,-2,1,14,0,6,2,0,-13
14757395258967641292,0,0,0,0,0,0,0,0
14757395258967641292,-8,7,6,-3,-4,-3,3,0
14757395258967641292,0,0,0,0,0,0,0,0
14757395258967641292,0,0,0,0,0,0,0,0
14757395258967641292,-3,1,4,-2,1,-2,0,1
14757395258967641292,0,0,0,0,0,0,0,0
14757395258967641292,0,0,0,0,0,0,0,0
14757395258967641292,0,0,0,0,0,0,0,0
14757395258967641292,0,0,0,0,0,0,0,0
14757395258967641292,0,-4,0,0,-1,-4,-23,-17
14757395258967641292,0,0,0,0,0,0,0,0
14757395258967641292,6,-8,-35,-8,-1,-2,-5,8
14757395258967641292,0,0,0,0,0,0,0,0
14757395258967641292,2,2,0,1,-2,1,8,12
14757395258967641292,0,0,0,0,0,0,0,0
14757395258967641292,0,0,0,0,0,0,0,0
14757395258967641292,-7,6,10,-2,-2,0,18,5
14757395258967641292,0,0,0,0,0,0,0,0
14757395258967641292,0,0,0,0,0,0,0,0
14757395258967641292,0,0,0,0,0,0,0,0
14757395258967641292,0,0,0,0,0,0,0,0
14757395258967641292,-2,-3,16,3,2,-1,15,-8
14757395258967641292,0,0,0,0,0,0,0,0
14757395258967641292,1,0,-5,3,-4,1,12,9
14757395258967641292,0,0,0,0,0,0,0,0
14757395258967641292,-4,-2,-1,0,0,-4,-61,-14
14757395258967641292,0,0,0,0,0,0,0,0
14757395258967641292,0,0,0,0,0,0,0,0
14757395258967641292,-9,-8,0,-2,-1,2,23,8
14757395258967641292,0,0,0,0,0,0,0,0
14757395258967641292,0,0,0,0,0,0,0,0
14757395258967641292,0,0,0,0,0,0,0,0
14757395258967641292,7,3,12,-1,0,-2,8,7
14757395258967641292,7,3,29,1,-3,1,12,8
14757395258967641292,0,0,0,0,0,0,0,0
14757395258967641292,1,4,10,4,2,3,-9,3
14757395258967641292,0,0,0,0,0,0,0,0
14757395258967641292,1,-1,-63,-11,-4,-4,-5,-16
14757395258967641292,0,0,0,0,0,0,0,0
14757395258967641292,0,0,0,0,0,0,0,0
14757395258967641292,-6,1,18,14,-1,-1,5,-5
14757395258967641292,0,0,0,0,0,0,0,0
14757395258967641292,0,0,0,0,0,0,0,0
14757395258967641292,0,0,0,0,0,0,0,0
14757395258967641292,0,0,0,0,0,0,0,0
14757395258967641292,0,-2,14,-1,-2,2,-37,-5
14757395258967641292,0,0,0,0,0,0,0,0
14757395258967641292,1,3,48,16,12,6,-6,12
14757395258967641292,0,0,0,0,0,0,0,0
14757395258967641292,-2,-2,-38,-9,2,-3,-71,-16
14757395258967641292,0,0,0,0,0,0,0,0
14757395258967641292,0,0,0,0,0,0,0,0
14757395258967641292,-2,1,12,-1,-4,-9,-5,4
14757395258967641292,-9,-9,2,-3,3,0,28,-31
14757395258967641292,0,0,0,0,0,0,0,0
14757395258967641292,0,0,0,0,0,0,0,0
14757395258967641292,-2,1,-16,-2,5,5,-4,-12
14757395258967641292,4,10,15,-9,-3,-8,-47,-32
14757395258967641292,0,0,0,0,0,0,0,0
14757395258967641292,0,0,0,0,0,0,0,0
14757395258967641292,0,0,0,0,0,0,0,0
14757395258967641292,3,-1,13,4,1,8,30,24
14757395258967641292,0,0,0,0,0,0,0,0
14757395258967641292,0,0,0,0,0,0,0,0
14757395258967641292,-4,-1,-14,-6,-5,7,127,45
14757395258967641292,0,0,0,0,0,0,0,0
14757395258967641292,0,0,0,0,0,0,0,0
14757395258967641292,0,0,0,0,0,0,0,0
14757395258967641292,-4,-6,-24,2,-7,-14,-31,-39
14757395258967641292,0,-6,-1,-5,-3,1,20,-4
14757395258967641292,0,0,0,0,0,0,0,0
14757395258967641292,0,0,0,0,0,0,0,0
14757395258967641292,0,0,0,0,0,0,0,0
14757395258967641292,11,1,-18,3,2,5,63,33
14757395258967641292,0,0,0,0,0,0,0,0
14757395258967641292,0,0,0,0,0,0,0,0
14757395258967641292,-8,6,54,-21,-12,-12,-76,-22
14757395258967641292,0,0,0,0,0,0,0,0
14757395258967641292,0,0,0,0,0,0,0,0
14757395258967641292,0,0,0,0,0,0,0,0
14757395258967641292,-17,7,10,-24,-13,-10,-16,12
14757395258967641292,9,9,-9,21,13,3,-40,-15
14757395258967641292,0,0,0,0,0,0,0,0
14757395258967641292,0,0,0,0,0,0,0,0
14757395258967641292,0,0,0,0,0,0,0,0
14757395258967641292,3,-9,-23,14,6,3,-59,-13
14757395258967641292,0,0,0,0,0,0,0,0
14757395258967641292,0,0,0,0,0,0,0,0
14757395258967641292,-12,0,53,-6,-3,5,80,51
14757395258967641292,0,0,0,0,0,0,0,0
14757395258967641292,0,0,0,0,0,0,0,0
14757395258967641292,0,0,0,0,0,0,0,0
14757395258967641292,9,6,-48,-7,-5,-17,-128,-101
14757395258967641292,8,6,14,8,-2,-6,48,1
14757395258967641292,0,0,0,0,0,0,0,0
14757395258967641292,0,0,0,0,0,0,0,0
14757395258967641292,0,0,0,0,0,0,0,0
14757395258967641292,2,4,-3,10,4,-2,-48,-25
14757395258967641292,0,0,0,0,0,0,0,0
14757395258967641292,0,0,0,0,0,0,0,0
14757395258967641292,-17,13,-17,5,-11,-21,-31,-22
14757395258967641292,0,0,0,0,0,0,0,0
14757395258967641292,0,0,0,0,0,0,0,0
14757395258967641292,0,0,0,0,0,0,0,0
14757395258967641292,9,0,-25,11,4,1,45,11
14757395258967641292,-10,-21,14,-4,-3,-3,-3,-16
14757395258967641292,0,0,0,0,0,0,0,0
14757395258967641292,0,0,0,0,0,0,0,0
14757395258967641292,0,0,0,0,0,0,0,0
14757395258967641292,12,26,-14,-7,1,-3,-89,-76
14757395258967641292,0,0,0,0,0,0,0,0
14757395258967641292,0,0,0,0,0,0,0,0
14757395258967641292,9,-1,-38,-1,7,3,91,-8
14757395258967641292,0,0,0,0,0,0,0,0
14757395258967641292,0,0,0,0,0,0,0,0
14757395258967641292,0,0,0,0,0,0,0,0
14757395258967641292,0,0,0,0,0,0,0,0
14757395258967641292,-10,8,-1,-44,-2,11,99,31
14757395258967641292,0,0,0,0,0,0,0,0
14757395258967641292,0,0,0,0,0,0,0,0
14757395258967641292,0,0,0,0,0,0,0,0
14757395258967641292,-8,-50,-20,17,10,22,60,40
14757395258967641292,0,0,0,0,0,0,0,0
14757395258967641292,0,0,0,0,0,0,0,0
14757395258967641292,11,-19,54,-4,3,18,49,103
14757395258967641292,0,0,0,0,0,0,0,0
14757395258967641292,0,0,0,0,0,0,0,0
14757395258967641292,0,0,0,0,0,0,0,0
14757395258967641292,0,0,0,0,0,0,0,0
14757395258967641292,2,-9,-16,6,-13,-11,98,17
14757395258967641292,0,0,0,0,0,0,0,0
14757395258967641292,0,0,0,0,0,0,0,0
14757395258967641292,0,0,0,0,0,0,0,0
14757395258967641292,10,-57,-83,-38,0,0,-33,36
14757395258967641292,0,0,0,0,0,0,0,0
14757395258967641292,0,0,0,0,0,0,0,0
14757395258967641292,-23,4,23,33,-4,-21,86,-71
14757395258967641292,0,0,0,0,0,0,0,0
14757395258967641292,0,0,0,0,0,0,0,0
14757395258967641292,0,0,0,0,0,0,0,0
14757395258967641292,0,0,0,0,0,0,0,0
14757395258967641292,-7,-9,48,32,5,11,-94,47
14757395258967641292,0,0,0,0,0,0,0,0
14757395258967641292,0,0,0,0,0,0,0,0
14757395258967641292,0,0,0,0,0,0,0,0
14757395258967641292,2,21,-4,13,-10,-21,-29,-26
14757395258967641292,0,0,0,0,0,0,0,0
14757395258967641292,0,0,0,0,0,0,0,0
14757395258967641292,-14,43,10,-13,-12,-19,-90,-56
14757395258967641292,0,0,0,0,0,0,0,0
14757395258967641292,0,0,0,0,0,0,0,0
14757395258967641292,0,0,0,0,0,0,0,0
14757395258967641292,0,0,0,0,0,0,0,0
14757395258967641292,1,-17,-20,4,-2,12,62,13
14757395258967641292,0,0,0,0,0,0,0,0
14757395258967641292,0,0,0,0,0,0,0,0
14757395258967641292,0,0,0,0,0,0,0,0
14757395258967641292,14,-30,-56,10,10,8,64,48
14757395258967641292,0,0,0,0,0,0,0,0
14757395258967641292,0,0,0,0,0,0,0,0
14757395258967641292,-29,-57,15,-18,-7,-15,38,-26
14757395258967641292,0,0,0,0,0,0,0,0
14757395258967641292,0,0,0,0,0,0,0,0
14757395258967641292,0,0,0,0,0,0,0,0
14757395258967641292,-24,-9,72,18,8,14,65,45
14757395258967641292,11,69,21,-8,-6,-3,52,65
14757395258967641292,0,0,0,0,0,0,0,0
14757395258967641292,0,0,0,0,0,0,0,0
14757395258967641292,0,0,0,0,0,0,0,0
14757395258967641292,9,36,-50,-17,13,24,127,73
14757395258967641292,0,0,0,0,0,0,0,0
14757395258967641292,0,0,0,0,0,0,0,0
14757395258967641292,-29,-11,57,-2,-10,-32,10,67
14757395258967641292,19,-41,3,7,20,44,106,96
14757395258967641292,0,0,0,0,0,0,0,0
14757395258967641292,0,0,0,0,0,0,0,0
14757395258967641292,1,-63,-47,4,-6,-36,-45,-74
14757395258967641292,-2,-18,23,-17,-7,-18,8,-13
14757395258967641292,0,0,0,0,0,0,0,0
14757395258967641292,0,0,0,0,0,0,0,0
14757395258967641292,0,0,0,0,0,0,0,0
14757395258967641292,-28,4,2,40,6,7,-38,-55
14757395258967641292,0,0,0,0,0,0,0,0
14757395258967641292,0,0,0,0,0,0,0,0
14757395258967641292,-49,20,27,-64,-12,17,82,-51
14757395258967641292,0,66,1,22,-13,-30,-128,-80
14757395258967641292,0,0,0,0,0,0,0,0
14757395258967641292,0,0,0,0,0,0,0,0
14757395258967641292,0,0,0,0,0,0,0,0
14757395258967641292,-33,-26,-7,-42,-30,-29,113,-63
14757395258967641292,0,0,0,0,0,0,0,0
14757395258967641292,0,0,0,0,0,0,0,0
14757395258967641292,0,0,0,0,0,0,0,0
14757395258967641292,20,68,46,32,1,-12,-88,-33
14757395258967641292,0,0,0,0,0,0,0,0
14757395258967641292,0,0,0,0,0,0,0,0
14757395258967641292,29,81,13,-32,-3,-3,-8,49
14757395258967641292,-24,-49,-6,-1,-2,-30,-68,-101
14757395258967641292,0,0,0,0,0,0,0,0
14757395258967641292,0,0,0,0,0,0,0,0
14757395258967641292,0,0,0,0,0,0,0,0
14757395258967641292,15,80,0,-37,10,38,127,109
14757395258967641292,0,0,0,0,0,0,0,0
14757395258967641292,0,0,0,0,0,0,0,0
14757395258967641292,0,0,0,0,0,0,0,0
14757395258967641292,17,-20,-11,-13,4,17,125,18
14757395258967641292,0,0,0,0,0,0,0,0
14757395258967641292,0,0,0,0,0,0,0,0
14757395258967641292,-13,-91,-23,-45,7,-1,-76,-52
14757395258967641292,8,8,46,-44,-24,-29,-13,-49
14757395258967641292,0,0,0,0,0,0,0,0
14757395258967641292,0,0,0,0,0,0,0,0
14757395258967641292,9,79,58,41,13,27,-1,92
14757395258967641292,-25,-80,-17,25,-10,-9,64,32
14757395258967641292,0,0,0,0,0,0,0,0
14757395258967641292,0,0,0,0,0,0,0,0
14757395258967641292,0,0,0,0,0,0,0,0
14757395258967641292,-2,-44,-87,11,6,-6,-128,4
14757395258967641292,0,0,0,0,0,0,0,0
14757395258967641292,0,0,0,0,0,0,0,0
14757395258967641292,-5,-72,-67,-26,-1,17,36,4
14757395258967641292,36,58,11,-14,3,2,-20,43
14757395258967641292,0,0,0,0,0,0,0,0
14757395258967641292,0,0,0,0,0,0,0,0
14757395258967641292,-24,19,-1,17,-17,-35,-5,-43
14757395258967641292,0,45,30,1,16,22,116,86
14757395258967641292,0,0,0,0,0,0,0,0
14757395258967641292,0,0,0,0,0,0,0,0
14757395258967641292,0,0,0,0,0,0,0,0
14757395258967641292,-15,-76,-31,-5,6,32,92,72
14757395258967641292,0,0,0,0,0,0,0,0
14757395258967641292,0,0,0,0,0,0,0,0
14757395258967641292,19,4,-24,-10,12,11,61,19
14757395258967641292,41,29,-17,-10,-5,-5,6,-6
14757395258967641292,0,0,0,0,0,0,0,0
14757395258967641292,0,0,0,0,0,0,0,0
14757395258967641292,18,50,5,29,16,24,-66,45
14757395258967641292,3,16,17,11,1,-3,-4,-22
14757395258967641292,0,0,0,0,0,0,0,0
14757395258967641292,0,0,0,0,0,0,0,0
14757395258967641292,0,0,0,0,0,0,0,0
14757395258967641292,-24,-6,20,-13,-1,8,68,-89
14757395258967641292,0,0,0,0,0,0,0,0
14757395258967641292,0,0,0,0,0,0,0,0
14757395258967641292,0,0,0,0,0,0,0,0
14757395258967641292,-4,-6,34,0,-5,-22,-22,-8
14757395258967641292,-18,-34,8,0,-3,-26,-128,-94
14757395258967641292,0,0,0,0,0,0,0,0
14757395258967641292,-5,45,64,14,10,4,53,52
14757395258967641292,0,0,0,0,0,0,0,0
14757395258967641292,0,0,0,0,0,0,0,0
14757395258967641292,0,0,0,0,0,0,0,0
14757395258967641292,0,0,0,0,0,0,0,0
14757395258967641292,-25,-6,-18,17,-8,4,-2,-65
14757395258967641292,0,0,0,0,0,0,0,0
14757395258967641292,0,0,0,0,0,0,0,0
14757395258967641292,0,0,0,0,0,0,0,0
14757395258967641292,9,-27,-59,-55,5,16,-10,-38
14757395258967641292,-5,22,-25,-30,-10,-5,77,3
14757395258967641292,0,0,0,0,0,0,0,0
14757395258967641292,9,-15,-30,33,3,-3,-28,52
14757395258967641292,0,0,0,0,0,0,0,0
14757395258967641292,0,0,0,0,0,0,0,0
14757395258967641292,0,0,0,0,0,0,0,0
14757395258967641292,0,0,0,0,0,0,0,0
14757395258967641292,10,47,22,-13,8,-4,12,-29
14757395258967641292,0,0,0,0,0,0,0,0
14757395258967641292,0,0,0,0,0,0,0,0
14757395258967641292,0,0,0,0,0,0,0,0
14757395258967641292,-1,-27,-28,41,-3,5,98,13
14757395258967641292,-12,-40,-5,14,0,-4,-8,-8
14757395258967641292,0,0,0,0,0,0,0,0
14757395258967641292,11,-36,-47,-22,-8,-4,-70,-13
14757395258967641292,0,0,0,0,0,0,0,0
14757395258967641292,0,0,0,0,0,0,0,0
14757395258967641292,0,0,0,0,0,0,0,0
14757395258967641292,0,0,0,0,0,0,0,0
14757395258967641292,-5,-4,-9,-19,-5,4,42,4
14757395258967641292,0,0,0,0,0,0,0,0
14757395258967641292,0,0,0,0,0,0,0,0
14757395258967641292,0,0,0,0,0,0,0,0
14757395258967641292,0,94,65,19,4,16,39,-25
14757395258967641292,-3,-81,-17,6,4,3,-14,-23
14757395258967641292,0,0,0,0,0,0,0,0
14757395258967641292,5,10,-9,19,-7,-8,-6,-51
14757395258967641292,0,0,0,0,0,0,0,0
14757395258967641292,0,0,0,0,0,0,0,0
14757395258967641292,0,0,0,0,0,0,0,0
14757395258967641292,0,0,0,0,0,0,0,0
14757395258967641292,14,43,24,11,10,4,26,13
14757395258967641292,0,0,0,0,0,0,0,0
14757395258967641292,0,0,0,0,0,0,0,0
14757395258967641292,0,0,0,0,0,0,0,0
14757395258967641292,-13,-1,-8,-3,6,8,-68,-38
14757395258967641292,-4,28,54,12,-5,-7,-5,-17
14757395258967641292,0,0,0,0,0,0,0,0
14757395258967641292,17,11,-36,-15,4,1,-62,12
14757395258967641292,0,0,0,0,0,0,0,0
14757395258967641292,0,0,0,0,0,0,0,0
14757395258967641292,0,0,0,0,0,0,0,0
14757395258967641292,0,0,0,0,0,0,0,0
14757395258967641292,4,102,30,-1,-10,-19,-1,-11
14757395258967641292,0,0,0,0,0,0,0,0
14757395258967641292,0,0,0,0,0,0,0,0
14757395258967641292,0,0,0,0,0,0,0,0
14757395258967641292,0,0,0,0,0,0,0,0
14757395258967641292,-7,-55,12,23,5,1,-11,4
14757395258967641292,0,0,0,0,0,0,0,0
14757395258967641292,-11,-7,-10,-6,-3,-2,-15,12
14757395258967641292,0,0,0,0,0,0,0,0
14757395258967641292,0,0,0,0,0,0,0,0
14757395258967641292,0,0,0,0,0,0,0,0
14757395258967641292,0,0,0,0,0,0,0,0
14757395258967641292,-2,6,-15,5,0,-6,-14,3
14757395258967641292,0,0,0,0,0,0,0,0
14757395258967641292,0,0,0,0,0,0,0,0
14757395258967641292,0,0,0,0,0,0,0,0
14757395258967641292,0,0,0,0,0,0,0,0
14757395258967641292,-11,-15,10,-10,-8,-5,11,4
14757395258967641292,0,0,0,0,0,0,0,0
14757395258967641292,6,5,3,3,3,3,52,31
14757395258967641292,7,-46,-3,0,-2,-5,1,26
14757395258967641292,0,0,0,0,0,0,0,0
14757395258967641292,0,0,0,0,0,0,0,0
14757395258967641292,0,0,0,0,0,0,0,0
14757395258967641292,4,12,0,-2,3,2,13,-5
14757395258967641292,0,0,0,0,0,0,0,0
14757395258967641292,0,0,0,0,0,0,0,0
14757395258967641292,0,0,0,0,0,0,0,0
14757395258967641292,0,0,0,0,0,0,0,0
14757395258967641292,0,0,0,0,0,0,0,0
14757395258967641292,-6,-19,-10,-7,-3,1,-11,-2
14757395258967641292,6,-3,-14,3,6,-2,-10,-8
14757395258967641292,-1,11,-2,-2,3,3,15,-2
14757395258967641292,0,0,0,0,0,0,0,0
14757395258967641292,0,0,0,0,0,0,0,0
14757395258967641292,0,0,0,0,0,0,0,0
14757395258967641292,-2,-4,-9,7,-3,0,2,0
14757395258967641292,0,0,0,0,0,0,0,0
14757395258967641292,0,0,0,0,0,0,0,0
14757395258967641292,0,0,0,0,0,0,0,0
14757395258967641292,0,0,0,0,0,0,0,0
14757395258967641292,-2,-12,-16,-4,-3,1,-16,-10
14757395258967641292,0,0,0,0,0,0,0,0
14757395258967641292,-1,0,-8,-2,-2,0,0,-4
14757395258967641292,0,10,11,-2,-2,4,3,-2
14757395258967641292,0,0,0,0,0,0,0,0
14757395258967641292,0,0,0,0,0,0,0,0
14757395258967641292,0,0,0,0,0,0,0,0
14757395258967641292,-4,-1,1,-5,-1,1,1,-3
14757395258967641292,0,0,0,0,0,0,0,0
14757395258967641292,0,0,0,0,0,0,0,0
14757395258967641292,0,0,0,0,0,0,0,0
14757395258967641292,0,0,0,0,0,0,0,0
14757395258967641292,4,2,2,-15,-3,-2,0,5
14757395258967641292,0,0,0,0,0,0,0,0
14757395258967641292,0,6,23,11,0,3,-1,15
14757395258967641292,-7,12,7,-3,-1,2,5,-6
14757395258967641292,0,0,0,0,0,0,0,0
14757395258967641292,0,0,0,0,0,0,0,0
14757395258967641292,0,0,0,0,0,0,0,0
14757395258967641292,7,-3,9,6,0,0,2,-1
14757395258967641292,0,0,0,0,0,0,0,0
14757395258967641292,0,0,0,0,0,0,0,0
14757395258967641292,0,0,0,0,0,0,0,0
14757395258967641292,0,0,0,0,0,0,0,0
14757395258967641292,7,-2,-9,11,5,0,5,49
14757395258967641292,0,0,0,0,0,0,0,0
14757395258967641292,-2,8,1,-10,-3,-7,-6,-1
14757395258967641292,0,0,0,0,0,0,0,0
14757395258967641292,-1,16,32,3,2,3,0,-3
14757395258967641292,0,0,0,0,0,0,0,0
14757395258967641292,0,0,0,0,0,0,0,0
14757395258967641292,-3,-2,8,-5,-2,-1,-1,-15
14757395258967641292,0,0,0,0,0,0,0,0
14757395258967641292,0,0,0,0,0,0,0,0
14757395258967641292,0,0,0,0,0,0,0,0
14757395258967641292,-2,17,-24,7,3,4,0,-3
14757395258967641292,-5,-16,-20,-9,-9,-7,-1,-7
14757395258967641292,0,0,0,0,0,0,0,0
14757395258967641292,-29,0,-17,1,-2,2,0,-22
14757395258967641292,0,0,0,0,0,0,0,0
14757395258967641292,-7,-46,-31,-8,-2,-2,-2,-12
14757395258967641292,0,0,0,0,0,0,0,0
14757395258967641292,0,0,0,0,0,0,0,0
14757395258967641292,-6,2,-23,-6,-1,-1,2,-3
14757395258967641292,0,0,0,0,0,0,0,0
14757395258967641292,0,0,0,0,0,0,0,0
14757395258967641292,0,0,0,0,0,0,0,0
14757395258967641292,2,-7,3,-1,3,1,3,6
14757395258967641292,8,6,13,7,6,1,3,0
14757395258967641292,0,0,0,0,0,0,0,0
14757395258967641292,-10,19,-1,-3,-5,-4,-2,18
14757395258967641292,0,0,0,0,0,0,0,0
14757395258967641292,3,-18,12,-9,-5,-3,-5,-16
14757395258967641292,0,0,0,0,0,0,0,0
14757395258967641292,0,0,0,0,0,0,0,0
14757395258967641292,-8,8,-17,2,-3,1,0,2
14757395258967641292,0,0,0,0,0,0,0,0
14757395258967641292,0,0,0,0,0,0,0,0
14757395258967641292,0,0,0,0,0,0,0,0
14757395258967641292,4,-10,10,2,3,1,-3,13
14757395258967641292,2,1,0,1,1,-1,-5,2
14757395258967641292,0,0,0,0,0,0,0,0
14757395258967641292,4,2,40,1,0,0,-3,-1
14757395258967641292,0,0,0,0,0,0,0,0
14757395258967641292,-5,8,-28,-8,-5,-3,-3,-11
14757395258967641292,0,0,0,0,0,0,0,0
14757395258967641292,0,0,0,0,0,0,0,0
14757395258967641292,0,2,-31,-1,1,0,-1,-14
14757395258967641292,0,0,0,0,0,0,0,0
14757395258967641292,0,0,0,0,0,0,0,0
14757395258967641292,0,0,0,0,0,0,0,0
14757395258967641292,0,0,0,0,0,0,0,0
14757395258967641292,-23,-19,-40,-9,-8,-5,-6,-11
14757395258967641292,0,0,0,0,0,0,0,0
14757395258967641292,-2,-7,43,-1,-3,-5,-3,-18
14757395258967641292,0,0,0,0,0,0,0,0
14757395258967641292,14,-9,-2,2,4,-7,-16,-23
14757395258967641292,0,0,0,0,0,0,0,0
14757395258967641292,0,0,0,0,0,0,0,0
14757395258967641292,4,2,20,1,3,0,8,2
14757395258967641292,0,0,0,0,0,0,0,0
14757395258967641292,0,0,0,0,0,0,0,0
14757395258967641292,0,0,0,0,0,0,0,0
14757395258967641292,0,0,0,0,0,0,0,0
14757395258967641292,-5,9,42,4,0,2,1,0
14757395258967641292,0,0,0,0,0,0,0,0
14757395258967641292,0,0,0,0,0,0,0,0
14757395258967641292,0,0,0,0,0,0,0,0
14757395258967641292,-5,-36,-5,-6,-3,-5,3,22
14757395258967641292,0,0,0,0,0,0,0,0
14757395258967641292,0,0,0,0,0,0,0,0
14757395258967641292,3,-10,9,0,2,3,7,9
14757395258967641292,0,0,0,0,0,0,0,0
14757395258967641292,0,0,0,0,0,0,0,0
14757395258967641292,0,0,0,0,0,0,0,0
14757395258967641292,0,0,0,0,0,0,0,0
14757395258967641292,-2,13,9,1,-3,1,1,3
14757395258967641292,0,0,0,0,0,0,0,0
14757395258967641292,0,0,0,0,0,0,0,0
14757395258967641292,0,0,0,0,0,0,0,0
14757395258967641292,0,35,39,-1,-1,-1,0,0
14757395258967641292,0,0,0,0,0,0,0,0
14757395258967641292,0,0,0,0,0,0,0,0
14757395258967641292,0,15,-11,3,4,3,-15,-1
14757395258967641292,0,0,0,0,0,0,0,0
14757395258967641292,0,0,0,0,0,0,0,0
14757395258967641292,0,0,0,0,0,0,0,0
14757395258967641292,1,8,0,-5,-4,-5,2,1
14757395258967641292,0,8,-2,0,0,-1,4,4
14757395258967641292,0,0,0,0,0,0,0,0
14757395258967641292,0,0,0,0,0,0,0,0
14757395258967641292,0,0,0,0,0,0,0,0
14757395258967641292,-5,-13,15,-2,-3,0,1,0
14757395258967641292,0,0,0,0,0,0,0,0
14757395258967641292,0,0,0,0,0,0,0,0
14757395258967641292,-1,7,-3,-2,-4,0,1,1
14757395258967641292,0,0,0,0,0,0,0,0
14757395258967641292,0,0,0,0,0,0,0,0
14757395258967641292,0,0,0,0,0,0,0,0
14757395258967641292,2,-11,13,0,-1,1,-1,2
14757395258967641292,0,14,-4,1,-2,-1,3,2
14757395258967641292,0,0,0,0,0,0,0,0
14757395258967641292,0,0,0,0,0,0,0,0
14757395258967641292,0,0,0,0,0,0,0,0
14757395258967641292,0,9,-3,0,-2,2,0,-2
14757395258967641292,0,0,0,0,0,0,0,0
14757395258967641292,0,0,0,0,0,0,0,0
14757395258967641292,-3,-13,-6,-1,1,1,-1,0
14757395258967641292,0,0,0,0,0,0,0,0
14757395258967641292,0,0,0,0,0,0,0,0
14757395258967641292,0,0,0,0,0,0,0,0
14757395258967641292,-1,-4,-6,-1,2,0,-2,-2
14757395258967641292,-1,-3,-1,-2,-3,-2,-1,1
14757395258967641292,0,0,0,0,0,0,0,0
14757395258967641292,0,0,0,0,0,0,0,0
14757395258967641292,0,0,0,0,0,0,0,0
14757395258967641292,-2,-8,-1,-1,-2,-8,0,0
14757395258967641292,0,0,0,0,0,0,0,0
14757395258967641292,0,0,0,0,0,0,0,0
14757395258967641292,-1,-13,0,-1,-1,-3,0,-1
14757395258967641292,0,0,0,0,0,0,0,0
14757395258967641292,0,0,0,0,0,0,0,0
14757395258967641292,0,0,0,0,0,0,0,0
14757395258967641292,-1,-2,1,-3,-3,-2,0,0
14757395258967641292,0,5,7,-2,-3,2,0,-2
14757395258967641292,0,0,0,0,0,0,0,0
14757395258967641292,0,0,0,0,0,0,0,0
14757395258967641292,0,0,0,0,0,0,0,0
14757395258967641292,-3,-4,-7,-2,0,2,-2,-1
14757395258967641292,0,0,0,0,0,0,0,0
14757395258967641292,0,0,0,0,0,0,0,0
14757395258967641292,1,7,1,-3,-2,-1,-1,1
14757395258967641292,0,0,0,0,0,0,0,0
14757395258967641292,0,0,0,0,0,0,0,0
14757395258967641292,0,0,0,0,0,0,0,0
14757395258967641292,-3,-4,-4,0,2,1,2,-2
14757395258967641292,0,-2,-10,-2,3,0,-2,-1
14757395258967641292,0,0,0,0,0,0,0,0
14757395258967641292,0,0,0,0,0,0,0,0
14757395258967641292,0,0,0,0,0,0,0,0
14757395258967641292,0,2,-4,0,0,5,0,-1
14757395258967641292,0,0,0,0,0,0,0,0
14757395258967641292,0,0,0,0,0,0,0,0
14757395258967641292,-1,-1,-3,-1,-1,-4,0,-1
14757395258967641292,0,0,0,0,0,0,0,0
14757395258967641292,0,0,0,0,0,0,0,0
14757395258967641292,0,0,0,0,0,0,0,0
14757395258967641292,1,8,-5,-1,0,1,-2,-2
14757395258967641292,1,4,0,-2,-4,-3,-3,0
14757395258967641292,0,0,0,0,0,0,0,0
14757395258967641292,0,0,0,0,0,0,0,0
14757395258967641292,0,0,0,0,0,0,0,0
14757395258967641292,-2,-4,-2,0,-2,-2,-2,-2
14757395258967641292,0,0,0,0,0,0,0,0
14757395258967641292,0,0,0,0,0,0,0,0
14757395258967641292,-1,-3,-1,0,-1,1,-3,-2
14757395258967641292,0,0,0,0,0,0,0,0
14757395258967641292,0,0,0,0,0,0,0,0
14757395258967641292,0,0,0,0,0,0,0,0
14757395258967641292,0,0,2,0,3,-5,-1,-1
14757395258967641292,-2,1,-6,-1,-4,-3,-3,0
14757395258967641292,0,0,0,0,0,0,0,0
14757395258967641292,0,0,0,0,0,0,0,0
14757395258967641292,0,0,0,0,0,0,0,0
14757395258967641292,0,1,6,0,0,-1,0,-3
14757395258967641292,0,0,0,0,0,0,0,0
14757395258967641292,0,0,0,0,0,0,0,0
14757395258967641292,-2,-2,6,1,0,-3,-1,0
14757395258967641292,0,0,0,0,0,0,0,0
14757395258967641292,0,0,0,0,0,0,0,0
14757395258967641292,0,0,0,0,0,0,0,0
14757395258967641292,-3,6,1,-2,-3,-1,-2,0
14757395258967641292,0,-2,-2,-1,0,0,-1,0
14757395258967641292,0,0,0,0,0,0,0,0
14757395258967641292,0,0,0,0,0,0,0,0
14757395258967641292,0,0,0,0,0,0,0,0
14757395258967641292,-3,-8,-4,-2,-1,-2,-1,-1
14757395258967641292,0,0,0,0,0,0,0,0
14757395258967641292,0,0,0,0,0,0,0,0
14757395258967641292,-1,3,-2,-1,-2,0,0,0
14757395258967641292,0,0,0,0,0,0,0,0
14757395258967641292,0,0,0,0,0,0,0,0
14757395258967641292,0,0,0,0,0,0,0,0
14757395258967641292,-2,-3,12,-1,-1,-2,-4,-3
14757395258967641292,0,0,0,0,3,0,2,-1
14757395258967641292,0,0,0,0,0,0,0,0
14757395258967641292,0,0,0,0,0,0,0,0
14757395258967641292,0,0,0,0,0,0,0,0
14757395258967641292,0,-9,-4,-1,0,0,-3,-1
14757395258967641292,0,0,0,0,0,0,0,0
14757395258967641292,0,0,0,0,0,0,0,0
14757395258967641292,0,20,-6,-2,-3,-3,-2,-4
14757395258967641292,1,1,-1,-2,0,-2,-1,0
14757395258967641292,0,0,0,0,0,0,0,0
14757395258967641292,0,0,0,0,0,0,0,0
14757395258967641292,0,0,-1,-1,-2,-3,0,-1
14757395258967641292,-2,4,0,0,-2,-3,-1,-1
14757395258967641292,0,0,0,0,0,0,0,0
14757395258967641292,0,0,0,0,0,0,0,0
14757395258967641292,0,0,0,0,0,0,0,0
14757395258967641292,-1,3,8,-3,-3,-3,-1,-3
14757395258967641292,0,0,0,0,0,0,0,0
14757395258967641292,0,0,0,0,0,0,0,0
14757395258967641292,0,-8,-6,2,0,0,-1,0
14757395258967641292,-1,2,-4,-3,-5,-2,0,-1
14757395258967641292,0,0,0,0,0,0,0,0
14757395258967641292,0,0,0,0,0,0,0,0
14757395258967641292,-1,-3,0,-2,0,1,-2,-1
14757395258967641292,-1,-3,-2,0,-1,1,2,-2
14757395258967641292,0,0,0,0,0,0,0,0
14757395258967641292,0,0,0,0,0,0,0,0
14757395258967641292,0,0,0,0,0,0,0,0
14757395258967641292,0,-2,-5,1,0,1,-1,-2
14757395258967641292,0,0,0,0,0,0,0,0
14757395258967641292,0,0,0,0,0,0,0,0
14757395258967641292,-2,0,10,-1,0,4,-2,-2
14757395258967641292,-2,-13,-7,-2,0,0,3,1
14757395258967641292,0,0,0,0,0,0,0,0
14757395258967641292,0,0,0,0,0,0,0,0
14757395258967641292,-2,16,-8,-1,0,-2,-2,-2
14757395258967641292,0,2,-3,-2,-2,-3,-4,-1
14757395258967641292,0,0,0,0,0,0,0,0
14757395258967641292,0,0,0,0,0,0,0,0
14757395258967641292,0,0,0,0,0,0,0,0
14757395258967641292,-1,4,0,-3,-3,-3,-2,-1
14757395258967641292,0,0,0,0,0,0,0,0
14757395258967641292,0,0,0,0,0,0,0,0
14757395258967641292,-1,1,-1,-1,-2,-3,1,1
14757395258967641292,0,-1,-1,-2,1,0,-2,-1
14757395258967641292,0,0,0,0,0,0,0,0
14757395258967641292,0,0,0,0,0,0,0,0
14757395258967641292,0,-2,-1,1,0,0,-1,-2
14757395258967641292,-1,1,0,0,-1,1,-1,-2
14757395258967641292,0,0,0,0,0,0,0,0
14757395258967641292,0,0,0,0,0,0,0,0
14757395258967641292,0,0,0,0,0,0,0,0
14757395258967641292,-2,-1,-3,2,2,2,-1,-2
14757395258967641292,0,0,0,0,0,0,0,0
14757395258967641292,0,0,0,0,0,0,0,0
14757395258967641292,-3,-2,10,-2,-3,-1,3,-1
14757395258967641292,-2,1,1,-3,-4,-2,-2,-2
14757395258967641292,0,0,0,0,0,0,0,0
14757395258967641292,0,0,0,0,0,0,0,0
14757395258967641292,0,0,0,0,0,0,0,0
14757395258967641292,0,-4,6,0,1,-1,-1,-1
14757395258967641292,0,0,0,0,0,0,0,0
14757395258967641292,0,0,0,0,0,0,0,0
14757395258967641292,0,0,0,0,0,0,0,0
14757395258967641292,-1,0,0,0,-3,-2,-1,-1
14757395258967641292,0,0,0,0,0,0,0,0
14757395258967641292,0,0,0,0,0,0,0,0
14757395258967641292,-1,-2,-5,-3,1,-1,-1,0
14757395258967641292,-1,1,-2,-1,-1,-3,0,-1
14757395258967641292,0,0,0,0,0,0,0,0
14757395258967641292,0,0,0,0,0,0,0,0
14757395258967641292,0,0,0,0,0,0,0,0
14757395258967641292,0,-2,0,-1,2,1,2,-1
14757395258967641292,0,0,0,0,0,0,0,0
14757395258967641292,0,0,0,0,0,0,0,0
14757395258967641292,0,0,0,0,0,0,0,0
14757395258967641292,-1,-2,-1,1,-3,1,0,0
14757395258967641292,0,0,0,0,0,0,0,0
14757395258967641292,0,0,0,0,0,0,0,0
14757395258967641292,0,0,0,0,0,0,0,0
14757395258967641292,0,0,0,0,0,0,0,0
14757395258967641292,0,0,-4,-1,-3,-1,-1,-1
14757395258967641292,0,0,0,0,0,0,0,0
14757395258967641292,0,0,0,0,0,0,0,0
14757395258967641292,0,6,2,2,2,0,-1,-2
14757395258967641292,0,0,0,0,0,0,0,0
14757395258967641292,0,0,0,0,0,0,0,0
14757395258967641292,0,0,0,0,0,0,0,0
14757395258967641292,-2,0,-4,-2,0,1,-2,-1
14757395258967641292,0,0,0,0,0,0,0,0
14757395258967641292,0,0,0,0,0,0,0,0
14757395258967641292,0,0,0,0,0,0,0,0
14757395258967641292,0,0,0,0,0,0,0,0
14757395258967641292,0,-2,-2,-2,-1,-4,-1,0
14757395258967641292,0,0,0,0,0,0,0,0
14757395258967641292,0,0,0,0,0,0,0,0
14757395258967641292,-1,-4,-1,-1,-2,0,-2,-1
14757395258967641292,0,0,0,0,0,0,0,0
14757395258967641292,0,0,0,0,0,0,0,0
14757395258967641292,0,0,0,0,0,0,0,0
14757395258967641292,-3,-3,-1,-2,-1,-4,-3,-2
14757395258967641292,0,0,0,0,0,0,0,0
14757395258967641292,0,0,0,0,0,0,0,0
14757395258967641292,0,0,0,0,0,0,0,0
14757395258967641292,0,0,0,0,0,0,0,0
14757395258967641292,0,-3,-1,-1,-3,-2,-1,0
14757395258967641292,0,0,0,0,0,0,0,0
14757395258967641292,0,2,0,0,1,-7,-1,0
14757395258967641292,-2,-1,-1,1,-2,0,0,-2
14757395258967641292,0,0,0,0,0,0,0,0
14757395258967641292,0,0,0,0,0,0,0,0
14757395258967641292,0,0,0,0,0,0,0,0
14757395258967641292,-1,-6,-7,-1,-2,0,-1,-1
14757395258967641292,0,0,0,0,0,0,0,0
14757395258967641292,0,0,0,0,0,0,0,0
14757395258967641292,0,0,0,0,0,0,0,0
14757395258967641292,0,0,0,0,0,0,0,0
14757395258967641292,-1,0,0,-2,-2,-3,0,0
14757395258967641292,0,0,0,0,0,0,0,0
14757395258967641292,-2,-3,0,-4,-4,2,-1,-2
14757395258967641292,0,-9,-4,-2,0,0,-1,0
14757395258967641292,0,0,0,0,0,0,0,0
14757395258967641292,0,0,0,0,0,0,0,0
14757395258967641292,0,0,0,0,0,0,0,0
14757395258967641292,-1,3,2,0,2,-2,1,-1
14757395258967641292,0,0,0,0,0,0,0,0
14757395258967641292,0,0,0,0,0,0,0,0
14757395258967641292,0,0,0,0,0,0,0,0
14757395258967641292,-1,-3,-3,-1,-2,1,-1,-1
14757395258967641292,-2,0,0,0,1,-2,-3,-1
14757395258967641292,0,0,0,0,0,0,0,0
14757395258967641292,0,0,0,-1,-1,-3,1,0
14757395258967641292,0,0,0,0,0,0,0,0
14757395258967641292,0,0,0,0,0,0,0,0
14757395258967641292,0,0,0,0,0,0,0,0
14757395258967641292,0,0,0,0,0,0,0,0
14757395258967641292,0,0,-1,-3,-2,-1,-1,0
14757395258967641292,0,0,0,0,0,0,0,0
14757395258967641292,0,0,0,0,0,0,0,0
14757395258967641292,0,0,0,0,0,0,0,0
14757395258967641292,-1,-1,-2,0,3,-3,0,-1
14757395258967641292,-1,3,-1,1,-3,0,-1,-1
14757395258967641292,0,0,0,0,0,0,0,0
14757395258967641292,-1,1,-1,-1,-1,2,0,1
14757395258967641292,0,0,0,0,0,0,0,0
14757395258967641292,0,0,0,0,0,0,0,0
14757395258967641292,0,0,0,0,0,0,0,0
14757395258967641292,0,0,0,0,0,0,0,0
14757395258967641292,0,-1,0,2,2,3,-1,-2
14757395258967641292,0,0,0,0,0,0,0,0
14757395258967641292,0,0,0,0,0,0,0,0
14757395258967641292,0,0,0,0,0,0,0,0
14757395258967641292,-2,-2,-1,0,0,-1,-1,-1
14757395258967641292,-1,-1,-2,-2,-3,-1,-3,-3
14757395258967641292,0,0,0,0,0,0,0,0
14757395258967641292,1,4,-1,0,-1,-3,-3,-2
14757395258967641292,0,0,0,0,0,0,0,0
14757395258967641292,-1,0,-1,-2,2,0,-1,-2
14757395258967641292,0,0,0,0,0,0,0,0
14757395258967641292,0,0,0,0,0,0,0,0
14757395258967641292,0,-2,-2,-1,-2,-1,0,-1
14757395258967641292,0,0,0,0,0,0,0,0
14757395258967641292,0,0,0,0,0,0,0,0
14757395258967641292,0,0,0,0,0,0,0,0
14757395258967641292,0,0,0,0,0,0,0,0
14757395258967641292,-2,1,1,0,-2,-1,-1,0
14757395258967641292,0,0,0,0,0,0,0,0
14757395258967641292,-1,0,-1,-1,0,-1,-1,-1
14757395258967641292,0,0,0,0,0,0,0,0
14757395258967641292,0,-3,-1,-1,2,0,-2,-1
14757395258967641292,0,0,0,0,0,0,0,0
14757395258967641292,0,0,0,0,0,0,0,0
14757395258967641292,-1,2,2,2,-1,-3,-1,-1
14757395258967641292,0,0,0,0,0,0,0,0
14757395258967641292,0,0,0,0,0,0,0,0
14757395258967641292,0,0,0,0,0,0,0,0
14757395258967641292,0,-5,-2,-4,-1,0,-2,0
14757395258967641292,0,0,0,-1,-2,-2,0,-1
14757395258967641292,0,0,0,0,0,0,0,0
14757395258967641292,0,-2,-2,0,-1,-2,-1,-1
14757395258967641292,0,0,0,0,0,0,0,0
14757395258967641292,0,-2,-2,-1,-2,-1,1,-1
14757395258967641292,0,0,0,0,0,0,0,0
14757395258967641292,0,0,0,0,0,0,0,0
14757395258967641292,-3,-1,-3,-2,-1,-4,-2,-3
14757395258967641292,0,0,0,0,0,0,0,0
14757395258967641292,0,0,0,0,0,0,0,0
14757395258967641292,0,0,0,0,0,0,0,0
14757395258967641292,0,0,0,0,0,0,0,0
14757395258967641292,-1,-2,-2,-3,-5,-5,-1,-2
14757395258967641292,0,0,0,0,0,0,0,0
14757395258967641292,-1,0,1,-1,-1,0,-1,1
14757395258967641292,0,0,0,0,0,0,0,0
14757395258967641292,-1,-1,-1,0,0,-1,0,2
14757395258967641292,0,0,0,0,0,0,0,0
14757395258967641292,0,0,0,0,0,0,0,0
14757395258967641292,-1,0,-1,-1,-2,1,-2,-2
14757395258967641292,0,0,0,0,0,0,0,0
14757395258967641292,0,0,0,0,0,0,0,0
14757395258967641292,0,0,0,0,0,0,0,0
14757395258967641292,-1,-5,0,-1,-1,0,-2,-2
14757395258967641292,0,0,0,0,0,0,0,0
14757395258967641292,0,-2,0,-1,0,1,-1,-2
14757395258967641292,0,-1,-2,-1,-4,-1,-1,-2
14757395258967641292,0,0,0,0,0,0,0,0
14757395258967641292,-3,0,-1,0,1,3,-1,-2
14757395258967641292,0,0,0,0,0,0,0,0
14757395258967641292,0,0,0,0,0,0,0,0
14757395258967641292,0,-1,-1,0,0,-3,0,-1
14757395258967641292,0,0,0,0,0,0,0,0
14757395258967641292,0,0,0,0,0,0,0,0
14757395258967641292,0,0,0,0,0,0,0,0
14757395258967641292,0,0,0,0,0,0,0,0
14757395258967641292,-1,1,-3,0,-1,-3,-1,0
14757395258967641292,0,0,0,0,0,0,0,0
14757395258967641292,-2,-1,-1,-1,0,1,-2,-2
14757395258967641292,0,0,0,0,0,0,0,0
14757395258967641292,-2,-2,0,-1,2,-1,-2,1
14757395258967641292,0,0,0,0,0,0,0,0
14757395258967641292,0,0,0,0,0,0,0,0
14757395258967641292,-1,0,-2,-2,0,0,-1,-1
14757395258967641292,0,0,0,0,0,0,0,0
14757395258967641292,0,0,0,0,0,0,0,0
14757395258967641292,0,0,0,0,0,0,0,0
14757395258967641292,0,0,0,0,0,0,0,0
14757395258967641292,-1,0,-1,2,1,-2,-1,0
14757395258967641292,0,-1,-1,2,-1,1,-2,-1
14757395258967641292,-2,0,-2,-2,0,-1,0,-1
14757395258967641292,0,0,0,0,0,0,0,0
14757395258967641292,-1,-1,0,-1,-2,-1,0,-2
14757395258967641292,0,0,0,0,0,0,0,0
14757395258967641292,0,0,0,0,0,0,0,0
14757395258967641292,-1,0,0,-1,-2,0,-1,-1
14757395258967641292,0,0,0,0,0,0,0,0
14757395258967641292,0,0,0,0,0,0,0,0
14757395258967641292,0,0,0,0,0,0,0,0
14757395258967641292,0,0,0,0,0,0,0,0
14757395258967641292,-1,-1,0,-1,0,-4,1,-1
14757395258967641292,0,0,0,0,0,0,0,0
14757395258967641292,0,-2,-1,-1,2,1,-2,0
14757395258967641292,0,0,0,0,0,0,0,0
14757395258967641292,1,-3,-2,-2,-2,-1,0,0
14757395258967641292,0,0,0,0,0,0,0,0
14757395258967641292,0,0,0,0,0,0,0,0
14757395258967641292,-1,-2,-2,-2,-1,-1,-3,-2
14757395258967641292,0,0,0,0,0,0,0,0
14757395258967641292,0,0,0,0,0,0,0,0
14757395258967641292,0,0,0,0,0,0,0,0
14757395258967641292,0,-1,-2,-2,-4,0,3,1
14757395258967641292,-2,-2,0,0,-2,-2,-1,1
14757395258967641292,0,0,0,0,0,0,0,0
14757395258967641292,-1,-1,-1,-2,-1,-3,-3,0
14757395258967641292,0,0,0,0,0,0,0,0
14757395258967641292,0,2,-1,-2,0,2,-2,-1
14757395258967641292,0,0,0,0,0,0,0,0
14757395258967641292,0,0,0,0,0,0,0,0
14757395258967641292,-1,-1,-1,-1,0,-2,-4,-1
14757395258967641292,0,0,0,0,0,0,0,0
14757395258967641292,0,0,0,0,0,0,0,0
14757395258967641292,0,0,0,0,0,0,0,0
14757395258967641292,2,1,-1,1,-1,-3,-1,1
14757395258967641292,1,-2,-2,0,-2,-3,0,0
14757395258967641292,0,0,0,0,0,0,0,0
14757395258967641292,0,0,0,0,0,0,0,0
14757395258967641292,0,0,0,0,0,0,0,0
14757395258967641292,-2,0,0,-2,-1,-3,0,0
14757395258967641292,0,0,0,0,0,0,0,0
14757395258967641292,0,0,0,0,0,0,0,0
14757395258967641292,-1,-2,-3,-1,-2,-2,1,-1
14757395258967641292,-2,1,-2,-1,2,-1,-1,1
14757395258967641292,0,0,0,0,0,0,0,0
14757395258967641292,0,0,0,0,0,0,0,0
14757395258967641292,-2,0,-1,0,-4,-1,1,-2
14757395258967641292,0,-1,0,-2,-2,0,0,-1
14757395258967641292,0,0,0,0,0,0,0,0
14757395258967641292,0,0,0,0,0,0,0,0
14757395258967641292,0,0,0,0,0,0,0,0
14757395258967641292,-1,-1,-1,-2,-3,-2,-2,-3
14757395258967641292,0,0,0,0,0,0,0,0
14757395258967641292,0,0,0,0,0,0,0,0
14757395258967641292,-1,-2,0,0,-1,-1,0,0
14757395258967641292,0,-5,0,-1,0,3,-1,-3
14757395258967641292,0,0,0,0,0,0,0,0
14757395258967641292,0,0,0,0,0,0,0,0
14757395258967641292,0,0,0,0,0,0,0,0
14757395258967641292,1,-1,0,0,0,2,2,-1
14757395258967641292,0,0,0,0,0,0,0,0
14757395258967641292,0,0,0,0,0,0,0,0
14757395258967641292,0,0,0,0,0,0,0,0
14757395258967641292,-3,-3,-3,-2,-1,-2,-3,-1
14757395258967641292,0,0,0,0,0,0,0,0
14757395258967641292,0,0,0,0,0,0,0,0
14757395258967641292,0,1,1,-2,-1,-3,-2,0
14757395258967641292,0,-1,-2,0,-2,-2,-1,0
14757395258967641292,0,0,0,0,0,0,0,0
14757395258967641292,0,0,0,0,0,0,0,0
14757395258967641292,-3,-2,-2,0,0,1,0,0
14757395258967641292,1,0,-1,0,0,-2,-3,-1
14757395258967641292,0,0,0,0,0,0,0,0
14757395258967641292,0,0,0,0,0,0,0,0
14757395258967641292,0,0,0,0,0,0,0,0
14757395258967641292,0,-2,-1,2,1,0,-1,-1
14757395258967641292,0,0,0,0,0,0,0,0
14757395258967641292,0,0,0,0,0,0,0,0
14757395258967641292,0,-1,-1,-1,-1,-4,-3,1
14757395258967641292,-1,0,-1,0,-3,-1,-2,-1
14757395258967641292,0,0,0,0,0,0,0,0
14757395258967641292,0,0,0,0,0,0,0,0
14757395258967641292,0,0,0,0,0,0,0,0
14757395258967641292,-1,0,0,-1,-1,0,1,0
14757395258967641292,0,0,0,0,0,0,0,0
14757395258967641292,0,0,0,0,0,0,0,0
14757395258967641292,0,0,0,0,0,0,0,0
14757395258967641292,-2,-1,-1,-2,-4,-2,-1,-1
14757395258967641292,0,0,0,0,0,0,0,0
14757395258967641292,0,0,0,0,0,0,0,0
14757395258967641292,0,-2,-1,1,0,-2,0,0
14757395258967641292,0,0,0,0,0,0,0,0
14757395258967641292,-1,0,-1,-1,3,2,0,0
14757395258967641292,0,0,0,0,0,0,0,0
14757395258967641292,0,0,0,0,0,0,0,0
14757395258967641292,-1,-1,-2,0,-1,0,-1,-1
14757395258967641292,0,0,0,0,0,0,0,0
14757395258967641292,0,0,0,0,0,0,0,0
14757395258967641292,0,0,0,0,0,0,0,0
14757395258967641292,-2,-3,-2,-2,0,-1,0,-1
14757395258967641292,0,0,0,0,0,0,0,0
14757395258967641292,0,0,0,0,0,0,0,0
14757395258967641292,-2,1,-2,-2,-1,1,-1,-3
14757395258967641292,0,0,0,0,0,0,0,0
14757395258967641292,0,-1,-2,-1,-2,-1,0,-1
14757395258967641292,0,0,0,0,0,0,0,0
14757395258967641292,0,0,0,0,0,0,0,0
14757395258967641292,-2,-1,0,-3,-2,-1,-1,-1
14757395258967641292,0,0,0,0,0,0,0,0
14757395258967641292,0,0,0,0,0,0,0,0
14757395258967641292,0,0,0,0,0,0,0,0
14757395258967641292,-1,-1,2,-1,-1,-2,-1,-1
14757395258967641292,0,0,0,0,0,0,0,0
14757395258967641292,0,0,0,0,0,0,0,0
14757395258967641292,0,0,1,-1,-2,-1,-4,0
14757395258967641292,0,0,0,0,0,0,0,0
14757395258967641292,0,-1,-1,-1,-3,2,-2,-3
14757395258967641292,0,0,0,0,0,0,0,0
14757395258967641292,0,0,0,0,0,0,0,0
14757395258967641292,-1,0,-2,-3,-3,-3,-1,-2
14757395258967641292,0,0,0,0,0,0,0,0
14757395258967641292,0,0,0,0,0,0,0,0
14757395258967641292,0,0,0,0,0,0,0,0
14757395258967641292,-1,-1,-1,0,0,-7,-1,0
14757395258967641292,0,0,0,0,0,0,0,0
14757395258967641292,0,0,0,0,0,0,0,0
14757395258967641292,-2,-1,-2,-1,0,2,1,-2
14757395258967641292,0,0,0,0,0,0,0,0
14757395258967641292,-1,-2,0,0,-1,0,-3,0
14757395258967641292,0,0,0,0,0,0,0,0
14757395258967641292,0,0,0,0,0,0,0,0
14757395258967641292,-3,-2,-3,-2,-1,2,1,-1
14757395258967641292,0,0,0,0,0,0,0,0
14757395258967641292,0,0,0,0,0,0,0,0
14757395258967641292,0,0,0,0,0,0,0,0
14757395258967641292,0,0,-1,-1,-2,-1,-3,-2
14757395258967641292,0,0,0,0,0,0,0,0
14757395258967641292,0,0,0,0,0,0,0,0
14757395258967641292,0,-3,-1,-3,-3,-5,-2,-3
14757395258967641292,0,0,0,0,0,0,0,0
14757395258967641292,-1,0,-1,0,1,-1,0,0
14757395258967641292,0,0,0,0,0,0,0,0
14757395258967641292,0,0,0,0,0,0,0,0
14757395258967641292,-1,-1,0,-1,-1,-3,0,0
14757395258967641292,0,0,0,0,0,0,0,0
14757395258967641292,0,0,0,0,0,0,0,0
14757395258967641292,0,0,0,0,0,0,0,0
14757395258967641292,0,-2,-2,0,-2,0,-1,-1
14757395258967641292,0,0,0,0,0,0,0,0
14757395258967641292,0,0,0,0,0,0,0,0
14757395258967641292,-1,-1,-3,-1,-4,-1,1,0
14757395258967641292,0,0,0,0,0,0,0,0
14757395258967641292,0,-1,-1,-1,0,4,-2,-3
14757395258967641292,0,0,0,0,0,0,0,0
14757395258967641292,0,0,0,0,0,0,0,0
14757395258967641292,1,-1,-1,0,-2,-1,-1,-1
14757395258967641292,0,0,0,0,0,0,0,0
14757395258967641292,0,0,0,0,0,0,0,0
14757395258967641292,0,0,0,0,0,0,0,0
14757395258967641292,-1,0,-1,0,-1,-4,0,-1
14757395258967641292,0,0,0,0,0,0,0,0
14757395258967641292,0,0,0,0,0,0,0,0
14757395258967641292,0,-1,0,-1,-1,-1,-3,0
14757395258967641292,-2,-1,1,0,1,-1,3,2
14757395258967641292,0,0,0,0,0,0,0,0
14757395258967641292,0,0,0,0,0,0,0,0
14757395258967641292,-1,-1,-2,-2,-1,-1,-1,0
14757395258967641292,-2,0,-2,-1,-1,-1,-1,0
14757395258967641292,0,0,0,0,0,0,0,0
14757395258967641292,0,0,0,0,0,0,0,0
14757395258967641292,0,0,0,0,0,0,0,0
14757395258967641292,-1,0,-1,0,-2,-4,-3,-1
14757395258967641292,0,0,0,0,0,0,0,0
14757395258967641292,0,0,0,0,0,0,0,0
14757395258967641292,-3,-3,-1,-1,0,-1,-1,-2
14757395258967641292,0,-1,2,-2,0,-1,2,-1
14757395258967641292,0,0,0,0,0,0,0,0
14757395258967641292,0,0,0,0,0,0,0,0
14757395258967641292,0,-1,0,-1,0,0,-1,-1
14757395258967641292,-1,-2,0,-1,-2,0,-1,-2
14757395258967641292,0,0,0,0,0,0,0,0
14757395258967641292,0,0,0,0,0,0,0,0
14757395258967641292,0,0,0,0,0,0,0,0
14757395258967641292,0,-1,-2,-2,0,-3,2,0
14757395258967641292,0,0,0,0,0,0,0,0
14757395258967641292,0,0,0,0,0,0,0,0
14757395258967641292,0,-1,-2,-2,-2,-6,-1,-2
14757395258967641292,-1,-1,0,0,-1,-2,-3,-1
14757395258967641292,0,0,0,0,0,0,0,0
14757395258967641292,0,0,0,0,0,0,0,0
14757395258967641292,-2,0,0,0,2,1,0,0
14757395258967641292,-1,-1,0,-5,-2,0,-1,-2
14757395258967641292,0,0,0,0,0,0,0,0
14757395258967641292,0,0,0,0,0,0,0,0
14757395258967641292,0,0,0,0,0,0,0,0
14757395258967641292,0,-1,-3,0,-1,-1,-1,0
14757395258967641292,0,0,0,0,0,0,0,0
14757395258967641292,0,0,0,0,0,0,0,0
14757395258967641292,0,-3,-3,-2,-1,-3,-2,1
14757395258967641292,0,-1,-1,0,-2,-1,-1,-2
14757395258967641292,0,0,0,0,0,0,0,0
