Starting time:1454185968287741
Ending time:1454185980233808
1454185968287741,3,0,-3,0,-2,0,-1,-1
1454185968287741,-2,0,-2,-1,-1,-1,-3,-2
1454185968288742,-3,-2,-2,-2,-3,0,-1,-3
1454185968288742,-2,-2,0,0,-1,-5,-1,-1
1454185968309756,-4,-2,-1,-3,-2,-3,-1,-1
1454185968309756,-1,-2,0,-1,-1,2,2,0
1454185968310757,1,0,0,-1,-1,1,-2,0
1454185968310757,-4,-3,-2,-2,-3,-3,1,-3
1454185968323765,2,0,-2,-1,-2,-3,-3,-2
1454185968323765,0,-1,1,1,-2,-2,0,0
1454185968331771,1,1,0,-2,-2,-1,-3,0
1454185968331771,-5,0,-1,-1,-2,2,0,-1
1454185968347782,0,-3,-2,-2,1,-3,-1,1
1454185968347782,0,-2,-3,-1,-1,0,0,-2
1454185968348783,2,-1,-1,1,2,-4,0,0
1454185968348783,-5,-1,0,0,-1,-2,-3,-2
1454185968369798,-2,-1,0,-1,-2,0,1,-1
1454185968369798,0,0,-3,-1,-3,-3,-1,1
1454185968370798,-2,-2,-1,0,1,1,0,-1
1454185968370798,2,-1,-3,-1,0,-2,-1,0
1454185968383808,-1,-1,-1,0,-1,1,-2,-1
1454185968383808,-3,-1,-3,-1,0,-1,1,-1
1454185968392814,-3,0,0,-1,-1,0,-2,-3
1454185968392814,-1,-3,-1,-6,-1,0,-2,0
1454185968407825,2,-1,-1,-1,-1,-1,1,0
1454185968407825,-1,0,0,-1,-2,-2,-1,0
1454185968408825,-3,-2,1,1,-1,0,-3,-2
1454185968408825,1,-1,1,3,0,1,-1,0
1454185968429840,0,-2,-1,-1,0,0,-2,-2
1454185968429840,1,0,-2,-1,0,0,0,0
1454185968430841,-5,-1,-2,-1,-1,0,-2,-2
1454185968430841,0,-1,0,-1,-1,0,-1,-2
1454185968443851,0,-3,0,0,0,-1,-1,1
1454185968443851,-2,-2,1,-1,0,-3,-1,-2
1454185968452856,2,-1,0,-3,-2,-1,-1,-2
1454185968452856,-1,0,-2,-1,-2,0,-1,-2
1454185968467867,5,0,-1,-2,0,-2,-1,-1
1454185968467867,-1,-2,-2,-2,-2,-5,-2,-2
1454185968468868,0,0,-1,-2,2,-1,0,0
1454185968468868,-3,-3,-2,0,-1,1,0,-1
1454185968489884,2,1,1,0,-2,-1,-2,0
1454185968489884,0,-1,-1,-3,-3,-2,1,0
1454185968491886,1,-2,-2,-2,-3,-3,0,0
1454185968491886,1,0,0,2,3,-2,-2,-2
1454185968503893,-6,0,0,-1,-3,2,0,-2
1454185968503893,0,0,0,0,0,0,-2,0
1454185968512907,-3,-3,-1,0,-1,-1,-2,-1
1454185968512907,-2,0,0,-2,-2,-1,1,-3
1454185968527909,-2,-1,-1,-1,-3,-3,-1,-1
1454185968527909,-3,0,0,-1,1,3,-1,-1
1454185968528910,-1,-2,-1,-1,-1,-1,-1,-1
1454185968528910,1,-1,-2,0,-2,-2,-3,0
1454185968549926,-1,1,-1,0,-4,0,0,-1
1454185968549926,1,0,0,0,0,-1,-2,0
1454185968551927,-4,-4,-1,-2,-1,1,0,0
1454185968551927,-2,-1,0,-1,2,-1,1,-1
1454185968563937,-2,-3,-1,-1,0,-2,0,0
1454185968563937,-2,0,-1,-3,-4,1,-2,-2
1454185968572942,1,0,-2,-1,-2,-5,-1,1
1454185968572942,2,-2,-1,-1,-1,-1,-3,-1
1454185968587954,0,-2,-1,1,2,1,0,-1
1454185968587954,0,0,-2,-2,-2,-2,-1,-1
1454185968588954,-3,-1,-1,-2,-1,1,-1,-3
1454185968588954,2,0,0,0,-1,0,-2,0
1454185968610007,-3,-1,-1,-1,-1,-1,-1,-2
1454185968610007,1,-1,-2,1,-2,-2,-1,-1
1454185968611983,0,0,-2,2,1,1,2,0
1454185968611983,-2,0,1,-1,1,0,-1,0
1454185968624036,0,-2,0,1,-2,-1,0,0
1454185968624036,-3,-2,-1,-2,0,-3,-1,-1
1454185968633000,1,1,0,-1,-2,-1,-2,0
1454185968633000,-1,0,-2,-3,-4,0,0,-1
1454185968648050,-2,-3,-2,-2,-2,-3,-1,0
1454185968648050,-2,-2,1,0,-2,1,-1,-2
1454185968649012,2,1,-3,0,0,2,-3,-1
1454185968649012,0,0,-1,-1,1,-1,0,0
1454185968670015,-5,-3,-2,-2,-2,-1,-2,-3
1454185968670015,-3,-1,-1,1,-1,3,2,-1
1454185968672016,1,-2,-3,-2,-2,-1,-1,-1
1454185968672016,-4,-1,-1,0,-2,-4,-2,-1
1454185968684103,3,0,-1,-2,-1,-1,-3,-2
1454185968684103,-5,-2,-2,-1,-1,1,1,-4
1454185968693238,1,-1,1,1,-2,0,-1,-2
1454185968693238,-1,-2,-3,1,-1,-1,-1,0
1454185968708211,0,1,-1,0,-2,-2,-1,0
1454185968708211,1,-1,-1,-1,0,-1,-2,-1
1454185968709210,-5,-1,-2,-3,-3,-1,2,-1
1454185968709210,1,-2,-3,-3,-3,-1,-3,-2
1454185968730264,-1,1,1,-1,0,-1,0,-1
1454185968730264,2,-1,-1,-1,0,-1,-1,-1
1454185968732220,-1,-1,-2,-4,-1,-2,-2,-2
1454185968732220,-1,0,2,-1,-2,0,0,-1
1454185968744240,-2,-2,-2,-1,1,1,-1,0
1454185968744240,0,0,-2,-1,-1,-2,0,0
1454185968753292,1,-1,-1,1,-1,-3,-2,0
1454185968753292,-1,0,-1,0,0,3,1,-2
1454185968767310,-2,-3,-2,-1,-2,-2,0,0
1454185968767310,0,-5,0,2,0,-1,0,1
1454185968769302,1,-2,1,-1,-4,-1,1,0
1454185968769302,1,0,1,0,1,-3,-1,0
1454185968790362,3,1,1,-2,-2,-2,-3,-2
1454185968790362,-2,1,-1,-2,1,0,-3,-2
1454185968792312,-2,-2,-2,-2,2,1,2,0
1454185968792312,1,-1,-2,-3,-3,-2,0,-2
1454185968804345,-2,-3,-3,-4,-2,2,-1,-1
1454185968804345,-2,0,2,-2,-2,-1,-2,-2
1454185968813366,0,1,1,0,-1,0,-1,-1
1454185968813366,-3,-3,0,0,-2,-1,-3,-1
1454185968827399,-2,-2,-1,-1,0,2,0,-1
1454185968827399,-1,-2,-2,-3,-1,-1,-1,-1
1454185968829358,0,0,-1,0,-3,-2,-2,-1
1454185968829358,-4,-3,0,0,1,-2,0,0
1454185968850372,0,0,0,1,1,-1,1,-2
1454185968850372,0,-1,-2,-1,-1,1,0,2
1454185968852355,0,-3,0,-1,-2,-4,-1,-2
1454185968852355,-2,-1,-2,-3,-3,0,-2,-3
1454185968864383,0,0,-3,-2,-3,-1,0,1
1454185968864383,-2,0,-2,0,-2,-1,-4,-2
1454185968873401,-1,0,-3,0,4,2,0,0
1454185968873401,1,0,1,-2,-2,0,1,0
1454185968887441,-4,-2,0,-1,-1,-2,0,-2
1454185968887441,0,-1,-1,0,-1,-2,-2,0
1454185968889380,-4,-2,0,-2,-1,1,-1,-2
1454185968889380,1,0,-1,-1,1,-1,-2,-1
1454185968910458,0,-1,0,-1,-1,-1,-2,0
1454185968910458,-2,-1,-1,-2,-3,0,-1,-1
1454185968911429,4,-2,-1,0,-2,-2,-2,1
1454185968911429,-6,-1,-1,1,1,2,2,-1
1454185968924427,3,0,-1,-1,0,-3,-2,-2
1454185968924427,-6,-3,-1,-3,0,-2,4,-1
1454185968933410,2,2,-1,-1,-2,-1,-1,0
1454185968933410,-1,-3,-2,-2,-3,-3,-1,-2
1454185968947433,-4,-1,-3,1,-1,-1,-3,-3
1454185968947433,2,-2,0,0,0,2,-3,-2
1454185968949420,2,0,-1,-1,0,-5,0,-1
1454185968949420,-4,-2,0,0,0,1,-2,-1
1454185968970498,0,-2,0,-2,-1,0,0,0
1454185968970498,-1,-1,-2,0,-2,-2,-2,0
1454185968971479,-4,-3,-1,-1,-2,0,-2,-1
1454185968971479,1,-1,-2,-1,0,1,-1,-1
1454185968983469,-1,0,-1,1,0,-2,-1,-2
1454185968983469,-2,1,-1,-3,0,0,0,-1
1454185968992502,-4,-3,-3,0,-3,-1,-1,-2
1454185968992502,4,-1,-2,0,-1,-1,-1,-1
1454185969007526,-6,-2,-1,-2,-1,-1,0,0
1454185969007526,1,0,-1,1,1,-3,0,-3
1454185969009465,0,2,0,0,1,0,1,-2
1454185969009465,-3,-2,-2,-2,-3,-3,-1,-1
1454185969030542,-3,-2,0,-2,-3,0,-2,0
1454185969030542,0,-2,-1,0,0,1,1,1
1454185969031504,0,-2,-1,-3,-1,-2,-2,0
1454185969031504,0,-1,-1,-1,-1,-2,-1,-1
1454185969044488,3,2,-1,-1,0,-1,0,0
1454185969044488,1,0,-1,0,-1,0,-2,1
1454185969052520,-1,-1,0,-1,-2,0,0,-3
1454185969052520,3,0,-2,-1,-4,-1,-1,2
1454185969067665,-4,-2,-1,-2,-2,1,0,0
1454185969067665,0,-2,-1,-2,-2,-5,-3,-1
1454185969069665,2,-1,0,0,0,1,-2,1
1454185969069665,-5,-1,0,-3,0,-1,1,0
1454185969090690,-1,0,-1,2,2,0,-1,-1
1454185969090690,1,-2,-2,-2,-1,-1,1,0
1454185969091667,-2,-2,-2,0,-2,1,-1,-1
1454185969091667,-4,-1,-3,-2,-1,-1,-1,-1
1454185969103725,-1,-2,-2,-2,-2,1,-2,-2
1454185969103725,-4,-1,-2,-1,-2,-5,1,0
1454185969112707,-2,0,-1,-1,1,-1,-2,0
1454185969112707,7,-1,0,0,1,1,-2,-2
1454185969128843,-1,0,-1,-1,-2,-1,1,-2
1454185969128843,0,0,0,0,0,2,-2,-1
1454185969129840,-6,-3,-2,-3,0,-2,-1,-1
1454185969129840,0,-1,-1,1,-2,-2,-1,0
1454185969149882,2,0,0,0,-1,-3,-3,-1
1454185969149882,-1,-2,-3,-2,-2,2,1,-1
1454185969151823,0,-1,-1,-1,-3,0,-2,-1
1454185969151823,-3,1,0,0,1,-1,0,-1
1454185969172901,1,0,-1,0,-1,-2,-1,-1
1454185969172901,-1,-1,0,1,1,0,-1,-2
1454185969174840,-1,0,0,0,-1,-1,-2,-2
1454185969174840,-3,-2,-3,-3,-2,-3,-3,-2
1454185969186908,2,-2,-1,0,1,0,-1,-1
1454185969186908,-2,0,-1,-2,-1,-1,-1,-2
1454185969193912,3,-2,0,-1,0,0,0,-1
1454185969193912,-2,-1,0,-1,-2,1,-2,-1
1454185969209922,-3,-3,-2,-2,-1,-2,0,-2
1454185969209922,1,-2,0,-1,-3,-3,-2,-1
1454185969211896,-2,-1,-3,-1,-2,-1,-1,1
1454185969211896,-1,1,-1,2,-1,2,1,0
1454185969232938,-1,-1,-1,0,1,-4,0,-1
1454185969232938,1,0,0,2,-1,2,0,0
1454185969233882,-3,0,0,-3,-1,-3,3,-2
1454185969233882,-2,-2,-1,-2,-3,-1,-1,-1
1454185969246921,-2,-1,0,0,0,0,-1,-1
1454185969246921,1,-2,-2,-2,-2,-3,-2,-1
1454185969255897,2,-1,-1,0,1,1,-1,-2
1454185969255897,-3,-1,0,-1,1,1,0,-2
1454185969269938,0,0,0,-1,2,-5,-2,1
1454185969269938,-3,-1,-1,-2,-9,1,0,-2
1454185969271909,1,-3,-1,-2,-2,-2,-2,-2
1454185969271909,-1,-1,-1,-1,1,0,-4,-1
1454185969293041,1,1,-1,-2,-3,-1,2,-1
1454185969293041,-2,1,-2,-1,2,0,-1,-3
1454185969295042,-4,0,-2,0,-1,1,0,1
1454185969295042,-4,-2,-1,0,-1,-3,-2,-2
1454185969306053,4,0,-2,-2,-2,-1,-2,-2
1454185969306053,-2,-1,1,-1,-2,-2,0,0
1454185969315059,-3,0,-4,0,-2,-3,-2,-2
1454185969315059,1,-1,-1,-1,1,-3,0,0
1454185969330065,-3,-2,0,-1,-2,0,-2,1
1454185969330065,-1,-2,-2,0,0,-3,-1,1
1454185969332067,0,-1,0,0,0,-1,-2,0
1454185969332067,-3,-2,-1,0,1,-1,1,-1
1454185969353082,-2,0,-1,-1,-3,-1,-2,-1
1454185969353082,1,0,0,-2,1,0,-2,-1
1454185969354083,1,0,0,-2,-3,-2,1,-3
1454185969354083,-3,-1,-2,-2,-3,-2,-1,-1
1454185969366093,0,-1,-2,-1,-2,2,-3,0
1454185969366093,-1,-1,-1,0,0,0,-1,-1
1454185969375099,-3,-1,-3,0,-1,-4,2,-1
1454185969375099,1,0,-2,0,0,-2,-2,0
1454185969390108,-3,-1,-1,-4,-1,2,2,0
1454185969390108,0,-1,-1,0,-1,-1,-1,2
1454185969392113,1,0,0,1,-2,-2,-2,-1
1454185969392113,-1,-2,0,-1,-3,-2,0,-2
1454185969413125,1,-2,-1,-1,-1,-1,-2,0
1454185969413125,-3,-1,-3,-2,0,-3,-1,-2
1454185969414125,-4,-1,-1,-2,0,2,0,0
1454185969414125,-1,1,-1,-1,-2,-2,-4,-1
1454185969427134,-2,0,0,-1,-1,0,-1,-1
1454185969427134,1,-3,-2,-1,-2,-3,-1,-2
1454185969434151,-4,-3,0,-1,1,0,-1,-2
1454185969434151,0,-1,1,-2,-2,0,0,-2
1454185969450164,-3,-2,-3,0,0,-2,1,-1
1454185969450164,2,-2,-2,-1,-3,0,1,-2
1454185969452152,-2,-1,-1,-2,-2,0,-2,-1
1454185969452152,3,-1,-2,-3,-3,-4,0,0
1454185969472167,-5,-1,-1,1,2,1,-1,-3
1454185969472167,-3,-1,0,-3,-2,-2,1,0
1454185969474168,-1,0,-2,-1,-2,3,-3,-1
1454185969474168,6,-2,1,-2,-2,-2,0,0
1454185969486177,-3,-2,0,-3,-2,-1,0,0
1454185969486177,0,2,-1,-1,-1,0,-2,2
1454185969495185,1,0,-2,-2,0,-2,-3,0
1454185969495185,-3,-2,-1,0,0,0,0,-2
1454185969510326,1,-2,0,0,-3,-2,-2,0
1454185969510326,-3,-3,-2,-1,0,-2,-2,-1
1454185969512275,1,-2,0,-1,-2,-1,-2,1
1454185969512275,-2,0,-2,-1,1,0,0,1
1454185969532428,-1,0,1,0,-3,-2,-1,1
1454185969532428,-1,-2,0,-1,-2,-1,-1,-2
1454185969534374,-2,0,1,0,0,0,0,-2
1454185969534374,-2,-1,-1,0,-3,-3,-1,-1
1454185969546405,0,0,-2,0,1,2,0,-2
1454185969546405,-2,-2,-2,-1,0,-6,-3,-1
1454185969555404,0,-1,-2,-3,-1,-1,0,-1
1454185969555404,-1,0,-1,0,0,3,0,0
1454185969570516,-1,-1,-2,1,-1,1,2,0
1454185969570516,-1,-1,0,1,0,-1,0,-1
1454185969571460,-1,-2,0,-4,-3,-3,-2,-2
1454185969571460,0,-2,-3,-2,-2,-2,0,1
1454185969592531,-2,0,-2,-1,-1,-3,-3,-2
1454185969592531,-2,-1,-1,-2,-2,1,-2,-1
1454185969594505,-1,-1,0,-1,-2,-2,0,1
1454185969594505,-2,0,-2,-1,1,1,0,-2
1454185969606542,-1,-2,0,-2,-2,1,-1,-1
1454185969606542,1,0,0,1,0,0,0,-2
1454185969615639,-1,1,-2,-2,-1,-1,0,-2
1454185969615639,-1,-1,-2,1,-2,1,2,0
1454185969630654,2,0,-3,-2,1,1,-2,0
1454185969630654,-2,-2,-1,0,-1,0,0,-1
1454185969631621,0,-1,-1,-1,-3,-4,-2,-2
1454185969631621,-1,-3,0,-1,1,-2,0,-1
1454185969652639,-2,-1,0,1,-1,-2,0,-1
1454185969652639,0,0,0,-3,-2,1,-4,-1
1454185969654665,1,0,-2,-1,0,1,-1,0
1454185969654665,-1,-1,0,-2,-1,-5,-2,-2
1454185969666702,0,-2,-2,-2,-2,-2,-1,1
1454185969666702,-1,0,0,-1,1,1,0,-1
1454185969675780,0,-1,1,3,-1,-2,0,-2
1454185969675780,-3,0,-1,-1,-2,0,-1,-2
1454185969690791,0,-2,0,-1,1,1,1,1
1454185969690791,0,-1,-1,-2,1,0,0,0
1454185969691767,0,-2,0,0,-2,1,0,0
1454185969691767,-1,-2,-2,-3,-1,1,0,0
1454185969712835,-2,0,-1,0,-1,-4,-2,-4
1454185969712835,-3,-1,-3,-2,-3,-4,0,-1
1454185969714806,-1,1,0,1,2,3,2,-1
1454185969714806,1,-2,-1,0,-2,0,-2,-1
1454185969726824,-1,-2,0,-1,-1,-1,0,-1
1454185969726824,0,0,-3,1,-1,1,-1,-1
1454185969735797,-1,-2,-1,-1,-1,-1,-2,-1
1454185969735797,-4,0,0,0,-2,-3,-1,-1
1454185969750834,1,-2,-1,0,-2,-5,-3,-2
1454185969750834,-2,-3,-1,-1,-1,-1,2,0
1454185969751807,0,-2,-1,0,1,-1,-1,0
1454185969751807,0,-1,0,1,-2,-1,-2,0
1454185969772877,-2,0,-2,-1,-2,-4,-3,0
1454185969772877,-1,-2,1,-2,-3,-1,1,-2
1454185969774823,-5,-2,-3,0,-2,0,0,-3
1454185969774823,0,-1,0,-2,1,0,0,0
1454185969786857,-1,-1,-1,-2,-1,1,0,1
1454185969786857,1,1,1,-1,1,0,0,-1
1454185969795849,-1,-2,0,-3,-3,-3,-2,-1
1454185969795849,-1,0,-1,-1,-3,0,-1,-2
1454185969809851,1,-1,0,0,0,0,1,-1
1454185969809851,-2,-2,-1,0,-1,0,0,-1
1454185969811859,-3,-3,-1,-1,-1,-1,-2,0
1454185969811859,0,0,0,0,-1,-1,-1,-1
1454185969832889,-2,0,-1,-2,-1,-2,0,-1
1454185969832889,-1,-2,-1,-1,-1,-1,-2,-1
1454185969833863,2,0,1,-3,0,-1,-1,0
1454185969833863,-3,-1,-2,-2,-1,0,-2,-2
1454185969846872,-2,-1,-1,1,2,2,0,0
1454185969846872,0,1,-2,-2,1,0,-1,0
1454185969854882,0,0,-1,-1,-1,0,0,-1
1454185969854882,-1,0,0,-2,-2,-2,-1,-1
1454185969869887,-1,-1,-1,0,-2,-1,-2,-1
1454185969869887,4,-1,-3,-1,-2,-1,-2,-1
1454185969871889,-3,-1,-2,-3,-1,-1,-2,-2
1454185969871889,-2,-3,-1,0,0,-1,-2,-1
1454185969892960,-2,-2,-2,-3,-1,-2,1,-1
1454185969892960,1,0,0,-1,-1,-1,-2,0
1454185969893958,-2,-3,0,1,-1,-2,-1,-3
1454185969893958,0,0,0,-2,-2,2,0,-1
1454185969905914,1,-2,0,1,-2,-4,2,1
1454185969905914,-1,0,-2,-2,-1,-3,-1,1
1454185969914924,1,-2,-2,-4,2,-1,-1,0
1454185969914924,-1,-1,0,-1,-3,-1,-4,-2
1454185969929984,-2,-2,-1,1,-2,-1,-2,0
1454185969929984,-2,-1,-2,-1,-2,-1,2,-1
1454185969931930,0,0,-1,0,-1,0,-1,0
1454185969931930,-2,-1,-1,-2,2,-2,-2,0
1454185969952955,0,0,-1,1,0,0,-3,-1
1454185969952955,-4,0,0,-1,-3,0,-2,-3
1454185969953947,0,0,-2,-1,-1,-1,0,-3
1454185969953947,-1,-2,-2,-1,-1,-2,1,-2
1454185969966010,1,1,1,-2,-3,1,0,-1
1454185969966010,-4,-1,-1,0,0,-1,-2,0
1454185969974974,-2,-3,0,0,-1,0,2,0
1454185969974974,3,0,-2,-3,0,-2,-1,1
1454185969989990,1,0,-2,1,1,0,-1,-2
1454185969989990,0,-2,-1,-1,-1,-3,-2,0
1454185969991982,-1,-1,2,1,-3,0,1,2
1454185969991982,-2,-1,-1,1,-2,-1,-1,-2
1454185970013007,-1,-1,-1,-3,1,-2,-2,0
1454185970013007,0,-2,-1,-2,-1,-3,-1,-2
1454185970013999,-1,-2,-4,-1,0,0,-3,0
1454185970013999,0,-2,-2,2,-3,-2,-1,0
1454185970026052,-2,0,0,-3,-2,-2,-2,-2
1454185970026052,-2,-1,0,3,2,1,0,0
1454185970035005,0,0,-3,-1,0,0,0,-3
1454185970035005,1,-1,-1,-1,0,2,-1,-4
1454185970050068,-1,-2,-3,-3,-2,-2,0,-2
1454185970050068,1,1,0,-1,-1,-1,1,-2
1454185970052016,-1,0,1,1,0,-1,-2,-1
1454185970052016,-4,-1,-1,-2,-2,-4,-3,0
1454185970073032,-3,-3,-4,-1,0,0,1,-1
1454185970073032,1,0,-1,-1,0,-1,-3,-1
1454185970074029,-3,-1,-2,-2,-1,-1,3,1
1454185970074029,2,0,-1,0,-2,-1,-3,1
1454185970086111,0,0,0,-1,-1,0,-1,-1
1454185970086111,-3,-2,-2,-2,-2,-2,2,-2
1454185970095080,0,0,-1,-2,-1,-1,-2,-2
1454185970095080,-1,1,1,1,0,1,0,0
1454185970110110,1,0,-3,-1,-1,-1,-5,-2
1454185970110110,-3,-3,-1,-2,-1,-1,1,0
1454185970112114,-1,-2,-1,0,-3,0,-4,-1
1454185970112114,-4,-2,-2,-1,0,0,3,0
1454185970133114,1,0,2,0,-1,-1,-2,-1
1454185970133114,0,-1,-1,0,0,-1,0,1
1454185970134108,-4,-1,0,-1,-1,-2,-1,-1
1454185970134108,1,-1,-1,0,-1,1,-2,-2
1454185970155144,-1,-3,-2,-4,-3,-1,1,0
1454185970155144,-1,-1,-1,0,-1,-2,-1,-1
1454185970157143,2,-1,1,-2,-1,-3,-1,0
1454185970157143,-3,-2,-1,-1,-1,2,0,-3
1454185970170247,-2,0,0,1,-1,-3,-2,-2
1454185970170247,1,0,-1,0,-3,0,-3,1
1454185970172211,2,-2,-3,0,-1,0,1,0
1454185970172211,0,-1,0,-1,-2,-4,-1,-1
1454185970193222,-3,-2,-1,-1,-1,-1,-1,-2
1454185970193222,4,-1,0,0,1,2,0,-2
1454185970194224,-3,1,-1,0,-3,-2,-2,1
1454185970194224,-1,0,1,0,0,-1,-1,-1
1454185970215254,-1,0,-2,1,0,0,-1,0
1454185970215254,0,-1,0,-1,-1,0,-1,0
1454185970217266,1,0,-1,-2,-2,-1,-2,-3
1454185970217266,0,-1,-2,-2,0,-6,-1,0
1454185970229254,-3,-1,-1,3,0,-2,-1,-1
1454185970229254,-1,1,1,-2,0,-1,-1,-2
1454185970236257,1,-2,-3,0,0,0,-3,1
1454185970236257,-1,-2,-1,-2,-3,0,-5,-2
1454185970252247,0,0,-2,-1,-2,-3,-1,-1
1454185970252247,-3,-4,0,0,0,1,-2,-1
1454185970254249,0,1,-1,-1,1,1,0,-1
1454185970254249,-1,-1,-1,-2,1,0,0,0
1454185970275318,0,0,0,-1,-1,-1,-2,0
1454185970275318,0,-1,-1,-2,-3,-3,-1,-1
1454185970277267,-2,0,-1,-1,-2,0,1,-3
1454185970277267,-1,-2,0,0,1,0,-1,0
1454185970289378,-2,0,0,0,1,-1,1,-3
1454185970289378,1,1,0,-2,-2,-1,0,0
1454185970296363,1,-2,0,0,0,-3,-2,-2
1454185970296363,1,1,-3,-2,-1,0,-1,-2
1454185970312518,-1,-1,-1,-3,-2,2,-1,-1
1454185970312518,0,-1,-2,1,-2,-1,-2,-1
1454185970314502,-2,-2,0,-1,0,0,0,0
1454185970314502,-2,-2,-1,0,0,0,-1,-1
1454185970335479,-1,-2,-1,-5,-3,-5,-4,-1
1454185970335479,0,0,-1,-1,-1,1,0,-2
1454185970336478,1,2,-2,-1,-2,-1,1,-1
1454185970336478,-3,-1,-1,-1,-3,-3,0,-1
1454185970349544,-1,-1,-2,-1,-2,4,0,-1
1454185970349544,-2,0,0,-1,1,-2,0,-3
1454185970356560,0,-1,0,-2,0,-1,-1,0
1454185970356560,-2,0,1,0,-2,-2,-1,-1
1454185970372571,-2,0,1,-1,0,-1,-1,0
1454185970372571,0,-1,-3,0,-1,-1,-3,1
1454185970374505,-3,-3,-1,1,-1,-1,0,-2
1454185970374505,-1,-2,-3,-2,0,-2,-1,-1
1454185970395681,0,-1,-1,1,1,0,2,0
1454185970395681,-4,-2,-3,-2,-2,-2,-3,-2
1454185970396636,0,0,1,0,-2,-2,0,0
1454185970396636,-3,-1,-1,-3,-2,-2,-1,-2
1454185970409710,2,0,0,-1,0,-1,1,0
1454185970409710,0,-1,-2,-2,0,-2,-2,-2
1454185970416716,-1,-2,-1,-1,-1,0,-3,0
1454185970416716,1,0,0,-1,-1,1,2,0
1454185970432722,-3,-2,0,-1,-2,0,-2,-3
1454185970432722,-1,-2,-2,1,0,-1,-1,-1
1454185970434673,-1,-1,-1,-1,-2,-1,-2,-2
1454185970434673,-2,-2,-2,0,-2,0,-1,0
1454185970455697,0,-1,-1,-1,-2,-1,-2,1
1454185970455697,-2,-2,0,-1,-1,-2,-1,0
1454185970456678,1,1,-2,-2,0,-1,0,-2
1454185970456678,-1,0,1,0,0,2,-1,-1
1454185970477902,0,-1,-3,-1,0,-2,-1,-2
1454185970477902,-5,-3,0,-1,-2,2,0,-2
1454185970479834,0,0,1,1,-1,-3,-2,0
1454185970479834,-1,-3,-2,-3,-1,-2,1,-3
1454185970492913,0,-1,0,1,-1,-3,-4,0
1454185970492913,1,-1,0,-1,-2,-2,0,-1
1454185970494872,-2,-1,-2,2,-1,1,1,-2
1454185970494872,0,1,-1,-2,-3,-1,-2,-2
1454185970514926,-3,-2,1,-1,0,-1,0,0
1454185970514926,0,-2,-4,-4,1,0,-1,-2
1454185970516885,-1,-3,1,2,-5,-3,-2,-1
1454185970516885,1,-1,-2,1,2,1,-2,0
1454185970529936,-2,0,-2,-5,-3,-2,0,0
1454185970529936,0,-1,-1,2,0,-1,-2,-1
1454185970535875,-1,-1,-2,-5,0,0,0,-2
1454185970535875,0,0,2,5,-4,-3,-2,-3
1454185970552893,-2,-2,-2,-4,0,0,0,-1
1454185970552893,0,-2,-2,-6,-2,0,0,-1
1454185970554887,-2,-1,-1,-2,-3,-4,-2,-2
1454185970554887,-2,-1,-1,-1,1,2,2,-1
1454185970574969,1,0,-1,2,-1,0,1,1
1454185970574969,-3,-1,0,0,-1,0,-3,0
1454185970576927,0,0,-2,-1,0,1,-2,0
1454185970576927,0,0,0,-2,1,-1,0,0
1454185970589982,-1,-1,-1,2,-1,-2,-3,-2
1454185970589982,-4,-2,-1,0,-3,-1,-1,0
1454185970596944,-2,-1,-1,-2,0,0,-2,-1
1454185970596944,0,0,-2,-1,-1,1,0,-2
1454185970613068,-1,-1,-2,-2,0,0,-1,-2
1454185970613068,1,-1,-2,-1,-1,0,-2,-2
1454185970614005,0,-1,-1,-3,0,-2,0,-1
1454185970614005,-1,-1,0,-1,0,-1,-1,0
1454185970635085,0,-1,0,0,-3,-1,0,0
1454185970635085,-3,-1,1,0,0,-4,1,0
1454185970637019,-1,0,-2,0,-1,-1,-1,0
1454185970637019,-1,-2,-1,-3,-1,-1,1,0
1454185970649199,0,-2,-1,-1,-1,-1,-1,2
1454185970649199,-1,0,0,-2,0,1,0,-1
1454185970658157,1,-1,-1,-2,-2,1,-1,0
1454185970658157,0,-2,-2,-2,-3,-1,-1,-1
1454185970673206,-3,-1,0,-1,-1,0,-2,-2
1454185970673206,1,-1,-1,-1,-3,-2,0,0
1454185970674171,-2,-1,-1,0,1,-2,-1,-1
1454185970674171,0,-1,-2,0,-1,-1,-3,0
1454185970695249,-2,-2,0,-2,-1,-3,-2,-2
1454185970695249,1,-2,-2,0,-2,-1,-2,0
1454185970697188,-1,-2,0,0,-2,0,-1,-2
1454185970697188,-2,0,-3,0,0,1,-1,1
1454185970709262,0,-1,-1,1,0,-2,1,-2
1454185970709262,0,1,-1,-1,-1,-1,-1,-3
1454185970718225,0,1,0,-2,1,-4,0,0
1454185970718225,-2,-3,1,-2,-2,-1,-2,-3
1454185970733235,0,0,-3,-2,-1,0,-1,-3
1454185970733235,-1,1,-1,-2,-3,-1,0,-1
1454185970734214,0,0,-3,0,0,3,-2,1
1454185970734214,-2,-1,-1,-2,-2,-1,0,0
1454185970755291,-1,0,-1,0,-2,1,-1,-1
1454185970755291,-1,0,0,2,0,-1,-1,-2
1454185970757250,-3,-3,-1,-2,0,0,2,1
1454185970757250,0,0,-2,-1,0,0,-1,0
1454185970769296,0,-1,-2,-2,-2,-3,-1,0
1454185970769296,-2,1,-1,0,0,-1,-1,-2
1454185970778268,-2,-1,0,1,-3,-1,-2,-1
1454185970778268,-3,-2,-2,-4,0,-3,-1,-2
1454185970793279,-1,-1,-1,-2,-1,-1,-2,-1
1454185970793279,-2,-2,0,0,-1,-1,1,-1
1454185970794277,-1,-1,0,-1,-2,0,-3,-2
1454185970794277,-1,-2,-1,-3,-2,-3,-1,-1
1454185970815334,2,-1,-1,-2,-2,1,0,0
1454185970815334,-3,-3,-2,-2,-2,0,-1,0
1454185970817314,1,-1,-2,-2,-1,-1,-2,-2
1454185970817314,2,1,0,4,1,-1,0,1
1454185970829313,-3,-1,-2,0,2,1,1,0
1454185970829313,-1,-2,-3,-2,-1,-1,-1,-1
1454185970838284,-1,-2,0,-2,-1,-1,0,0
1454185970838284,-2,-2,-1,-4,-1,-2,-4,-2
1454185970852361,0,0,1,-1,-3,-1,-1,-1
1454185970852361,-1,-1,-1,-3,-1,-2,0,0
1454185970854295,-2,0,0,0,-2,-1,-1,-1
1454185970854295,0,0,-1,0,-1,0,0,-2
1454185970875310,-1,-4,-1,1,0,0,-1,-1
1454185970875310,0,0,-1,-1,-2,0,-2,-2
1454185970876311,-4,-3,-3,-6,-3,-1,0,0
1454185970876311,1,0,0,0,-1,-1,-1,-1
1454185970889335,-2,0,0,0,-1,-2,-2,-1
1454185970889335,-1,0,1,0,-1,-1,-2,-1
1454185970898380,1,-1,-2,-5,-1,-1,-1,-2
1454185970898380,-4,-1,-2,-2,-1,1,3,0
1454185970913356,0,-4,-1,-1,-1,-3,1,0
1454185970913356,0,-2,2,1,0,-1,-1,0
1454185970914357,0,-1,1,10,-1,-2,-2,-2
1454185970914357,0,-2,0,-4,-1,2,-2,-1
1454185970935469,-3,-3,-4,-5,0,-1,-4,-2
1454185970935469,-4,-3,-5,-7,-2,-2,1,-1
1454185970936428,-1,-2,-3,3,3,1,-1,0
1454185970936428,-1,-2,-3,-10,0,1,-2,0
1454185970949418,-1,0,0,3,-2,0,-1,0
1454185970949418,2,-1,-1,1,-2,-2,-1,-1
1454185970958424,-1,1,-2,-5,-2,-1,0,1
1454185970958424,0,0,1,9,-1,-1,0,-1
1454185970972495,-1,-1,-2,-10,-3,0,0,-3
1454185970972495,-1,-1,0,7,0,-1,-1,0
1454185970974434,-1,1,0,-3,1,0,1,-2
1454185970974434,-3,-2,-3,1,-3,-2,-2,-2
1454185970995513,1,-1,1,-1,-2,-2,0,-2
1454185970995513,-1,1,-2,-1,-1,1,-3,-2
1454185970996449,0,-1,0,8,-2,0,-1,-2
1454185970996449,3,-1,-1,-8,-1,-1,-2,1
1454185971008636,-4,-1,-1,3,-2,0,2,-1
1454185971008636,-2,-2,-2,-1,2,-2,-1,-2
1454185971017640,2,-1,0,-1,-2,0,-2,0
1454185971017640,0,1,0,2,-1,-5,-3,-1
1454185971032695,-1,-1,-4,-2,0,-2,-2,-1
1454185971032695,1,1,-1,2,0,1,0,1
1454185971034624,-5,-2,1,-2,-3,1,0,-2
1454185971034624,-2,-2,0,-3,-3,0,3,0
1454185971055680,2,0,1,2,-1,0,-1,0
1454185971055680,-3,-2,0,-6,-1,-2,-1,-2
1454185971056646,0,-3,-2,-2,0,0,-2,-1
1454185971056646,0,1,0,1,-1,-5,0,0
1454185971077724,0,0,-2,0,1,-1,-1,-1
1454185971077724,2,-1,-2,-1,-4,0,-3,-3
1454185971079655,-2,-1,-3,-8,1,0,2,-1
1454185971079655,-2,-1,1,1,0,1,-2,-2
1454185971092735,-2,-2,0,1,-1,0,-1,1
1454185971092735,-1,-1,-4,-3,1,0,-1,0
1454185971094666,-1,-1,-2,0,-2,-2,-2,-2
1454185971094666,0,0,-1,2,-2,1,0,-1
1454185971115709,-2,-2,-4,-11,-2,-1,-3,-3
1454185971115709,0,0,0,2,-1,0,-1,0
1454185971116687,-1,-1,-1,0,-1,-3,-2,-3
1454185971116687,0,0,-1,1,0,-1,0,1
1454185971137855,2,1,1,2,-3,-3,-2,0
1454185971137855,-2,-1,1,-2,0,2,0,0
1454185971139855,-2,0,-3,0,1,-2,0,-2
1454185971139855,-1,-1,-2,-1,-3,-2,-1,-2
1454185971152928,-3,-1,-1,-2,-2,-2,0,0
1454185971152928,-2,-2,-1,-3,-2,-1,0,-3
1454185971153866,-1,-1,-1,0,-3,2,-4,-1
1454185971153866,-1,-2,-1,0,1,-1,-1,1
1454185971174943,1,0,-1,2,1,-2,-2,1
1454185971174943,1,-2,-2,-1,-2,-2,3,-1
1454185971176880,0,-1,0,-2,-1,-3,-1,0
1454185971176880,-5,-4,-2,0,-2,2,-2,-4
1454185971198115,2,-1,-1,-4,1,3,-1,1
1454185971198115,-2,-2,1,2,-1,0,-1,0
1454185971199046,-1,0,-2,-1,0,-2,1,0
1454185971199046,-3,0,-2,-2,-3,-3,-1,-2
1454185971213131,-2,-2,1,5,-1,-2,0,-3
1454185971213131,0,1,0,3,-1,-2,-3,-1
1454185971219128,0,-1,-1,-8,0,0,-2,-1
1454185971219128,0,-1,-2,-2,-1,-2,0,-2
1454185971236138,-1,-1,-1,0,-3,-2,-2,-1
1454185971236138,0,-3,-1,-1,-2,-2,0,-1
1454185971237073,-2,-2,1,1,-3,-3,-3,0
1454185971237073,-1,-2,-1,-1,-2,0,0,0
1454185971258146,-2,-3,-1,2,-1,-2,0,-2
1454185971258146,-1,1,-2,-1,0,-1,-3,-1
1454185971259103,-1,-2,1,0,-1,0,1,-2
1454185971259103,0,2,-1,-4,1,2,-1,-2
1454185971273146,-2,-2,-2,-4,-2,-2,-1,-3
1454185971273146,-3,-2,-2,-2,-1,0,-1,-2
1454185971279172,-1,-2,-1,1,-1,-2,0,0
1454185971279172,0,-1,-3,-3,0,-3,-1,0
1454185971295183,-1,0,0,1,0,2,-2,0
1454185971295183,0,0,-1,-2,-1,-3,-1,-1
1454185971297141,0,-1,-2,0,1,3,-1,1
1454185971297141,-3,-1,0,1,-1,-4,-2,-1
1454185971318282,-2,-1,-1,-3,-2,-2,0,-1
1454185971318282,-1,-2,-2,-3,0,-2,-1,-1
1454185971319307,1,0,-2,-2,-1,-1,-2,-2
1454185971319307,0,0,-1,1,0,1,-1,-1
1454185971332312,-4,-2,-2,0,-3,0,-2,-1
1454185971332312,0,1,0,1,-1,-2,2,2
1454185971339298,2,-2,-1,-2,-3,-2,-2,-1
1454185971339298,-1,1,-2,3,1,-3,-1,1
1454185971355310,0,0,0,-2,1,1,1,-1
1454185971355310,-4,-4,-3,-9,-1,-2,-1,-1
1454185971357308,-2,-1,-1,0,-2,0,-1,-1
1454185971357308,-3,-2,-2,-3,-3,0,-2,-1
1454185971377343,3,0,-1,4,3,-1,-1,0
1454185971377343,-1,0,-1,2,0,1,-2,-2
1454185971379338,-2,-2,-1,-2,-2,0,1,-2
1454185971379338,0,-3,0,1,-2,-4,-2,-1
1454185971392353,-1,0,3,1,1,-1,0,1
1454185971392353,-2,-1,-1,-7,-1,0,1,-1
1454185971399352,-2,-1,-1,0,-1,-3,0,-2
1454185971399352,0,-1,-2,-3,-1,0,-1,-1
1454185971415366,-6,-1,-2,-3,-3,-4,-5,-2
1454185971415366,1,-2,0,1,0,1,-2,-1
1454185971417351,-2,0,1,1,0,-1,-1,0
1454185971417351,1,-1,-2,-1,1,-2,0,0
1454185971437369,1,-2,-2,-2,0,-2,1,-1
1454185971437369,-2,-2,-1,-1,-2,-3,-1,-1
1454185971439370,0,-2,-2,-2,-1,-1,-1,-1
1454185971439370,-1,0,1,-1,0,3,-2,-1
1454185971452397,-2,-1,-3,-2,-2,-3,-1,-1
1454185971452397,0,0,-3,0,-4,-1,-1,0
1454185971459394,0,-1,-2,-1,1,1,-1,-1
1454185971459394,-3,-2,-1,-4,-1,-2,2,-3
1454185971475393,-1,0,-2,0,-2,-2,-2,-2
1454185971475393,0,1,-1,3,-1,-2,-1,-2
1454185971476394,2,2,0,2,0,-2,-2,1
1454185971476394,-2,-3,-2,-6,2,2,0,-1
1454185971497413,-1,-3,-2,-3,0,2,1,-1
1454185971497413,-2,-1,-1,1,1,-2,-2,0
1454185971499413,2,-1,-1,3,0,2,0,-1
1454185971499413,-4,-1,1,3,-3,-3,-2,-1
1454185971512419,0,-1,-1,-2,-2,-2,0,0
1454185971512419,0,0,0,3,1,0,0,-2
1454185971519423,-2,0,-1,0,-3,-3,-2,0
1454185971519423,0,-1,0,-3,-2,0,0,-1
1454185971535458,-1,-1,-2,-2,-3,0,1,-1
1454185971535458,0,-1,-2,-1,0,-1,0,1
1454185971537435,-3,-2,-3,-3,0,-4,-1,0
1454185971537435,2,0,-1,-1,-1,-1,0,0
1454185971557454,-2,-2,-1,0,-1,2,-1,-2
1454185971557454,-1,-1,1,-3,-2,0,-1,-2
1454185971559457,-1,-1,0,3,-2,-1,-2,-3
1454185971559457,1,-2,-5,-9,-1,-1,0,1
1454185971571464,1,-1,1,2,-1,-4,-4,-1
1454185971571464,-3,-1,-3,-5,3,3,1,0
1454185971580588,-3,-3,1,1,1,2,-1,-1
1454185971580588,-2,-3,0,1,0,-3,1,-2
1454185971595570,-1,0,-1,0,1,-1,-4,-1
1454185971595570,-2,-1,-5,-6,-5,-3,0,0
1454185971596574,-1,0,-2,-3,-2,0,-2,-1
1454185971596574,-3,1,0,3,-1,-3,-3,-1
1454185971617589,0,-1,0,-2,-2,0,1,-1
1454185971617589,-1,-1,-1,2,-2,-1,-2,-2
1454185971619592,-2,-1,-1,-5,1,-1,2,0
1454185971619592,0,0,-1,3,1,2,-3,0
1454185971631599,0,1,-2,-1,-1,-1,1,0
1454185971631599,-1,0,-2,0,-1,0,-3,-1
1454185971640603,0,-2,1,-3,-3,-3,-1,-2
1454185971640603,1,-1,-1,0,-5,-2,-1,-2
1454185971655617,-2,-3,-2,-3,0,-2,0,0
1454185971655617,-2,-3,0,1,1,2,0,-2
1454185971656620,-1,0,-1,-2,0,-3,0,1
1454185971656620,0,1,-2,-1,-1,0,-3,-3
1454185971677650,-1,-3,0,1,-1,2,-1,-3
1454185971677650,2,0,0,0,-3,-2,-2,0
1454185971679631,-2,-2,-1,-1,-3,0,-1,-4
1454185971679631,2,0,0,2,-2,-3,-1,0
1454185971691655,-2,0,-3,-4,-3,-2,-1,0
1454185971691655,1,0,-2,-2,0,-4,-3,-1
1454185971707725,-2,-1,-3,1,0,1,-3,-1
1454185971707725,-2,-1,-1,0,-1,0,1,-1
1454185971715731,1,0,0,1,-1,-1,-2,1
1454185971715731,-3,-1,-1,-2,-3,-3,0,-1
1454185971716757,-1,-1,-3,-2,-2,-1,1,0
1454185971716757,-3,-3,1,-1,-1,-2,-1,-2
1454185971737919,-1,-1,1,-1,-1,1,1,-2
1454185971737919,-1,-1,0,0,0,1,0,-1
1454185971739912,-1,-1,-1,-1,-1,-4,-2,-2
1454185971739912,-3,-2,-2,-2,-2,1,0,-1
1454185971750989,-4,0,-1,0,0,-1,-3,-1
1454185971750989,-1,-1,-2,0,-3,-2,-1,0
1454185971760004,1,0,0,-2,-1,1,-2,1
1454185971760004,0,0,0,-3,2,-3,-1,-1
1454185971775005,-1,-1,-1,-2,0,-1,-3,-1
1454185971775005,-3,-3,-2,-2,-2,-1,-1,-3
1454185971776964,2,0,0,1,-1,-2,3,0
1454185971776964,-1,-1,-2,-1,0,0,-2,0
1454185971798021,-1,-3,1,0,-1,-3,-1,1
1454185971798021,-2,-1,-2,-1,0,-2,-1,-1
1454185971798955,-3,-1,-1,0,0,0,-3,-1
1454185971798955,0,0,-1,1,-1,0,0,-1
1454185971810962,1,-2,-2,1,0,0,0,-2
1454185971810962,-4,-1,0,4,-3,0,0,-2
1454185971819968,0,0,-1,-7,-3,0,0,0
1454185971819968,-1,-2,0,-1,0,-2,0,-1
1454185971834978,-2,-2,-2,-2,-1,-2,-3,-2
1454185971834978,1,-1,-1,-2,0,-1,0,-2
1454185971836979,-2,0,2,1,0,-1,-2,0
1454185971836979,-2,-2,1,-1,-1,3,-1,0
1454185971857994,-3,0,0,-2,-2,-5,-2,-2
1454185971857994,1,-2,1,-3,-1,2,0,-1
1454185971858995,-1,0,-1,0,0,0,-3,-3
1454185971858995,0,-1,1,-2,-3,-4,-1,0
1454185971871005,0,0,-1,0,1,0,-1,1
1454185971871005,0,-1,-1,-1,-1,-2,2,0
1454185971880010,-5,-3,-1,-3,-3,0,-3,-2
1454185971880010,0,-3,-4,-2,0,0,-2,-1
1454185971895024,2,-1,-3,0,0,-1,3,-2
1454185971895024,-1,0,-1,-1,-1,-1,-2,-2
1454185971897037,-1,-2,-2,-1,-1,-1,-1,0
1454185971897037,0,-1,-2,-1,1,-1,0,-2
1454185971918095,-2,-1,-2,-2,-4,1,-2,0
1454185971918095,1,-1,-2,-1,2,0,0,-2
1454185971919085,-1,0,-2,-2,0,-2,-2,-1
1454185971919085,-2,-2,-1,0,-3,1,-3,0
1454185971931086,0,-1,1,0,0,0,-1,-1
1454185971931086,-3,-2,-3,-3,1,1,0,0
1454185971940125,-4,-2,-2,-1,-2,-3,1,-1
1454185971940125,1,1,-2,-1,-1,2,1,-1
1454185971955135,-2,-2,0,0,-2,-3,-1,-1
1454185971955135,-1,-3,-2,-1,-3,-2,-4,0
1454185971957155,0,-1,-1,1,-1,-2,1,-1
1454185971957155,-1,0,-1,-2,-1,0,0,-4
1454185971977216,-2,-1,-1,-2,0,1,-2,-2
1454185971977216,3,-1,1,-1,-1,-1,-1,2
1454185971979202,0,0,-1,-1,-1,1,2,0
1454185971979202,-1,0,1,-1,-2,-2,-3,-2
1454185972000273,-3,-3,-2,-1,-1,0,1,-1
1454185972000273,-1,2,0,-2,-1,-2,-3,-3
1454185972002273,3,-2,0,-1,-3,-1,0,0
1454185972002273,-4,-1,1,0,0,-1,1,0
1454185972014282,-1,-1,-1,0,-3,0,-2,0
1454185972014282,-1,0,-1,0,1,1,-2,-1
1454185972021234,0,-3,-1,-1,0,2,-3,0
1454185972021234,-3,-3,-1,2,0,1,-1,-2
1454185972037262,-1,0,-1,-3,-2,-1,1,0
1454185972037262,-3,0,-1,-1,-2,-2,-1,-2
1454185972039246,-2,0,-1,-2,1,-3,-2,-2
1454185972039246,1,-2,-2,-2,-1,-3,-1,0
1454185972059278,-1,-2,-1,1,-2,2,-2,-2
1454185972059278,0,-3,-3,-4,0,-1,3,1
1454185972068285,-1,1,-1,1,-3,0,-2,0
1454185972068285,-1,0,-1,-1,-1,-1,-1,1
1454185972075273,-3,-1,-3,-1,-2,-3,1,-1
1454185972075273,-3,1,0,-1,-1,0,-3,-2
1454185972077271,2,-2,-1,-1,0,0,-1,-1
1454185972077271,-3,1,-2,1,0,0,-1,-1
1454185972097302,3,0,-2,-3,-1,-2,-2,-1
1454185972097302,-3,-2,-2,-2,-2,-3,-1,1
1454185972099289,-2,0,-1,-2,0,1,-1,-3
1454185972099289,0,-1,-1,-2,-2,-2,-3,-1
1454185972120304,0,-1,0,0,1,0,0,0
1454185972120304,-2,-2,-2,0,-1,-3,-1,-3
1454185972122303,-1,-1,-2,2,-1,-2,-1,0
1454185972122303,2,-1,-1,0,1,-1,-1,-1
1454185972134373,-1,-1,-2,-4,-2,-3,0,-1
1454185972134373,1,0,2,0,-1,0,0,-1
1454185972141361,-2,-1,-2,-3,-3,-3,-1,-1
1454185972141361,0,-3,-1,-2,-1,2,-1,-2
1454185972157370,-1,1,-2,1,-1,-2,-1,0
1454185972157370,0,0,0,2,1,1,-2,-1
1454185972158969,-1,-1,0,0,-1,0,1,-1
1454185972158969,-4,-3,-3,-5,-3,-2,-1,2
1454185972180006,-2,-1,0,-2,-2,0,-1,-2
1454185972180006,-3,-2,-1,1,-4,-1,1,-1
1454185972181988,-1,-1,1,1,-1,-1,-1,-1
1454185972181988,1,1,-1,0,0,-1,0,-1
1454185972195016,-2,1,0,1,-1,0,-2,-1
1454185972195016,-2,-1,-1,-1,-1,-3,1,-3
1454185972201144,-1,0,2,-1,-2,1,-1,0
1454185972201144,0,-2,-2,0,-1,-2,0,-3
1454185972218192,1,-1,0,0,0,-3,0,-3
1454185972218192,1,-2,0,1,0,1,-3,-1
1454185972219190,-1,-1,-2,-3,1,-3,-2,-2
1454185972219190,-2,0,-1,1,1,1,0,-1
1454185972240249,-1,-2,-1,0,-2,0,-3,0
1454185972240249,-1,-1,0,0,-2,1,-2,1
1454185972242215,-1,0,0,-2,-1,-4,-3,0
1454185972242215,-3,-1,0,-4,-3,-1,-3,0
1454185972254275,0,-2,-1,0,1,0,2,-1
1454185972254275,0,-2,0,-2,1,0,0,0
1454185972261263,-2,-3,-3,-1,-1,1,1,-2
1454185972261263,0,0,-1,-1,-3,-2,-1,-1
1454185972277362,-2,-1,-2,0,-1,-1,-3,-2
1454185972277362,-2,-2,-3,-7,-2,3,0,2
1454185972279310,1,-1,-1,0,1,-5,-1,0
1454185972279310,-5,-1,-1,1,1,-2,1,0
1454185972300341,-2,-2,-1,-2,-3,-1,1,-2
1454185972300341,0,-1,-2,-1,-2,-2,-1,-2
1454185972301342,1,0,-2,-2,-2,0,-1,-1
1454185972301342,-2,-1,0,-1,0,2,0,-2
1454185972314421,0,-1,0,0,0,-1,-2,2
1454185972314421,-1,-1,0,0,-3,-2,-1,-1
1454185972321523,-2,-2,-3,-2,0,1,-2,-2
1454185972321523,1,-2,0,-2,-2,-1,1,-1
1454185972337534,-1,-1,-2,0,0,-1,-1,1
1454185972337534,-2,-1,-2,-1,-2,-2,-2,-1
1454185972339482,-3,-1,0,-1,-2,0,-1,-1
1454185972339482,0,-2,-1,2,1,0,-1,0
1454185972360550,-2,-1,0,0,1,-1,0,-2
1454185972360550,1,1,-2,0,-1,0,-1,-1
1454185972361511,-3,-4,-1,-2,-2,-2,1,0
1454185972361511,2,-2,0,-3,-3,-2,-2,-1
1454185972374525,-4,0,-1,-2,-2,-1,-1,-1
1454185972374525,-1,-1,0,-1,0,0,0,0
1454185972381529,-1,0,-1,2,1,-1,0,0
1454185972381529,-2,-1,-2,-1,-2,-1,-3,-2
1454185972397540,1,-1,-2,-2,-3,-2,-1,-2
1454185972397540,1,1,0,-2,-3,-2,-2,1
1454185972399522,-3,-1,0,-1,-1,-1,0,-2
1454185972399522,-1,-2,-2,-3,-3,-2,-3,-2
1454185972420603,0,0,0,-1,0,-2,-2,-2
1454185972420603,-3,-1,-2,1,0,-1,1,1
1454185972421539,-1,-2,1,-2,0,1,-1,-1
1454185972421539,-1,1,-1,2,0,-2,-1,-2
1454185972434612,1,-2,-1,-2,-1,3,-2,-2
1454185972434612,1,-2,0,-1,0,-3,-1,-2
1454185972441557,0,-1,-2,-2,-3,1,1,-2
1454185972441557,-2,-1,-2,2,1,-3,-2,0
1454185972457563,-3,-2,-2,-3,-2,-1,-3,1
1454185972457563,-1,-2,-1,0,0,1,0,-3
1454185972459570,-1,0,0,0,0,0,-1,0
1454185972459570,-3,-1,-2,-3,-3,-2,-1,1
1454185972480595,0,-2,-1,0,-1,-1,1,2
1454185972480595,-2,-2,-4,1,-2,-2,0,-3
1454185972481581,0,1,-1,-3,1,1,-2,-2
1454185972481581,2,0,-1,-3,-1,-1,-1,-2
1454185972493610,-1,-2,0,-2,-2,-3,-2,-1
1454185972493610,-3,-1,0,-3,-1,-1,-2,1
1454185972502648,-1,-1,-1,0,-5,-3,0,0
1454185972502648,-1,-1,-1,-5,0,1,2,-2
1454185972517654,-2,-3,-2,-2,-1,0,-1,-2
1454185972517654,-1,-2,-2,-2,1,-1,1,0
1454185972519656,-1,-2,0,0,-1,-4,-2,-2
1454185972519656,-2,0,-1,0,-1,1,-1,-1
1454185972539668,1,0,-1,-1,-2,-2,-3,-1
1454185972539668,-2,-1,-2,-4,-1,-3,-1,-2
1454185972541672,-3,-1,-1,-1,2,3,2,0
1454185972541672,3,1,-2,0,-3,0,0,0
1454185972553733,1,0,-1,0,-1,-2,-1,-1
1454185972553733,-4,0,-1,-1,0,-3,-4,-1
1454185972562811,-1,-3,-1,-2,-2,-3,-2,-2
1454185972562811,-2,-1,0,1,1,1,0,0
1454185972577819,0,-2,0,1,2,1,1,0
1454185972577819,0,-2,0,-1,-2,0,0,0
1454185972579802,-1,-1,-1,-3,-2,1,-2,-4
1454185972579802,-1,-1,1,2,-1,-3,1,0
1454185972599842,-1,0,0,-3,0,-1,-2,-2
1454185972599842,1,-2,0,0,-1,0,0,0
1454185972601841,-1,1,-4,0,-3,-2,-3,0
1454185972601841,-3,-2,0,-1,0,0,-1,-1
1454185972613891,-2,0,-2,0,-2,-1,0,-1
1454185972613891,1,0,-1,0,0,0,1,1
1454185972622832,0,-1,-1,-2,-1,0,0,1
1454185972622832,1,-1,0,1,0,1,-2,-1
1454185972637909,-2,0,0,-3,-3,-3,-2,-2
1454185972637909,0,1,-1,-2,1,0,1,0
1454185972638856,-3,1,-1,1,-1,-3,-2,1
1454185972638856,2,0,0,-2,-3,-3,-3,-2
1454185972659881,-1,0,-1,0,-1,1,1,1
1454185972659881,-1,-2,0,0,-4,2,1,-1
1454185972661870,1,-1,-2,0,0,-4,0,0
1454185972661870,-1,-1,0,-3,1,2,-1,-2
1454185972673953,1,-1,-1,-2,-1,-4,-4,-2
1454185972673953,-3,-1,-1,-1,-1,-3,0,-1
1454185972682958,-3,-1,0,-2,0,0,-1,-2
1454185972682958,-2,0,-2,-3,-2,-3,-1,0
1454185972697969,-1,-4,1,-2,-1,-1,0,-1
1454185972697969,-1,-1,0,-1,0,-2,-4,-1
1454185972698969,1,0,-1,-1,-1,2,1,-2
1454185972698969,-1,-2,0,0,0,0,-1,-2
1454185972719984,-3,-1,0,-2,-2,0,-1,-1
1454185972719984,-1,-1,-2,0,-2,-1,-1,-1
1454185972721985,-1,-2,-2,-2,-2,0,1,0
1454185972721985,-1,1,-2,-1,-1,-2,3,1
1454185972734008,0,-1,0,2,1,1,-2,0
1454185972734008,-3,-3,-2,-1,-3,-3,-3,-2
1454185972743014,0,0,-1,-3,0,3,0,-2
1454185972743014,-1,-1,-2,-1,-2,0,0,-1
1454185972758050,-2,-3,-2,-1,-1,-1,-2,-2
1454185972758050,-3,0,0,-2,-3,-1,0,0
1454185972759013,-2,-3,1,1,0,1,-1,-1
1454185972759013,-2,-1,0,1,-2,-2,-1,-4
1454185972780045,1,1,-1,-2,0,-2,2,-1
1454185972780045,1,0,-1,-1,0,-2,-2,-1
1454185972782048,-1,-1,-4,-2,-2,-2,-3,1
1454185972782048,-3,-2,-3,-2,-1,-1,-3,-1
1454185972794039,-2,-1,-2,-1,-3,0,0,0
1454185972794039,0,-2,-1,-2,0,0,-1,0
1454185972803096,1,-1,-2,0,2,-2,-1,1
1454185972803096,0,-1,-1,-1,-1,-1,-1,-1
1454185972818147,-1,1,-1,-2,-3,-2,-2,-1
1454185972818147,0,-2,0,-3,-1,2,1,0
1454185972819091,0,0,0,1,-2,-4,-2,-1
1454185972819091,0,-1,-1,-2,-1,-2,0,0
1454185972840124,-3,-2,-1,0,1,1,1,-2
1454185972840124,1,0,-1,-3,0,-2,-3,-2
1454185972842104,-1,-2,-1,-1,-3,0,2,-1
1454185972842104,0,-1,0,-1,0,1,0,-2
1454185972854115,-1,-1,1,0,0,-2,1,0
1454185972854115,-2,0,-1,0,0,0,-3,-1
1454185972863133,-1,1,1,0,-2,0,-1,0
1454185972863133,-1,-2,-1,-1,-1,-1,0,-1
1454185972878132,0,0,-1,-1,0,1,-1,0
1454185972878132,3,0,-2,-1,-1,0,-2,-2
1454185972880145,-3,-2,0,0,0,-1,-3,-2
1454185972880145,-3,-2,-1,-4,-2,1,-2,-1
1454185972900196,2,-1,-2,-3,-3,-6,-3,0
1454185972900196,-3,-1,-1,0,0,-1,2,-1
1454185972902194,1,1,-2,-1,-4,-1,0,-1
1454185972902194,1,1,-1,0,0,-1,-1,0
1454185972914255,-1,-1,-1,-2,1,2,-2,-2
1454185972914255,0,-1,-1,-2,-1,-2,-2,-1
1454185972923243,-3,-1,1,-2,-2,-1,1,-2
1454185972923243,-2,-4,0,3,2,0,-1,0
1454185972937272,0,0,-3,-3,-3,-1,0,-1
1454185972937272,-1,1,-1,-2,0,-2,-1,-2
1454185972944257,0,-1,0,-1,1,-1,-1,-1
1454185972944257,-3,-1,-2,0,0,-2,-1,0
1454185972960268,-1,1,0,3,-2,1,-1,-2
1454185972960268,0,-1,-2,-3,-2,0,-1,-1
1454185972962270,0,0,-2,-1,0,0,0,-2
1454185972962270,1,2,0,-1,-2,-3,-2,-1
1454185972982286,-3,-3,-1,-3,-1,-1,0,-1
1454185972982286,-2,-1,0,1,-1,1,-1,1
1454185972984285,0,-1,-2,-1,-1,0,-1,0
1454185972984285,-1,0,1,-1,-1,0,0,0
1454185972997328,0,0,-1,0,-1,0,0,0
1454185972997328,0,0,-2,-2,-2,-3,0,-2
1454185972999331,0,-2,-1,-1,-1,-1,0,0
1454185972999331,0,0,-1,0,-1,-1,-2,-1
1454185973020348,-1,1,-1,1,0,-2,0,0
1454185973020348,-5,-3,0,1,0,0,-1,0
1454185973022347,1,-2,0,1,0,0,-1,-1
1454185973022347,-1,-2,-1,-4,-3,-1,-1,0
1454185973042415,1,-1,-2,-5,-1,-2,-1,-2
1454185973042415,-1,-1,-1,1,-1,-1,0,0
1454185973044363,-2,0,-2,-4,-2,-1,0,0
1454185973044363,-3,-3,0,1,-1,-2,2,-1
1454185973057372,-2,-1,0,1,2,1,0,-1
1454185973057372,2,1,-1,0,-1,1,0,-1
1454185973059733,-4,-2,-2,1,-2,-2,-3,0
1454185973059733,1,2,-1,0,-1,-1,-4,0
1454185973079754,-1,-2,-1,-1,-3,-2,0,-1
1454185973079754,1,-1,0,-1,-4,-4,-3,0
1454185973081751,1,0,1,0,2,0,-1,-2
1454185973081751,-3,-1,-1,-2,2,3,0,-1
1454185973102768,-1,0,-1,-1,1,-5,-1,0
1454185973102768,2,0,0,1,-1,0,0,-1
1454185973104767,-2,-2,-3,-2,-3,-2,-1,0
1454185973104767,-4,0,-1,-1,-1,-2,-2,-1
1454185973116831,1,-3,0,-1,-2,0,0,-2
1454185973116831,-3,-2,-1,-3,-2,-2,-1,-3
1454185973123883,0,0,0,-2,0,-1,1,0
1454185973123883,-1,1,-2,-3,-2,-3,-2,-4
1454185973139878,-2,1,-1,4,1,3,0,-1
1454185973139878,-2,-3,0,0,0,-1,-2,1
1454185973141879,2,0,0,0,0,0,-2,-2
1454185973141879,-1,-2,-1,-1,-1,0,-1,0
1454185973162896,-3,-4,-3,0,-3,-3,0,-2
1454185973162896,-2,-1,-1,-2,-1,3,1,-4
1454185973163909,1,-1,-1,0,-2,-3,-3,-1
1454185973163909,2,-2,0,-2,-1,-2,1,1
1454185973176906,1,-1,-2,-2,-4,1,-2,-1
1454185973176906,-2,1,-2,-3,-1,-8,-2,1
1454185973183999,-1,-1,-2,-1,0,3,0,-2
1454185973183999,-1,-1,-1,-2,-3,-2,-1,-2
1454185973200011,-1,-1,0,-3,1,-1,-3,-2
1454185973200011,-2,-1,-1,1,-1,3,0,-2
1454185973202026,-1,-1,0,-2,-2,-3,-2,-1
1454185973202026,0,-1,-2,-2,0,-1,-3,-1
1454185973223027,-2,0,-1,1,-1,-2,-1,1
1454185973223027,1,-3,-2,-3,-1,0,0,-1
1454185973224025,-1,0,0,-3,-1,-3,-1,-2
1454185973224025,-3,0,-1,-1,-1,1,-1,0
1454185973237122,3,0,-1,-3,-2,-1,-2,0
1454185973237122,-2,-3,-1,2,-1,-4,-1,-1
1454185973244088,-1,-2,0,-2,-1,1,0,-1
1454185973244088,-4,-1,-1,-2,-2,-3,0,-1
1454185973260103,0,0,0,1,1,1,-1,-2
1454185973260103,-1,1,0,-1,-2,-2,0,0
1454185973262087,-2,-2,-2,0,-2,-2,-2,-1
1454185973262087,2,-1,-2,0,-1,1,1,0
1454185973283119,-1,-2,-1,-3,-2,-6,-2,0
1454185973283119,-2,-1,-2,-1,-1,0,0,-3
1454185973284101,0,-2,-2,-1,-2,0,-2,0
1454185973284101,1,-1,-3,0,2,0,0,-1
1454185973296177,-3,-1,-1,-3,-2,0,-2,-1
1454185973296177,1,-1,-2,-1,0,-2,0,0
1454185973305165,-3,-1,-1,-1,1,-2,2,-1
1454185973305165,0,-1,1,-1,-2,-1,-3,-1
1454185973320229,0,-1,-2,-1,0,1,0,0
1454185973320229,-2,-2,0,1,-2,0,0,1
1454185973322197,-1,0,-3,-5,-1,-2,1,-2
1454185973322197,0,-1,-2,0,-2,-2,-2,-1
1454185973342209,-1,0,1,-2,-2,0,-1,-3
1454185973342209,2,1,-1,0,-2,-3,-2,0
1454185973343964,-2,-3,0,0,0,1,1,1
1454185973343964,-4,-1,1,-1,-2,-1,-3,0
1454185973356977,-1,-2,-1,0,0,-2,1,-2
1454185973356977,-1,-2,-4,-2,-2,1,-4,-1
1454185973363995,-2,-1,-1,-1,-2,-6,-2,-1
1454185973363995,0,0,-1,-3,0,0,2,0
1454185973380045,-1,-2,1,1,1,3,-2,1
1454185973380045,0,-1,0,-2,0,1,0,-1
1454185973382027,2,-2,2,-2,0,-3,0,-1
1454185973382027,-3,-3,-3,0,-1,-1,-1,-2
1454185973403044,-1,-1,-3,0,-2,-1,0,-2
1454185973403044,0,-1,0,-3,-2,0,-2,0
1454185973404772,0,-1,-1,-1,-1,-3,-3,-1
1454185973404772,-1,-1,0,-2,-2,0,-1,-3
1454185973416785,-1,-2,-1,-1,-3,-1,-1,0
1454185973416785,-1,-1,-3,-2,2,0,3,-2
1454185973423830,-1,0,-2,1,-1,-2,-4,-3
1454185973423830,-1,-2,1,0,-1,-1,1,0
1454185973446867,-2,-1,-1,-1,3,0,-1,-1
1454185973446867,-7,-2,-1,0,-3,0,1,-3
1454185973455867,0,-1,-2,-2,-1,0,-2,-1
1454185973455867,2,-1,-2,0,-1,0,0,-1
1454185973462877,-5,0,-1,-3,-3,-1,-2,-2
1454185973462877,-1,-1,-1,1,-1,-1,-4,-1
1454185973464872,-3,1,-2,-2,-2,2,0,-1
1454185973464872,0,1,0,-2,-1,-3,-1,-1
1454185973475995,0,0,1,0,0,0,0,-1
1454185973475995,1,-3,-2,-2,0,0,-2,-3
1454185973485021,-2,-3,-1,0,0,1,-2,-3
1454185973485021,2,1,-2,0,-2,-2,-1,-1
1454185973500171,0,-1,-1,-2,-3,-1,-2,-1
1454185973500171,-1,-1,0,-1,1,-1,1,-1
1454185973502131,2,-2,-2,-4,-3,0,1,1
1454185973502131,2,-1,0,2,2,-1,-2,0
1454185973523124,0,0,-2,-3,2,0,1,1
1454185973523124,-3,-3,-2,-1,-1,-1,-2,-3
1454185973524125,-1,0,0,0,-1,-1,-2,1
1454185973524125,-4,-1,-3,-3,-1,-1,-3,-2
1454185973536196,1,-1,-2,0,-2,0,-1,0
1454185973536196,0,1,-2,0,-3,0,-1,0
1454185973545150,-1,-1,-2,-1,-1,-1,2,1
1454185973545150,0,-1,-1,0,-2,-1,-2,-1
1454185973560168,-4,-1,-1,0,-1,-4,-4,-2
1454185973560168,1,1,0,-1,0,1,1,1
1454185973562161,-2,-1,-2,1,-2,-2,0,-1
1454185973562161,0,0,-1,-2,-1,0,-2,-1
1454185973583191,-1,-2,-2,-1,-1,0,-1,-1
1454185973583191,-2,-1,-1,1,-1,-2,-2,0
1454185973584175,-2,-2,-3,-5,-1,-2,0,0
1454185973584175,-4,-1,-2,1,-1,-1,-1,-1
1454185973596301,-1,-2,-1,-4,-3,-2,-1,-2
1454185973596301,-1,0,-1,1,2,1,-1,-3
1454185973605405,-2,0,-1,1,-2,1,-2,-2
1454185973605405,-1,-1,0,-3,-2,-2,-1,-1
1454185973620394,-2,-1,-3,-1,-1,0,0,-1
1454185973620394,1,-1,-1,-1,-2,-2,-3,0
1454185973621449,-1,-1,1,2,2,0,0,0
1454185973621449,-1,0,-1,-2,-1,-1,-2,-2
1454185973641422,-1,0,1,0,-3,-3,-1,-1
1454185973641422,-1,-1,-2,-3,-3,2,1,-1
1454185973657418,1,-2,-2,0,-1,0,-1,-1
1454185973657418,-2,-1,-1,-1,2,0,0,-1
1454185973657418,1,-2,0,1,-1,0,0,1
1454185973657418,-3,-1,-2,-3,-1,-3,-2,1
1454185973665423,0,-2,-1,-2,-3,-2,-3,-1
1454185973665423,0,-2,0,0,1,1,1,-1
1454185973680436,0,1,-2,0,-1,-2,0,-2
1454185973680436,1,0,1,0,1,-1,-1,-2
1454185973681435,-3,-2,-1,-2,-3,-2,0,-1
1454185973681435,0,-1,-1,1,0,3,-3,0
1454185973702455,-1,-1,-1,-1,0,-2,0,-2
1454185973702455,1,-2,0,1,0,-4,3,-1
1454185973704453,-3,1,-1,-1,-1,0,-2,-2
1454185973704453,-2,-2,-2,-2,-1,-3,-1,-1
1454185973716527,1,1,-1,-1,-3,0,-1,1
1454185973716527,-2,-2,0,-2,-3,-1,-3,-1
1454185973725579,1,-1,-1,-1,-1,-1,-2,-1
1454185973725579,-1,-2,-2,0,0,0,3,1
1454185973740626,0,-1,-1,-3,-3,1,-2,-1
1454185973740626,1,0,-2,-3,-2,-2,-4,0
1454185973741586,-4,0,-1,0,-2,-1,-1,-2
1454185973741586,-1,-2,-1,-3,-3,-2,-4,-3
1454185973762642,0,-1,-1,0,2,-3,1,0
1454185973762642,0,0,0,2,1,1,-2,1
1454185973764641,0,-1,-1,0,0,0,-2,1
1454185973764641,-2,-1,0,-1,-1,-3,3,0
1454185973776610,-1,0,0,-2,-1,-2,-3,-2
1454185973776610,-3,-2,-1,-2,-1,-1,0,-1
1454185973785602,-1,0,0,-1,0,0,-1,0
1454185973785602,1,-2,-2,2,0,0,-2,-1
1454185973799647,-1,-2,-1,1,-1,0,-1,-2
1454185973799647,-2,0,-3,0,-2,-1,1,0
1454185973801649,-1,0,0,-2,0,-1,-2,-2
1454185973801649,-2,0,-3,-2,-1,0,1,-2
1454185973822719,-1,-1,-1,1,-1,-2,0,-1
1454185973822719,0,0,-2,-3,-4,-2,-1,-1
1454185973824680,0,-2,-3,1,1,0,3,-1
1454185973824680,2,-1,-1,1,-1,0,-1,0
1454185973836779,-2,-1,-2,-2,0,1,-3,-1
1454185973836779,-1,-1,0,-3,-1,0,-1,-1
1454185973845834,1,-1,-1,1,1,-5,-1,-2
1454185973845834,-4,0,-1,-1,-2,-1,0,-2
1454185973859870,-1,-3,-2,0,-3,-1,0,-3
1454185973859870,-1,0,-1,-1,0,0,0,-1
1454185973861877,1,-2,-1,-3,-2,1,-2,1
1454185973861877,-1,0,-2,-1,-2,-2,-1,0
1454185973882914,-1,0,1,-1,-2,-1,-2,2
1454185973882914,-2,-2,-1,-1,0,0,0,-1
1454185973884915,-2,-1,-2,0,-1,-1,0,-2
1454185973884915,-1,0,0,0,0,-1,-2,-2
1454185973904920,-1,1,0,-1,1,0,-1,-2
1454185973904920,-2,-2,-1,2,1,0,-1,-1
1454185973906905,-3,-1,-1,-2,-3,-2,-1,2
1454185973906905,-3,-2,1,-3,-2,0,-1,0
1454185973919930,1,-2,-1,-1,-6,-1,0,-1
1454185973919930,1,0,0,0,0,-2,-3,0
1454185973921925,-1,-1,-1,-2,0,-1,0,-3
1454185973921925,-4,-1,-1,-1,-3,-2,-3,0
1454185973942930,0,0,0,-2,2,3,-1,-1
1454185973942930,-3,-1,-1,1,-2,0,0,0
1454185973943944,-1,-1,-1,-4,0,-1,-1,0
1454185973943944,3,0,-2,-1,-1,-1,-4,-2
1454185973964957,-3,-2,-1,-2,-3,-3,-2,-2
1454185973964957,0,-1,-3,-1,0,0,0,-1
1454185973966944,0,0,0,1,0,1,0,-1
1454185973966944,-1,-1,-2,-1,-1,-1,1,-1
1454185973979968,-3,-2,-2,-3,-3,-3,0,-1
1454185973979968,0,-1,-1,0,-1,0,-2,0
1454185973981958,0,-1,-1,-1,-2,1,-1,-2
1454185973981958,1,0,-1,0,0,1,0,0
1454185974003030,0,-2,-2,1,0,-2,-2,0
1454185974003030,-1,-2,0,-2,-3,-1,1,-1
1454185974004001,-3,1,-2,-2,-1,-1,-1,-1
1454185974004001,-3,-1,-2,1,2,-3,-1,1
1454185974024988,1,-2,-2,-2,1,-1,-1,-1
1454185974024988,0,0,0,0,0,-1,-1,-2
1454185974026993,-1,-2,-1,-1,-2,-1,-1,0
1454185974026993,-1,0,1,-3,-2,-1,-2,-3
1454185974039999,-1,1,-3,-2,1,1,-1,-3
1454185974039999,0,-2,-3,-2,1,0,1,-1
1454185974046022,-2,-1,0,2,0,2,0,0
1454185974046022,0,0,-1,-1,-3,-2,-2,0
1454185974063097,0,-1,-2,-1,-2,1,-2,0
1454185974063097,-1,0,2,-1,-4,-3,-1,-1
1454185974064090,-4,-1,0,-1,-1,1,-4,-2
1454185974064090,-2,-2,-2,-1,1,1,-1,0
1454185974085111,-2,-2,-2,0,0,1,1,-1
1454185974085111,-1,0,-1,-1,-2,-1,-3,-1
1454185974087105,-1,-1,-1,-1,-2,-4,-3,-1
1454185974087105,-3,-1,-2,-1,-2,0,0,-1
1454185974099186,1,1,-1,-3,-2,-4,-2,-1
1454185974099186,-1,-1,-2,0,1,-2,-3,1
1454185974106194,0,-1,0,-2,-2,-1,-2,-3
1454185974106194,-1,-2,0,-2,0,2,1,-1
1454185974123185,-1,-1,-2,1,-1,1,1,0
1454185974123185,-2,-1,-1,-3,-2,0,-1,-2
1454185974124188,-1,-1,-1,2,-1,-1,-2,-1
1454185974124188,-1,-1,-3,-9,-1,-1,2,-2
1454185974145219,-3,1,-1,-1,-1,-2,-2,0
1454185974145219,-3,-1,-1,-2,-5,-3,-1,-3
1454185974147214,1,-2,-1,1,-2,0,0,-1
1454185974147214,0,-1,0,0,0,0,-3,0
1454185974159207,-2,-2,-2,-4,-1,-1,0,-2
1454185974159207,-2,-3,-2,-2,0,-2,-1,0
1454185974166234,-2,-1,1,1,0,-3,-1,-1
1454185974166234,0,-2,2,1,-1,-1,-1,-1
1454185974183240,-1,-2,1,-2,-3,-1,-2,-1
1454185974183240,1,0,-1,1,1,1,-1,0
1454185974184239,-1,-1,-3,-1,1,1,2,1
1454185974184239,-2,-2,0,-2,-1,-3,-4,-1
1454185974205261,-2,-1,-3,-1,-1,-2,0,-3
1454185974205261,-1,0,-2,-2,0,0,2,-1
1454185974207244,-1,-1,-1,-2,-1,-2,-2,0
1454185974207244,-1,-1,-1,-1,-3,-1,-2,-3
1454185974219253,-1,1,1,-1,-3,-3,-4,0
1454185974219253,-1,-1,-1,2,-1,0,0,1
1454185974226258,-1,-1,-2,-7,0,0,-1,0
1454185974226258,-1,0,-3,1,0,0,2,2
1454185974242380,-1,0,0,1,-1,0,1,-1
1454185974242380,-2,-1,2,0,0,1,0,-2
1454185974244380,-1,0,-2,-2,-2,-3,-1,-2
1454185974244380,0,-1,-2,0,-1,-1,-3,-2
1454185974265398,-5,-3,-1,0,1,1,-1,1
1454185974265398,1,-2,-1,0,0,-2,-1,-3
1454185974267396,-3,-3,-2,-4,-3,1,0,-2
1454185974267396,0,1,1,2,0,1,0,0
1454185974279407,-1,-1,-2,2,1,-1,1,1
1454185974279407,-1,-2,-2,-3,-1,-2,-3,-2
1454185974286413,-2,0,-2,0,-3,-3,0,-4
1454185974286413,-2,-1,-1,-1,-1,-1,-1,-3
1454185974302569,-1,-2,1,-1,-3,0,0,1
1454185974302569,0,1,-1,-3,-3,-2,0,1
1454185974304542,-2,-3,0,0,0,3,-1,-2
1454185974304542,0,-1,0,1,3,-4,2,0
1454185974325541,0,1,-1,-1,0,-2,-2,0
1454185974325541,-1,-2,0,-1,-1,0,-2,-3
1454185974326542,0,-1,-1,-1,-1,0,-1,1
1454185974326542,-1,-2,-2,-3,-4,0,0,-3
1454185974339558,-1,-2,-1,0,0,-2,-2,-2
1454185974339558,-2,-1,-1,0,0,1,-4,-2
1454185974346563,2,-1,1,2,-2,-3,-1,-1
1454185974346563,-4,-1,0,-1,0,2,0,-1
1454185974362574,2,0,-2,-1,1,1,2,-1
1454185974362574,1,2,-1,1,-2,0,-2,0
1454185974364569,-3,-1,-1,-1,0,-1,-2,-2
1454185974364569,-1,0,0,-2,-2,-2,-3,1
1454185974385592,-5,-4,-1,-1,-3,-2,1,-2
1454185974385592,0,-1,-2,-3,-2,-1,1,-2
1454185974386585,1,1,0,0,0,2,0,1
1454185974386585,2,-2,0,0,1,-3,-1,-2
1454185974398677,-4,-1,-2,0,-1,0,-2,-1
1454185974398677,-1,-2,-1,-2,0,-3,-1,1
1454185974407650,0,0,-1,-2,-1,-2,-1,-1
1454185974407650,-1,0,-3,-3,-2,-1,0,0
1454185974422713,2,0,0,-1,-1,-2,-1,1
1454185974422713,-2,-2,-1,-3,0,0,1,-1
1454185974424685,-2,-2,-1,0,1,0,1,-1
1454185974424685,-2,0,-2,1,-1,0,-3,0
1454185974445673,-1,0,-1,-7,-1,-3,-2,-1
1454185974445673,-1,-1,-1,-1,-2,-1,1,0
1454185974446673,1,1,0,-3,0,1,0,-1
1454185974446673,-1,0,0,0,-1,1,-2,0
1454185974458710,-2,0,-2,0,-3,1,-3,-2
1454185974458710,-1,-1,1,1,0,1,-1,0
1454185974467716,-6,-2,-2,-1,-1,-2,-2,-3
1454185974467716,-1,-3,0,-2,-3,-2,-1,-1
1454185974483699,0,-1,-1,-2,-2,1,-1,-2
1454185974483699,-2,0,-1,0,1,2,1,1
1454185974484699,1,-1,-2,0,-2,-6,-3,0
1454185974484699,-2,-1,-1,-2,-4,0,-3,-1
1454185974505714,1,-1,-1,0,1,-3,1,-1
1454185974505714,-2,-1,-1,-1,-1,-3,-1,0
1454185974506715,-1,-1,-1,1,-1,-1,-1,1
1454185974506715,0,0,-1,-1,0,-1,-1,0
1454185974518780,-2,-8,0,0,-1,-1,-2,-2
1454185974518780,0,0,-1,0,-2,-1,-2,-2
1454185974527732,-1,-1,0,-2,0,-2,-2,-1
1454185974527732,-1,-3,-3,-2,1,0,0,-1
1454185974542747,-1,-3,-1,0,-1,1,0,0
1454185974542747,-2,-3,0,-1,-1,-1,-2,0
1454185974544770,-1,0,-2,-2,-2,1,0,0
1454185974544770,-2,1,0,0,0,-1,-1,-1
1454185974565757,1,2,-1,2,-3,-2,-1,1
1454185974565757,-4,-2,-3,-3,-2,-2,-2,-1
1454185974566757,-4,-1,-1,-2,0,-1,-2,-2
1454185974566757,-2,-2,-1,-2,-2,0,1,-2
1454185974578823,-1,2,0,2,2,-1,-1,-2
1454185974578823,2,-1,-2,-3,-2,-3,0,-1
1454185974587801,1,0,0,2,-2,-2,-1,-1
1454185974587801,0,1,-2,-2,-3,-5,-3,-3
1454185974602839,-1,-2,0,-1,-2,-2,-1,0
1454185974602839,0,2,0,0,-3,1,-1,-1
1454185974604798,-1,-1,-2,-2,-2,-1,2,-2
1454185974604798,0,-1,-2,0,1,3,-1,1
1454185974624856,-1,0,0,1,-2,-1,-2,-1
1454185974624856,-2,-2,-1,-1,-1,-1,-1,-2
1454185974626800,0,-1,0,1,-1,0,-3,0
1454185974626800,-1,-2,-3,0,2,1,1,-1
1454185974638864,0,0,-1,-2,-1,-2,2,-1
1454185974638864,-4,-2,-2,-1,-2,0,0,-2
1454185974647844,3,0,0,-2,-1,2,0,0
1454185974647844,0,-1,-1,0,-2,-7,-5,-2
1454185974663004,-2,0,-1,0,-1,4,1,0
1454185974663004,-1,-2,-1,-3,-2,-2,-2,-1
1454185974663975,-2,0,-1,-2,-2,-4,-1,0
1454185974663975,0,1,0,-2,-1,0,0,0
1454185974685020,-3,-3,1,-3,-1,0,-4,-2
1454185974685020,0,0,-3,-1,-1,-2,0,-1
1454185974686992,-1,-4,-1,-1,0,1,-1,-2
1454185974686992,-1,-3,0,-1,-1,-2,-1,-3
1454185974699029,0,-1,-2,-1,-3,-1,-3,-2
1454185974699029,1,-2,-2,-3,-1,0,-3,0
1454185974708007,-1,-2,-2,-2,0,-1,0,-1
1454185974708007,-2,0,-1,-1,-3,0,1,-2
1454185974723046,-2,-1,1,-2,-3,-1,1,0
1454185974723046,1,0,0,4,5,0,-1,0
1454185974724018,1,-2,-1,0,-1,-1,-1,-1
1454185974724018,0,-1,0,1,0,1,-1,-1
1454185974745061,1,0,-1,-2,2,0,1,-2
1454185974745061,-4,-1,-1,-2,-1,-1,0,-1
1454185974747033,1,-1,-3,-1,-1,0,-2,0
1454185974747033,0,-2,0,1,1,1,-1,-2
1454185974759015,0,1,-1,0,-1,-3,-1,0
1454185974759015,-2,-1,-1,-2,-1,0,3,0
1454185974768049,-1,1,-1,-2,-2,-1,0,0
1454185974768049,-5,-1,-2,-3,-2,-1,-2,-2
1454185974783089,-3,-2,-2,-1,0,-1,-2,-2
1454185974783089,0,-1,0,-1,-2,-1,-3,-2
1454185974784061,-2,-1,-1,-1,0,-3,-2,0
1454185974784061,-1,-2,-2,-1,-1,-1,0,-1
1454185974805066,0,-3,-2,-1,0,1,-2,-1
1454185974805066,-1,0,0,-1,-2,-2,-2,-1
1454185974807061,-1,-2,-1,-2,-3,-4,-2,-1
1454185974807061,2,-2,-2,0,-1,2,1,1
1454185974819077,-2,-3,-2,-3,0,-1,1,-1
1454185974819077,0,-1,0,0,-1,-2,-2,-2
1454185974828064,-2,-1,0,0,-1,1,1,0
1454185974828064,-1,-2,-1,-2,-2,-3,-1,-1
1454185974843078,-1,-3,-1,-3,-3,-2,-1,0
1454185974843078,1,-3,-3,0,1,1,0,0
1454185974844079,-3,-1,1,1,-2,-1,-5,-3
1454185974844079,-3,-2,-2,-5,-1,-1,4,1
1454185974865108,0,1,-1,0,-3,1,1,-1
1454185974865108,-1,0,0,-2,-2,-1,-2,0
1454185974867089,-4,0,-3,-3,-3,-2,0,0
1454185974867089,-1,-2,-2,3,1,-1,-2,-2
1454185974888122,-2,-2,-1,-1,-3,-1,-1,0
1454185974888122,-2,-3,-2,-2,0,-1,2,0
1454185974889120,-1,-2,-1,1,0,-2,-1,-3
1454185974889120,-1,0,0,-2,-4,-3,-1,-2
1454185974903117,-1,0,-2,-1,-1,-1,-3,-2
1454185974903117,-2,1,0,1,0,0,-2,-1
1454185974904121,1,0,0,-2,0,0,-1,0
1454185974904121,-1,-1,0,-2,-3,-1,0,-2
1454185974925155,-1,-1,-1,0,-2,-1,-1,-2
1454185974925155,1,1,-1,0,-1,-1,-1,-1
1454185974927135,-1,0,-1,0,0,-2,-1,-2
1454185974927135,-4,-1,-1,-1,0,2,1,3
1454185974948149,-1,0,0,0,1,-4,-2,0
1454185974948149,-2,-1,-2,-1,-3,-1,-3,-2
1454185974949152,-1,-2,0,-1,-1,-2,0,0
1454185974949152,0,0,1,1,0,-1,-5,-2
1454185974963172,-1,1,-1,-4,-3,0,3,0
1454185974963172,-1,-2,-2,-2,-1,-3,1,-1
1454185974964163,-1,1,-1,-1,1,-1,-1,1
1454185974964163,-2,-2,-1,0,-2,0,-2,-2
1454185974985295,0,-2,-2,-2,-3,-1,-1,-1
1454185974985295,-4,0,0,-1,-2,-1,0,0
1454185974987271,0,-2,-2,0,-1,1,-1,-2
1454185974987271,-4,-1,-3,-4,-1,-1,1,-2
1454185975008263,2,0,0,0,0,0,-2,0
1454185975008263,0,-3,-3,-1,-1,-2,0,-1
1454185975009257,0,0,-2,0,-2,-1,-1,-2
1454185975009257,0,1,2,0,-1,-2,-1,0
1454185975022320,-1,0,0,-3,-2,-3,-2,-2
1454185975022320,1,-1,-1,0,-1,0,0,0
1454185975029327,-1,-2,0,-1,0,2,2,0
1454185975029327,-1,-2,-1,-2,-1,-3,0,0
1454185975045282,-5,-2,0,2,0,-1,1,-1
1454185975045282,0,1,0,-2,-3,-5,-5,0
1454185975047285,-2,-2,-3,-2,0,1,0,-2
1454185975047285,1,-2,0,-2,-3,0,-2,-1
1454185975068301,0,-1,-3,0,1,-1,-2,-1
1454185975068301,-1,-2,0,0,1,0,0,-1
1454185975069323,0,-1,-1,-4,-2,0,-2,0
1454185975069323,0,-1,-2,0,-1,-1,-1,1
1454185975082362,-1,-2,0,-1,-1,-2,-1,-1
1454185975082362,-1,-2,-2,1,-2,0,1,-1
1454185975089316,-1,-2,-1,-4,-3,-2,-1,-2
1454185975089316,2,0,-3,0,1,-2,-3,-1
1454185975105378,-2,0,0,2,0,2,-2,-1
1454185975105378,-1,-1,-1,-2,0,0,1,-2
1454185975107325,0,0,-2,1,-2,-3,-2,-1
1454185975107325,-1,-1,-1,-4,-1,-3,2,-1
1454185975127342,1,-1,-2,-3,-2,-5,-2,-1
1454185975127342,-3,-1,2,-1,1,-1,-3,-2
1454185975129365,-6,-4,0,-1,0,1,0,0
1454185975129365,3,0,-1,-1,-1,-3,-4,-1
1454185975142405,-4,-1,-1,0,-2,0,0,0
1454185975142405,1,1,-1,-4,-1,-1,-1,-1
1454185975149359,1,0,-3,-1,-1,-1,-1,-1
1454185975149359,-1,-1,0,0,1,1,-2,-2
1454185975165420,0,-2,-1,1,0,1,1,-2
1454185975165420,-1,-2,-2,-3,-3,-2,-2,-2
1454185975167368,-1,-2,1,1,0,1,0,0
1454185975167368,-2,0,0,-2,-1,-1,-1,-1
1454185975187436,1,-2,-1,-3,1,-2,-2,-1
1454185975187436,-1,-4,-2,-1,-1,0,-1,-1
1454185975189386,-2,-2,-1,0,2,-2,0,0
1454185975189386,0,-1,-1,1,-1,0,-2,-3
1454185975202447,0,-1,-1,-2,2,1,1,-1
1454185975202447,-2,-1,0,-1,-3,-3,-1,1
1454185975209402,0,0,-1,-3,-2,-2,0,-1
1454185975209402,-2,1,-1,1,-2,-2,-3,-1
1454185975225463,-3,-3,-1,-3,-3,0,-4,-2
1454185975225463,1,-2,-2,1,1,1,0,0
1454185975226411,-2,-1,0,-2,-2,-1,-3,-2
1454185975226411,-2,-3,-1,-2,-1,-1,0,0
1454185975247474,-1,1,-1,-2,-3,0,0,-1
1454185975247474,1,-1,0,1,1,-1,-1,-1
1454185975249436,0,1,-1,1,-1,-1,-2,1
1454185975249436,0,0,-1,-4,-2,0,1,1
1454185975262433,0,-2,0,2,2,0,0,-2
1454185975262433,-4,0,-1,-3,-4,-3,0,-1
1454185975268454,-2,0,-2,0,-1,-2,0,-1
1454185975268454,-1,0,-1,2,0,0,1,0
1454185975285466,1,-3,-1,-2,0,-2,-2,0
1454185975285466,0,-1,-1,1,0,0,2,-1
1454185975286447,1,1,-1,-1,1,-1,0,-1
1454185975286447,-2,-3,-1,0,-1,0,0,-1
1454185975307482,-1,-1,-1,-2,-1,-2,-3,-1
1454185975307482,-2,-1,-2,-1,-1,0,-2,-2
1454185975308986,-2,-4,0,-2,-3,-2,-1,-1
1454185975308986,-1,-1,0,1,-1,0,-4,-1
1454185975321055,-2,1,0,1,-2,-2,-1,1
1454185975321055,0,-2,0,-4,-4,-1,-1,0
1454185975330009,0,-1,-1,-1,1,0,-1,0
1454185975330009,0,-2,-3,-2,-1,-3,0,-1
1454185975345035,-1,-1,0,1,0,-2,-1,-1
1454185975345035,-2,-1,0,-1,-3,0,-2,-3
1454185975347015,0,-2,0,-1,0,0,-1,-2
1454185975347015,4,0,-1,0,-1,1,1,0
1454185975368085,-1,-1,-2,-1,-3,-1,-1,0
1454185975368085,-2,-2,-2,0,0,-2,-1,-1
1454185975369048,0,-1,-3,-1,0,-1,-3,-1
1454185975369048,-1,-1,1,0,-1,-1,-2,-2
1454185975381094,-2,-1,-2,-3,-2,-2,0,-3
1454185975381094,0,1,-1,-1,-1,0,0,-1
1454185975390063,1,-1,0,1,-1,1,-2,1
1454185975390063,-2,-1,-3,-2,1,-1,-1,0
1454185975405067,-1,-2,-1,-2,0,-1,-4,-3
1454185975405067,-2,0,-1,-1,0,1,0,-1
1454185975407072,-2,0,-1,0,-4,-3,-1,-2
1454185975407072,-1,-2,-1,-3,-3,0,2,-1
1454185975428127,-3,-1,-1,-2,-2,-1,-2,-1
1454185975428127,-1,-2,-2,1,1,-4,-2,0
1454185975429090,3,-1,-2,-1,0,-1,0,0
1454185975429090,-1,-1,-1,-1,-4,-2,-1,0
1454185975441138,-3,0,-2,0,-2,-1,0,0
1454185975441138,-1,-1,0,-2,-1,1,-3,-3
1454185975450105,-3,-2,-2,0,-2,0,0,0
1454185975450105,-1,-2,-1,1,-1,-1,-1,-1
1454185975465154,1,0,0,1,-1,-1,2,-1
1454185975465154,-1,-1,0,-1,-1,-3,-3,0
1454185975467138,-3,-1,-3,-8,-1,-2,-2,0
1454185975467138,-5,-1,-2,2,-1,0,-2,-4
1454185975488187,2,0,-1,-5,-1,-1,0,0
1454185975488187,-2,-2,1,3,1,4,0,-2
1454185975489181,1,-1,2,0,-3,-1,2,-3
1454185975489181,1,-1,-1,-2,-2,-4,-1,0
1454185975501229,-3,-2,1,3,-2,0,-3,-1
1454185975501229,0,-1,-4,-4,1,0,-1,1
1454185975510263,-2,0,-1,0,-1,-1,-1,-2
1454185975510263,-2,-1,-1,-1,-1,-2,-3,-1
1454185975525290,-2,-1,-1,3,0,0,1,-1
1454185975525290,0,-1,-1,-1,-4,0,3,0
1454185975527272,-1,0,-1,-1,1,1,-1,0
1454185975527272,-2,-2,-2,-3,-3,-1,-5,0
1454185975548341,0,-3,0,-2,-1,-2,0,0
1454185975548341,-3,-2,-3,1,-3,0,-2,-2
1454185975550325,0,-1,-1,3,1,-1,1,0
1454185975550325,-2,-2,0,1,0,0,-1,-3
1454185975561297,0,2,-1,-3,-3,-4,-3,-1
1454185975561297,0,0,1,-1,1,0,-1,0
1454185975570302,0,-1,-1,-3,2,-1,-1,-1
1454185975570302,-1,0,-1,-1,0,2,0,0
1454185975585368,1,0,-2,-4,-3,-1,-1,-2
1454185975585368,0,-1,-3,-1,-3,-6,0,-2
1454185975586368,-1,-1,1,12,1,0,-2,0
1454185975586368,-2,-3,-1,-12,1,0,1,0
1454185975607347,-1,-3,-3,-4,0,4,1,-1
1454185975607347,-2,0,-1,-2,-2,-2,-2,0
1454185975609335,1,-1,-1,-2,-1,2,0,-2
1454185975609335,-1,0,-1,3,-2,1,1,-1
1454185975621394,-3,-2,2,1,-1,-1,-2,0
1454185975621394,0,-1,-3,-5,-2,-1,2,-1
1454185975630438,0,-1,-1,-2,0,-3,-2,-3
1454185975630438,1,1,-1,0,-3,-2,-2,-1
1454185975645488,1,0,-2,-4,-2,-1,-3,-1
1454185975645488,1,1,2,5,1,3,0,0
1454185975646445,-2,-3,-2,-3,-1,-1,1,-1
1454185975646445,-5,-7,-5,-11,-10,-12,-17,-8
1454185975667556,0,-1,-1,6,5,0,9,2
1454185975667556,-2,1,1,-1,1,2,-2,-2
1454185975669503,0,0,0,0,-2,0,-2,-1
1454185975669503,0,-1,-2,1,-1,-2,2,-2
1454185975681528,-2,-3,-3,-4,-6,-3,-7,-5
1454185975681528,-2,-3,-3,3,-1,-1,-1,-2
1454185975690521,1,-2,-2,-9,-9,-10,1,1
1454185975690521,-3,-3,-2,-2,4,2,6,2
1454185975704544,0,0,0,10,3,2,-1,-1
1454185975704544,1,0,-2,-5,1,-3,1,0
1454185975711531,1,0,-1,-1,-2,-1,-7,-1
1454185975711531,-4,0,1,0,-3,-4,3,2
1454185975727542,-3,0,-1,-1,1,2,0,0
1454185975727542,-3,-3,-1,-1,-3,-1,-3,-2
1454185975729543,-2,-1,-4,-2,-5,0,1,0
1454185975729543,4,2,-2,-4,4,-3,-4,-1
1454185975741607,0,0,-1,0,1,-3,-1,2
1454185975741607,-1,-6,3,1,-1,-1,-3,-1
1454185975750649,-1,5,-4,-6,-3,0,-2,0
1454185975750649,-2,-4,-2,5,1,2,2,2
1454185975764706,0,-4,-2,-4,-1,-1,-2,0
1454185975764706,-1,-4,1,-4,-3,-5,1,0
1454185975771759,0,7,4,1,0,-1,-1,0
1454185975771759,0,-7,-2,2,0,3,-2,-1
1454185975787768,-4,-3,-4,-3,-5,-5,-5,-3
1454185975787768,-4,-5,1,0,0,-3,-1,-2
1454185975789763,0,-2,5,0,0,3,2,-4
1454185975789763,-2,-17,-12,-1,0,2,1,1
1454185975817801,-2,2,2,-5,-5,-3,-2,-1
1454185975817801,1,13,-3,-4,-2,-2,-3,0
1454185975819773,-6,-24,-7,-1,0,-3,-1,-2
1454185975819773,5,8,8,4,0,0,-1,9
1454185975824805,-3,-2,-4,-4,-3,-1,0,-5
1454185975824805,-2,2,3,3,-1,0,0,0
1454185975831797,-2,-3,-1,4,2,3,1,1
1454185975831797,6,46,2,-1,3,3,5,3
1454185975847822,-3,-19,-7,-6,-6,-6,-6,-6
1454185975847822,2,-8,-4,-3,-1,1,1,0
1454185975849781,-1,-13,-7,-4,0,-1,4,0
1454185975849781,-5,8,5,0,-2,-4,-10,-7
1454185975870798,-5,-10,-3,3,3,0,0,-1
1454185975870798,1,-1,-1,-2,-2,-1,-5,-5
1454185975871797,1,1,-2,-4,-4,-3,-1,1
1454185975871797,-4,-21,-1,2,-1,3,2,-1
1454185975884849,-1,15,4,2,2,-1,0,1
1454185975884849,2,29,2,5,2,1,0,3
1454185975891814,18,-11,-1,-6,-2,-2,-1,-1
1454185975891814,-3,12,-1,-3,-4,-3,1,-4
1454185975907865,17,-4,-9,-3,-4,-1,-3,1
1454185975907865,-84,-4,0,2,3,3,-1,-12
1454185975909823,25,-2,8,4,-1,-1,4,-1
1454185975909823,-17,3,-12,-10,-6,-8,-8,27
1454185975929837,37,48,9,6,0,4,6,8
1454185975929837,41,-25,-2,-7,-4,-4,-4,-53
1454185975931838,-87,-20,-7,-3,-3,-3,-6,-24
1454185975931838,12,-15,7,2,1,2,2,23
1454185975943847,-9,-6,8,7,4,0,1,7
1454185975943847,23,17,-12,-6,-5,-6,-1,21
1454185975952831,3,17,-5,0,5,3,2,2
1454185975952831,3,-2,3,-1,1,-1,0,-17
1454185975967854,-8,-16,1,-4,1,1,-1,12
1454185975967854,-5,11,4,-4,-5,-3,0,6
1454185975968854,7,-12,-26,-6,-2,-3,-1,-17
1454185975968854,12,-5,9,-1,-2,-2,-2,-5
1454185975989895,0,-10,2,1,0,0,0,-6
1454185975989895,20,-20,14,1,2,3,2,23
1454185975991860,-41,26,9,3,-2,1,-4,-21
1454185975991860,24,-8,2,7,1,1,-1,33
1454185976003905,-9,8,-17,-16,-8,-5,1,-8
1454185976003905,14,3,0,1,0,-6,-1,-10
1454185976012875,-5,-17,-9,-2,0,1,-4,-1
1454185976012875,20,20,5,4,5,1,3,5
1454185976027910,-39,-16,4,8,0,3,2,-11
1454185976027910,20,25,-7,-9,-4,-3,5,45
1454185976028941,-29,-22,33,-5,-5,-3,-10,-31
1454185976028941,-14,24,7,5,1,4,1,-8
1454185976049956,18,-28,-3,-4,-1,-5,-2,-4
1454185976049956,9,0,-1,-6,-1,-1,2,-4
1454185976051904,29,93,38,21,7,9,8,32
1454185976051904,-27,-90,-66,-24,-11,-9,-8,-26
1454185976063963,-46,-22,7,0,0,1,-3,-19
1454185976063963,24,-45,-22,1,2,2,-2,-21
1454185976072919,27,63,25,1,0,-2,6,12
1454185976072919,6,-25,-21,-11,-3,-2,2,-14
1454185976087982,2,9,-26,1,3,1,-6,55
1454185976087982,-18,13,-30,-10,-10,-8,-7,12
1454185976088964,14,22,14,-5,3,-1,-3,18
1454185976088964,7,-50,-8,3,-3,1,0,-38
1454185976109996,23,10,0,-5,-1,1,3,-23
1454185976109996,-17,-4,-2,11,6,1,-2,33
1454185976111946,11,-8,-14,-22,-9,-8,-6,28
1454185976111946,-13,-11,21,7,2,0,-8,-14
1454185976124007,3,6,11,0,-1,0,8,18
1454185976124007,-14,64,35,12,7,4,-3,-28
1454185976132960,5,-83,-71,-17,-8,-6,5,30
1454185976132960,-39,19,19,8,-1,-2,-6,-13
1454185976147988,29,2,5,-1,-1,1,-6,-15
1454185976147988,-9,67,9,2,-2,0,-2,-7
1454185976148980,23,-3,4,11,4,1,-4,-30
1454185976148980,27,-40,-15,6,5,5,8,18
1454185976170005,-46,-51,0,-15,-14,-12,-5,76
1454185976170005,-26,-31,1,-13,-2,-3,-9,-102
1454185976171989,8,8,18,9,2,3,0,4
1454185976171989,8,84,-12,0,-1,-2,-2,-11
1454185976184015,18,-31,-15,4,-2,0,5,10
1454185976184015,0,-99,-7,4,4,4,1,38
1454185976193050,-34,24,5,7,4,0,-4,10
1454185976193050,-13,-73,25,-7,-7,-6,4,53
1454185976208116,-2,3,-23,-5,0,-1,-8,-67
1454185976208116,28,33,-16,-5,-4,-2,-2,-3
1454185976209063,13,23,32,15,8,5,2,-24
1454185976209063,-9,-32,14,-2,-6,-3,2,-1
1454185976230131,-63,26,1,-5,-1,-5,-3,29
1454185976230131,56,-46,10,5,0,2,4,62
1454185976232094,-2,78,-17,-5,2,1,-14,-36
1454185976232094,-11,24,16,4,2,3,6,-3
1454185976244085,58,53,6,9,-5,-3,3,-11
1454185976244085,-76,-49,-11,-10,0,0,3,-4
1454185976251111,21,-40,24,6,-3,-5,-4,32
1454185976251111,-3,-5,-43,-20,-11,-6,-5,-15
1454185976268646,-8,-32,-6,4,1,2,-3,-17
1454185976268646,-9,12,25,12,6,5,15,66
1454185976270649,74,-36,13,4,2,1,3,-28
1454185976270649,-61,-8,-27,-12,-2,-4,-7,-30
1454185976289673,28,16,-1,-4,-5,-6,5,13
1454185976289673,12,-49,-24,6,2,4,-13,-11
1454185976291664,-70,30,4,-25,-12,-9,-7,-43
1454185976291664,41,-45,-16,23,-1,-1,-1,-1
1454185976303693,64,28,6,-33,7,7,0,32
1454185976303693,-13,-44,-39,-8,-7,-6,-3,-26
1454185976312693,8,18,2,-4,-11,-5,-7,9
1454185976312693,60,46,32,16,10,5,-4,6
1454185976327745,-97,-4,26,10,3,2,-3,-56
1454185976327745,-4,23,37,8,1,-1,-3,-12
1454185976329706,68,-47,-49,2,7,5,6,55
1454185976329706,14,54,36,-2,-1,1,-2,-43
1454185976349724,-37,-71,-8,20,1,2,2,13
1454185976349724,64,68,-8,-25,-11,-7,-2,11
1454185976351719,-128,-78,-6,13,4,0,6,10
1454185976351719,-28,-1,-56,-22,-8,-6,-11,-23
1454185976363731,104,-19,-14,6,-9,-6,-8,14
1454185976363731,9,12,12,2,5,-3,1,-3
1454185976380747,-34,-57,6,-11,-10,-1,-8,-18
1454185976380747,20,-68,-27,-10,6,2,4,10
1454185976387751,42,127,28,16,14,10,0,2
1454185976387751,22,-46,-55,-3,-14,-11,-6,-2
1454185976389733,78,75,24,10,12,8,14,19
1454185976389733,-64,-19,10,9,5,3,4,-1
1454185976409750,-14,-17,-22,-19,-16,-12,-14,-77
1454185976409750,61,-17,37,11,3,4,2,0
1454185976411748,-30,-52,-8,-2,4,3,10,-11
1454185976411748,43,101,44,-2,-4,1,0,26
1454185976423770,-48,-22,-26,-8,6,0,4,11
1454185976423770,20,17,-7,2,-4,-2,2,2
1454185976432763,35,87,-16,-8,-9,-5,-2,0
1454185976432763,-91,-33,10,13,-4,-3,-4,23
1454185976447777,27,43,46,-10,0,0,-4,-1
1454185976447777,-77,-27,-67,-18,-6,-4,-1,-19
1454185976449775,69,81,80,38,15,10,8,29
1454185976449775,-51,-73,-58,-43,-14,-16,-16,15
1454185976469846,56,33,7,17,-2,5,5,-55
1454185976469846,-35,-29,22,8,2,5,1,-33
1454185976471793,-30,66,-26,-15,2,-6,-7,-9
1454185976471793,36,37,41,26,10,9,3,48
1454185976483819,33,35,-16,-10,-2,-4,7,-19
1454185976483819,101,-48,-19,-25,-12,-4,-6,14
1454185976492806,-48,-122,-52,1,-3,-5,-9,-9
1454185976492806,57,127,21,-2,3,1,9,2
1454185976507872,-69,-60,26,6,-2,-3,-5,-11
1454185976507872,29,53,49,-1,0,4,1,2
1454185976509853,-44,-41,-47,-18,0,-2,4,-2
1454185976509853,54,31,7,5,-10,-7,7,-8
1454185976529871,9,-37,-31,-8,0,7,2,44
1454185976529871,-19,-58,7,13,1,-1,-11,-27
1454185976531870,15,40,-16,-15,-7,-3,7,7
1454185976531870,-30,33,48,12,10,8,2,-6
1454185976543881,13,38,-41,-12,-5,-8,0,-8
1454185976543881,-76,-38,-24,-3,-2,0,-11,-7
1454185976552884,29,66,23,7,-7,-1,-3,6
1454185976552884,127,-5,-9,14,-2,-3,5,-5
1454185976567984,-69,-93,10,-12,-2,-4,-13,-4
1454185976567984,-34,-37,-14,3,6,5,12,2
1454185976568981,127,31,-29,-29,-8,-3,1,-14
1454185976568981,-28,7,33,3,1,-1,-2,-6
1454185976589992,-20,38,-10,14,2,0,-3,25
1454185976589992,-7,-9,-17,-22,-5,-10,-5,4
1454185976591992,-49,-116,-17,-7,-9,-4,1,-23
1454185976591992,-67,32,28,12,7,10,7,1
1454185976604002,-11,-64,-22,-4,-8,-9,-11,-10
1454185976604002,41,127,-6,8,11,6,-1,20
1454185976620011,62,-29,58,20,10,5,20,82
1454185976620011,4,-68,-68,-40,-18,-11,-29,-47
1454185976628140,66,29,-8,16,5,-1,-2,-55
1454185976628140,84,-6,38,20,2,3,2,-1
1454185976629142,-24,44,27,-10,-2,0,-13,-27
1454185976629142,-39,-55,-11,7,8,5,14,42
1454185976650213,71,122,66,20,2,1,-10,-12
1454185976650213,-13,-13,-91,-54,-17,-17,-7,-9
1454185976652215,45,28,-5,15,3,6,-1,0
1454185976652215,-57,-26,1,-19,-11,-4,0,5
1454185976664224,-1,-77,-14,11,2,-4,10,60
1454185976664224,-5,85,32,-5,6,-1,-6,-24
1454185976673229,33,-65,-34,6,-2,-4,-5,21
1454185976673229,68,127,34,8,9,4,0,-46
1454185976688195,-28,-79,3,1,-4,6,5,30
1454185976688195,-17,-18,-6,4,1,-5,-1,6
1454185976689185,-75,17,21,3,-6,-6,-3,7
1454185976689185,36,-54,4,0,-2,-10,-7,-44
1454185976710221,50,-13,2,-32,-2,1,4,29
1454185976710221,-33,100,79,51,9,6,16,-6
1454185976712219,49,-66,-56,-46,-13,-4,-7,-68
1454185976712219,-23,7,2,22,-1,-3,-7,4
1454185976733231,-7,51,39,4,-2,0,-5,19
1454185976733231,5,7,5,-10,4,1,5,34
1454185976734232,-29,-89,-27,-3,-2,-1,-8,-12
1454185976734232,-3,19,-18,-11,-5,-2,2,31
1454185976748241,11,-65,-4,6,-4,-1,-3,-19
1454185976748241,-84,-43,-17,-1,0,1,2,-23
1454185976749241,22,12,41,12,-2,-4,-6,4
1454185976749241,39,-35,-33,-5,2,-2,-3,19
1454185976770264,-92,11,-13,-4,-5,2,-3,-13
1454185976770264,86,40,12,-1,-2,2,2,-32
1454185976772257,-47,-16,11,-3,-1,0,-5,-8
1454185976772257,-9,30,-32,-7,-2,-1,2,22
1454185976792279,31,-22,-23,4,-1,-2,1,-13
1454185976792279,-8,35,4,-3,-1,2,-3,13
1454185976794275,-67,-12,-3,2,-3,-2,1,-23
1454185976794275,62,-7,6,-4,-5,0,-3,-14
1454185976808283,-38,45,-10,-3,4,-1,10,41
1454185976808283,54,-32,-7,-2,-4,-3,-12,-78
1454185976809272,-23,34,4,21,1,4,-2,5
1454185976809272,3,27,5,-17,-4,-1,2,5
1454185976830306,7,-32,-15,-8,-4,-2,-1,3
1454185976830306,-18,-23,10,6,-2,-2,1,18
1454185976832301,-2,29,-4,1,-1,-2,2,1
1454185976832301,-9,-40,2,13,2,0,0,-15
1454185976853317,12,63,9,-8,5,3,-5,-11
1454185976853317,-21,-55,-23,-7,0,-6,1,23
1454185976854316,38,61,-24,-3,-4,-3,-1,-2
1454185976854316,-4,-37,-8,-7,-4,-1,-2,6
1454185976867390,-17,20,13,3,-1,1,-2,-10
1454185976867390,-25,-4,10,4,-4,-3,-2,15
1454185976869384,13,1,18,5,3,-1,-3,5
1454185976869384,-20,-27,-35,-7,-1,0,1,-7
1454185976890406,21,29,4,1,-2,-2,-3,-11
1454185976890406,-18,9,8,2,0,1,-1,-8
1454185976891390,3,-14,-6,-2,0,3,-1,2
1454185976891390,4,30,12,-1,-1,-5,2,46
1454185976912407,-1,-25,-2,-1,2,3,2,-35
1454185976912407,-18,-9,-2,1,-3,0,1,50
1454185976914409,18,10,5,-5,-1,0,-4,22
1454185976914409,-17,-18,1,0,-4,-3,-1,-33
1454185976927434,-9,17,-4,-6,-4,0,0,-4
1454185976927434,9,-1,4,-1,-3,-1,1,7
1454185976934423,-10,-6,-6,0,2,0,0,-27
1454185976934423,13,21,-2,-6,-4,-1,-4,0
1454185976950431,6,-11,-5,-1,-1,-2,1,4
1454185976950431,2,17,11,3,-3,-1,-2,-15
1454185976951432,-15,-19,-9,-6,1,-2,2,7
1454185976951432,-8,-9,2,4,3,0,-1,-10
1454185976972502,7,4,5,-2,-3,-2,-2,-6
1454185976972502,-3,19,-8,0,1,0,1,9
1454185976974476,-11,-1,-1,-1,0,-2,-2,-2
1454185976974476,6,-4,6,2,2,4,-5,-4
1454185976987511,8,5,1,1,-2,-3,-1,12
1454185976987511,-9,4,2,-4,-2,-2,-3,0
1454185976994491,-6,-26,-6,-6,-3,-2,-1,-6
1454185976994491,8,12,6,7,0,-2,0,-8
1454185977010529,-8,-13,-6,-1,-3,-4,-5,6
1454185977010529,-4,-2,-2,0,-1,-1,-2,-6
1454185977011478,10,5,-1,-1,-2,-1,-2,-5
1454185977011478,-3,-8,-1,-3,-1,0,0,2
1454185977032541,-4,-2,0,0,1,0,-1,2
1454185977032541,-2,16,5,3,1,-1,-3,-2
1454185977034491,3,-3,-2,0,1,-2,0,3
1454185977034491,-19,-9,0,-3,-1,1,1,-3
1454185977047497,3,4,3,3,0,-2,0,0
1454185977047497,3,-3,-7,-5,-3,-1,-2,-5
1454185977053598,-3,-1,-2,0,-1,-3,-1,1
1454185977053598,-2,-4,-2,0,2,1,-2,-4
1454185977070612,-3,-1,3,-2,-1,0,2,-1
1454185977070612,-2,-5,4,3,0,0,1,1
1454185977071555,-1,2,-1,-3,-3,-3,-6,-1
1454185977071555,6,1,-2,-1,0,0,2,-2
1454185977092626,2,4,-1,-1,-1,1,-1,4
1454185977092626,0,-6,3,-1,-1,-1,1,1
1454185977094592,-3,2,-6,-4,-6,-1,-3,-2
1454185977094592,0,-3,2,2,1,2,2,-3
1454185977107601,0,-1,-4,-9,-1,-1,0,1
1454185977107601,-2,-5,0,7,0,1,-1,-3
1454185977115587,-5,1,4,-2,0,-3,0,-2
1454185977115587,4,-1,-4,-10,-4,-2,-1,0
1454185977130664,-1,-3,-4,1,-2,-3,-2,1
1454185977130664,0,-2,-1,-1,-1,-1,-1,1
1454185977131648,-6,1,0,6,1,1,1,0
1454185977131648,1,-1,1,2,1,-2,0,-1
1454185977152667,-1,-1,-2,-2,-1,-1,-1,-1
1454185977152667,-5,-3,0,-2,-2,-1,-2,-4
1454185977154682,0,0,-4,0,-2,-3,0,2
1454185977154682,-3,-2,-2,-3,-1,1,-4,-4
1454185977166775,0,2,0,-1,1,-3,1,0
1454185977166775,1,-2,0,-1,-2,-2,0,1
1454185977173860,-4,-2,-1,-2,-2,-3,-2,-1
1454185977173860,1,-1,-1,-1,0,-1,0,0
1454185977189870,0,-2,0,2,-1,0,-3,-2
1454185977189870,1,-4,-1,-3,-1,-3,-2,-2
1454185977191818,-2,-3,-2,-2,1,2,0,-3
1454185977191818,1,2,0,4,0,-2,-2,-1
1454185977212833,-2,-2,0,3,0,2,0,-2
1454185977212833,1,-2,-7,-19,-4,-3,0,0
1454185977214849,-2,-1,-1,1,0,0,-3,-2
1454185977214849,-3,1,1,1,-1,-1,0,-1
1454185977226848,0,2,-2,5,0,2,-1,1
1454185977226848,4,2,1,-2,-2,-3,-3,1
1454185977234944,-8,-6,-3,-2,-1,-1,-2,-4
1454185977234944,2,0,1,2,0,-1,-2,-1
1454185977249918,-1,-1,-2,-6,-4,-2,0,0
1454185977249918,-4,0,0,4,0,-1,0,-1
1454185977251900,1,2,-1,-2,-2,0,-2,1
1454185977251900,-4,-4,-3,-2,-3,-2,-2,-1
1454185977272970,0,-3,-3,0,0,-4,-3,-1
1454185977272970,-1,0,0,0,2,2,1,-1
1454185977273959,1,1,-1,0,2,-3,0,0
1454185977273959,-1,-2,1,1,-3,0,-4,0
1454185977286060,-1,0,-1,-5,-4,-4,-3,-2
1454185977286060,-3,-2,-3,7,-4,-1,-3,-1
1454185977295095,-3,0,0,-5,0,0,0,0
1454185977295095,3,0,-4,-4,2,0,0,-2
1454185977310161,-2,-3,0,0,-3,-1,1,-1
1454185977310161,-1,1,2,0,-2,2,-2,-1
1454185977312138,-3,1,2,3,-2,-4,-2,0
1454185977312138,-2,-2,-1,1,-1,-2,-1,0
1454185977333160,-2,-1,-3,-8,-1,0,-2,-1
1454185977333160,6,-4,-2,-1,-2,0,0,-2
1454185977334132,1,1,1,1,2,1,-2,-1
1454185977334132,-2,-1,-2,-3,-1,-3,-2,-2
1454185977346191,-5,-1,1,1,-1,-3,0,-2
1454185977346191,0,-4,-2,-1,-4,-3,-1,1
1454185977355170,-1,-2,-1,2,-3,1,1,1
1454185977355170,3,1,0,1,-1,-1,-2,0
1454185977370326,-4,-1,-1,4,3,0,-1,-1
1454185977370326,-3,-1,-1,-2,0,-1,-1,-1
1454185977372276,-1,1,-1,2,-4,-1,-2,-2
1454185977372276,-1,0,-3,-9,-4,0,0,-2
1454185977392312,-1,-2,-1,-1,-1,0,2,1
1454185977392312,-1,-2,0,-2,1,-2,-2,0
1454185977394286,-1,-1,-1,1,1,-1,-1,-4
1454185977394286,-3,-1,0,-1,0,-1,-1,0
1454185977406313,1,1,0,-3,-1,-1,0,-1
1454185977406313,0,-1,-2,-1,-3,-1,1,1
1454185977415299,0,-1,0,1,-6,-4,0,1
1454185977415299,0,-1,0,10,-2,0,-2,-2
1454185977430330,0,0,-2,-16,-1,0,-2,0
1454185977430330,-3,-1,-2,0,-2,-5,-1,-1
1454185977432329,1,-1,-2,-3,-2,-1,-1,0
1454185977432329,-2,-2,-2,4,0,-3,-1,-1
1454185977452364,1,1,1,8,-2,-2,-2,-2
1454185977452364,-1,1,-1,-2,1,4,-2,-1
1454185977454342,1,-4,-4,-6,-4,-4,-5,-1
1454185977454342,-3,0,0,-1,1,-2,6,0
1454185977466375,-1,0,-1,-1,-1,0,0,-1
1454185977466375,-3,-1,-2,-3,-1,-1,-2,-3
1454185977475418,-1,0,-1,1,0,-1,1,-3
1454185977475418,2,-1,1,-3,-1,1,0,0
1454185977490480,-1,-3,-2,-2,-1,1,-3,0
1454185977490480,-3,-1,0,0,-1,-4,1,-2
1454185977491459,-4,-2,-1,0,2,0,-1,2
1454185977491459,2,-1,0,-4,-3,-2,-2,0
1454185977512477,-2,-1,-1,3,2,0,0,-3
1454185977512477,-3,-1,-3,-6,-4,1,-3,-1
1454185977514432,0,0,-1,-1,0,1,-1,0
1454185977514432,-2,-4,-4,-8,0,-1,-1,-1
1454185977526505,1,-1,1,5,0,-3,-1,-2
1454185977526505,1,-1,-1,0,2,0,-3,-1
1454185977535448,-3,-2,-2,-1,-3,0,0,-2
1454185977535448,-2,-1,-1,0,-2,-3,-3,-2
1454185977550522,-1,-1,1,-1,-1,-2,-2,0
1454185977550522,2,-2,-1,0,-2,-2,-1,0
1454185977551494,-4,-1,-2,-3,0,-1,2,-1
1454185977551494,1,-1,-2,-1,-5,-3,-4,-2
1454185977572538,0,-2,-3,-1,-1,-1,-1,-2
1454185977572538,-1,-1,0,-1,0,1,0,-2
1454185977574498,-1,0,-1,-1,0,-3,-3,-1
1454185977574498,-1,-2,-2,-1,-2,-1,0,-2
1454185977586547,1,0,-1,0,2,0,1,1
1454185977586547,-4,0,0,-1,-2,-3,-1,-1
1454185977595626,0,0,-2,-1,-1,2,1,0
1454185977595626,-3,0,0,-1,1,1,-1,2
1454185977617706,0,-1,0,-1,-3,-3,-3,-1
1454185977617706,-1,-3,0,2,0,-2,-1,-1
1454185977619645,1,-1,-1,-2,1,-1,3,0
1454185977619645,-2,0,-1,-2,-3,-1,-1,-2
1454185977632716,0,-2,-1,-3,-1,0,-1,-2
1454185977632716,0,-2,-1,-1,2,0,0,-1
1454185977634656,-1,-1,0,-4,-2,-2,-3,-2
1454185977634656,2,0,0,0,1,0,0,0
1454185977646730,-1,-1,-2,-2,-4,-2,-1,-2
1454185977646730,-3,0,-3,0,-2,-1,-2,-2
1454185977655691,0,-1,-2,-1,0,2,3,-2
1454185977655691,-1,-3,-1,-1,0,0,-1,1
1454185977677825,-2,4,1,-1,-1,-3,-2,0
1454185977677825,0,-6,-8,-1,0,1,1,0
1454185977679822,-2,0,2,0,0,-1,-1,-1
1454185977679822,0,3,0,-1,-1,-1,-1,-1
1454185977692895,-3,-4,-3,-1,-1,0,0,-1
1454185977692895,1,2,2,-1,-3,-1,-3,-3
1454185977694833,1,-1,0,-1,0,-3,1,-1
1454185977694833,-7,-2,-3,-1,-1,-1,-1,0
1454185977714871,-2,4,3,-1,-1,-2,-5,0
1454185977714871,5,-2,0,0,3,2,2,1
1454185977716848,-3,-5,-1,-1,-1,1,-1,0
1454185977716848,3,1,1,0,-1,0,-1,-1
1454185977730968,-2,-1,-3,1,0,0,-1,-2
1454185977730968,-4,-1,1,1,-5,-3,0,-3
1454185977732984,0,-1,-3,-4,0,2,0,-1
1454185977732984,-4,-2,-2,-1,2,-1,-3,-3
1454185977753039,-1,-3,-2,-3,-3,-1,-1,-2
1454185977753039,-1,-2,2,0,-3,-2,-1,-1
1454185977753990,-1,1,-1,1,0,-2,-5,0
1454185977753990,-1,-3,-1,-3,0,-2,1,-1
1454185977775055,-1,-2,-1,0,-1,0,-3,-2
1454185977775055,-4,-1,0,-2,-1,0,-1,1
1454185977776992,0,-2,-3,0,-2,-4,-1,1
1454185977776992,2,-3,-3,0,-1,-2,-1,-1
1454185977790065,-1,-1,-1,-1,1,-2,0,-1
1454185977790065,-1,-1,-1,-2,0,-2,-2,-1
1454185977792002,0,0,-1,-1,-2,-1,1,0
1454185977792002,1,-1,1,1,-1,0,-1,-2
1454185977813081,-3,-1,1,-1,-3,-2,0,-1
1454185977813081,-1,-2,-1,-1,-1,0,-3,0
1454185977814018,0,0,0,-2,0,-2,-1,-1
1454185977814018,-1,-1,-1,2,-2,-1,1,0
1454185977835098,2,1,-1,1,5,3,2,0
1454185977835098,0,1,1,-2,0,-1,-2,-1
1454185977837037,-2,-2,1,-1,-4,-1,-3,-3
1454185977837037,0,-1,-2,-2,-1,-3,-2,-1
1454185977858121,0,-1,-2,-1,-2,-2,1,-1
1454185977858121,-3,0,-2,0,0,2,2,-3
1454185977859074,-2,-1,0,1,-2,1,1,-1
1454185977859074,-3,1,-1,0,0,-3,-1,-1
1454185977873123,0,-5,-2,-2,-3,-3,-1,-2
1454185977873123,-2,-1,-1,-1,1,0,-2,-2
1454185977874084,-1,-3,-1,0,-1,0,-1,-1
1454185977874084,-2,-2,-2,-1,-1,-1,-2,-2
1454185977895139,-1,0,-2,-1,-3,-1,-1,0
1454185977895139,-3,0,-1,0,0,-3,0,-2
1454185977897101,-1,1,-2,-2,1,-1,-1,-1
1454185977897101,1,-1,0,-1,0,-1,-1,0
1454185977910110,1,-1,-1,-1,-4,-2,-1,1
1454185977910110,0,-3,-2,-2,-3,0,1,0
1454185977916154,-3,-3,0,0,-1,-2,-3,-2
1454185977916154,-1,-1,-1,-2,-1,0,0,-2
1454185977933162,-2,-1,0,0,0,0,-1,-1
1454185977933162,2,0,-2,-1,-4,-1,-2,1
1454185977934126,0,-1,0,-1,-1,-2,-3,-1
1454185977934126,-2,-1,-3,0,-1,2,0,-3
1454185977955183,0,-2,-1,-1,1,-1,1,-2
1454185977955183,0,-2,-2,0,-2,2,0,0
1454185977957134,-2,-1,-1,-1,-2,-3,1,0
1454185977957134,-1,-2,-1,-2,-2,-1,-2,-1
1454185977969330,-1,-3,-2,-3,-2,0,-4,-2
1454185977969330,-1,-2,-1,2,2,2,4,1
1454185977976335,-1,-2,1,-1,-2,-1,-3,-2
1454185977976335,-2,-1,-1,-1,-1,1,-1,1
1454185977992347,1,-1,-2,0,-1,1,0,1
1454185977992347,0,-1,-1,-3,-4,-3,-4,0
1454185977994306,-3,-2,-2,-2,0,0,-1,-2
1454185977994306,-1,-1,0,0,-1,-1,-2,-2
1454185978015320,2,0,-1,-1,-2,-6,0,1
1454185978015320,-3,-1,0,-2,-2,-3,0,-1
1454185978017309,1,0,0,0,-1,-1,2,1
1454185978017309,-2,-2,0,-2,-3,-2,1,-2
1454185978029372,0,0,0,0,0,2,-3,0
1454185978029372,0,-1,-1,0,1,-2,-1,-2
1454185978036378,0,-2,-3,-1,-2,0,-2,0
1454185978036378,1,-2,-1,-2,0,0,-1,-2
1454185978052388,-2,0,0,-2,-4,0,2,-1
1454185978052388,-2,-3,-2,-3,-1,-2,-2,0
1454185978054326,-2,-4,-3,-2,-1,-1,0,0
1454185978054326,-2,0,-1,-2,-2,-1,-2,-2
1454185978075408,-2,1,-1,1,1,-3,-1,-2
1454185978075408,-1,-2,-1,-1,-1,-1,0,-1
1454185978077379,3,0,-2,2,-1,-2,-2,-2
1454185978077379,-5,-2,-2,-2,0,-1,0,0
1454185978089418,-1,-3,-3,0,-1,-2,-1,-3
1454185978089418,-1,0,-2,-3,-2,-2,-3,-1
1454185978096420,-1,-2,-2,-1,-2,2,-2,-2
1454185978096420,0,0,-1,1,-1,-6,2,0
1454185978112432,-3,-2,-1,0,-1,2,-2,-3
1454185978112432,-2,-2,-1,-2,-1,-3,1,0
1454185978114369,-3,-1,1,-3,-1,-2,-1,-2
1454185978114369,0,-1,-2,0,0,0,-1,0
1454185978135447,0,0,-1,0,0,-1,-2,2
1454185978135447,0,0,0,0,-1,-1,-1,1
1454185978137388,-2,1,-2,0,-1,-2,-3,-1
1454185978137388,-1,0,-1,0,-1,1,-1,0
1454185978149440,-3,-1,-2,-2,1,-1,-1,-1
1454185978149440,0,0,-1,-1,-1,2,1,1
1454185978156447,0,-1,-1,0,0,0,0,-1
1454185978156447,-2,-2,0,-1,-1,1,-2,-1
1454185978173613,-1,0,-2,-3,-3,-1,-2,-2
1454185978173613,1,-1,-1,-2,-3,-3,-1,-2
1454185978174547,1,-2,-1,1,2,4,-2,-2
1454185978174547,-3,0,0,0,1,-2,3,-1
1454185978195627,-2,-1,1,-2,-1,1,2,-1
1454185978195627,-2,0,-1,0,-2,-4,-1,-1
1454185978196566,1,-2,-1,-1,1,1,-3,-1
1454185978196566,1,0,0,-3,-1,1,-1,-2
1454185978208635,-1,-2,-1,0,0,-1,-1,-1
1454185978208635,-2,-2,-1,-2,-2,-2,-2,-1
1454185978217602,-1,0,-2,-2,-2,-4,2,0
1454185978217602,-2,-1,-1,-1,-1,-1,-6,-2
1454185978232603,-3,-1,1,1,-1,-2,0,0
1454185978232603,1,-1,-2,0,0,1,0,-1
1454185978234589,1,-1,-1,0,0,3,3,1
1454185978234589,-2,0,-2,-1,-2,-3,-3,-2
1454185978255667,-2,-2,0,-3,-3,-2,-2,-2
1454185978255667,-1,-2,-1,-1,-2,-2,-2,-1
1454185978256605,-1,-1,-1,-2,-2,0,-1,0
1454185978256605,0,-1,0,-2,-3,-5,0,0
1454185978268677,0,-1,0,0,-1,-4,-1,0
1454185978268677,0,3,0,0,1,2,0,-2
1454185978277643,-3,-2,-1,-1,-3,-3,-3,-1
1454185978277643,-3,-1,-1,0,-2,2,0,-1
1454185978292830,-1,-2,-2,-2,0,-1,1,0
1454185978292830,-2,-2,-1,1,0,0,-1,-1
1454185978294781,0,0,-2,-1,0,-2,-2,-3
1454185978294781,1,-2,-2,-2,-3,0,-2,-1
1454185978315798,-2,-3,0,0,-1,1,-2,-1
1454185978315798,-1,-2,0,1,0,0,-3,-1
1454185978316804,3,-1,-1,-2,-1,-1,-2,-1
1454185978316804,2,0,0,-1,-1,0,1,-1
1454185978328853,-4,-3,-3,0,-1,0,0,-1
1454185978328853,-2,-2,-1,-2,0,1,1,-2
1454185978337803,-7,-2,0,-1,-1,-2,-2,-1
1454185978337803,0,-1,-2,-1,1,-5,-1,1
1454185978352832,0,0,-3,-2,0,-1,-3,0
1454185978352832,-2,-3,0,0,-3,-2,0,2
1454185978354821,0,-2,0,0,-1,1,-1,1
1454185978354821,3,0,-1,-1,0,-1,-1,0
1454185978374841,-3,-2,0,0,-2,-1,2,-2
1454185978374841,-2,-1,-2,-3,-1,-2,0,0
1454185978376823,-1,0,-3,-2,-2,-2,1,-4
1454185978376823,-2,-1,-3,0,-3,0,0,-1
1454185978388851,1,-1,0,-2,-2,-1,-1,-1
1454185978388851,0,0,-2,-2,1,0,-1,-1
1454185978397856,-2,0,-3,0,-1,-2,0,-2
1454185978397856,-1,-2,-2,-1,-2,1,-1,-1
1454185978412869,0,-2,0,1,-1,-1,-2,0
1454185978412869,-3,-2,1,-1,-2,0,-1,-1
1454185978414850,0,0,1,-1,-1,-2,-1,-1
1454185978414850,-3,-3,0,-2,2,-3,-2,-2
1454185978434884,0,-1,-2,-1,0,1,-1,0
1454185978434884,2,0,-3,0,0,0,0,0
1454185978436878,-2,0,-1,-2,-1,-3,0,0
1454185978436878,-3,0,0,0,-1,-1,0,-1
1454185978448880,3,0,-2,-2,-2,1,-1,-1
1454185978448880,1,0,-1,0,-1,-3,-3,-2
1454185978457893,-2,-2,-2,-1,-2,-1,0,-1
1454185978457893,-1,0,-1,-1,1,0,-2,-1
1454185978473035,-2,0,-1,-3,0,-1,-1,-2
1454185978473035,2,0,0,1,-2,0,-1,-1
1454185978473987,-2,-2,-1,-1,0,0,2,1
1454185978473987,-1,-1,-2,-1,-1,-2,-1,-2
1454185978495050,0,0,-1,-2,-2,-3,-2,-1
1454185978495050,-3,-3,-2,-2,0,0,0,0
1454185978496988,1,-1,0,1,-1,-2,-2,-1
1454185978496988,0,-1,-2,0,-1,0,1,0
1454185978509060,0,0,-1,-1,-1,-3,-2,-1
1454185978509060,1,0,-2,-3,-1,-1,-3,-1
1454185978518008,-4,-2,-2,-2,0,0,0,1
1454185978518008,-2,-2,-2,-2,0,-1,1,-1
1454185978533057,-1,1,0,1,-2,0,0,0
1454185978533057,-2,-3,-1,-1,-1,-2,-2,-1
1454185978534014,0,1,-2,0,0,0,0,-2
1454185978534014,2,0,-1,-2,-1,1,-3,-1
1454185978555048,-1,-2,0,0,-3,-2,-1,-1
1454185978555048,-1,0,0,-2,-1,-3,-1,-2
1454185978557030,0,-3,-1,-2,-2,0,2,0
1454185978557030,-2,-1,0,1,0,-1,2,-2
1454185978569058,1,-1,-1,0,1,2,0,-1
1454185978569058,-2,-1,-2,0,-2,-2,-1,0
1454185978578057,-1,0,1,-2,-2,-2,-3,-2
1454185978578057,-3,-3,-3,-1,-3,0,0,-1
1454185978593200,1,-2,-2,-1,-1,-1,-3,-2
1454185978593200,1,-2,0,-2,-1,1,0,-1
1454185978595152,0,0,0,-1,0,0,0,0
1454185978595152,-2,0,0,-2,0,0,-3,0
1454185978615268,-1,0,-2,0,1,-2,0,-2
1454185978615268,-2,0,-2,-1,0,-2,0,0
1454185978617276,4,-3,-2,-2,-3,0,-3,-2
1454185978617276,-3,-2,-2,-1,-1,-1,-2,-2
1454185978638293,-1,-1,0,0,-1,-3,-1,1
1454185978638293,-1,0,0,0,0,2,3,-3
1454185978639270,-4,-1,0,1,-1,-2,0,-2
1454185978639270,-3,0,0,-1,1,-2,-2,-1
1454185978652344,-1,-2,-2,-1,0,0,-1,1
1454185978652344,-2,0,-1,-3,-1,-1,-1,-3
1454185978654303,0,0,-2,0,-1,-2,-4,0
1454185978654303,0,-2,-1,-1,-2,0,-2,-2
1454185978675315,-1,-1,-2,-1,-1,-2,0,-2
1454185978675315,0,-1,0,0,-1,0,-1,1
1454185978677302,-3,-4,-1,-2,-1,-1,-1,-2
1454185978677302,-1,1,0,0,-3,-4,-2,0
1454185978697331,0,-1,0,1,1,3,1,-1
1454185978697331,0,-1,-3,0,-1,-3,-2,-1
1454185978699313,0,1,-1,-2,-1,2,-2,0
1454185978699313,-1,0,-1,-1,-1,-3,1,0
1454185978712386,-2,-1,0,-2,-2,-1,0,-1
1454185978712386,0,0,-3,-2,-1,0,-2,0
1454185978714346,-4,-2,-1,0,0,1,2,0
1454185978714346,-1,0,-1,0,2,3,-2,-1
1454185978735402,-2,-1,-1,-2,0,-3,-1,-1
1454185978735402,-1,-1,-1,-1,-1,-1,-1,-1
1454185978737362,1,0,-2,-3,-2,-4,-1,0
1454185978737362,-4,-3,-1,0,-1,-2,1,-2
1454185978757550,1,0,1,-1,-3,0,-3,-2
1454185978757550,-1,-1,-1,-1,-1,-1,1,0
1454185978759523,1,-1,0,0,-1,0,-3,-3
1454185978759523,0,-1,-2,-1,0,-2,-1,-1
1454185978772560,-3,-1,-1,-1,-2,-1,-1,-1
1454185978772560,-2,-2,-1,1,-2,-1,-2,-2
1454185978774532,-2,-1,-1,0,-1,-2,0,-3
1454185978774532,0,0,0,-2,-1,-1,0,1
1454185978795576,-1,0,-2,-2,-1,0,0,-1
1454185978795576,1,-2,-3,-2,-4,-1,-1,0
1454185978796520,-3,-1,0,0,-1,1,1,0
1454185978796520,-2,-3,-1,1,-1,0,0,-1
1454185978817565,-1,-1,-1,-1,-1,-2,-2,-1
1454185978817565,-1,-1,-2,-2,-2,-3,-1,-1
1454185978819558,2,0,1,-2,-1,-3,-3,0
1454185978819558,1,-2,-1,-1,-3,-1,0,0
1454185978832573,-1,0,-2,1,0,-2,0,-1
1454185978832573,0,0,-1,-3,-1,-1,-1,0
1454185978838608,-3,-2,-1,0,-2,0,0,0
1454185978838608,4,0,1,1,1,1,-1,1
1454185978855619,-4,-3,-2,0,2,1,-3,-1
1454185978855619,-1,-1,-1,-1,-2,-2,-3,-2
1454185978856572,0,-2,-2,-2,-2,1,0,-2
1454185978856572,-2,-1,-3,0,-1,0,1,-2
1454185978877634,0,-2,-2,-2,-4,0,0,-1
1454185978877634,0,1,2,0,2,-4,-1,0
1454185978879589,-5,-1,-2,-1,1,0,-2,0
1454185978879589,2,0,-2,-1,-1,-1,0,-1
1454185978892618,1,-1,0,0,-3,-2,-2,1
1454185978892618,-2,-1,0,0,0,3,2,-2
1454185978898712,2,-1,-1,-2,-1,-5,-4,-2
1454185978898712,0,1,0,-1,0,2,-2,0
1454185978915724,-2,-1,0,-1,-2,0,-3,-1
1454185978915724,-2,-3,-1,-2,-2,0,0,0
1454185978916724,-3,-2,0,-1,0,-2,3,1
1454185978916724,1,-1,-2,-2,-2,-2,-3,-2
1454185978937938,0,-1,-2,-1,0,-3,0,-1
1454185978937938,-2,0,-2,0,0,0,-1,-1
1454185978939880,1,-2,-2,-1,-1,-1,0,-2
1454185978939880,-2,-2,-1,0,-1,-1,0,0
1454185978951948,0,-2,-1,-3,-4,-1,-1,-1
1454185978951948,-2,-1,0,1,0,1,1,-1
1454185978958952,-4,0,1,0,1,-1,0,-1
1454185978958952,0,0,-2,-1,-2,-1,-1,0
1454185978974964,-4,-1,-1,-3,2,3,0,0
1454185978974964,-1,-3,-2,-2,-2,-6,-1,-2
1454185978976935,1,0,-3,-1,-3,0,-1,-2
1454185978976935,-3,-1,0,0,0,-2,-2,-3
1454185978997979,0,0,-2,0,0,0,-1,0
1454185978997979,-3,-2,-1,0,1,2,-1,-3
1454185978998923,0,0,-2,-1,-1,0,0,0
1454185978998923,-3,-2,-2,-2,-4,-3,-3,-1
1454185979011991,-1,1,-1,-1,0,-3,0,-2
1454185979011991,-1,0,1,1,0,1,1,0
1454185979018937,0,0,-1,-2,-1,-1,0,0
1454185979018937,-3,-2,-1,-2,-2,-2,0,-1
1454185979035007,-1,-2,0,-2,-3,-5,-3,0
1454185979035007,0,-1,-2,0,-2,2,0,1
1454185979036978,-4,-2,-2,0,0,2,-1,0
1454185979036978,0,0,2,-1,0,-2,-3,1
1454185979058022,-1,-2,-1,-1,-2,-2,1,-1
1454185979058022,-1,0,-1,1,0,-3,-1,0
1454185979058965,-1,-1,-1,-1,0,-2,-2,-2
1454185979058965,-2,0,-2,-2,-3,-3,-2,-3
1454185979080038,-4,-2,-2,0,-2,2,0,0
1454185979080038,-2,-1,0,-2,-1,-2,0,-2
1454185979082010,0,0,0,0,1,-1,-1,-2
1454185979082010,0,-2,0,-2,-1,0,-1,-2
1454185979095048,-2,-3,0,-1,1,-2,0,-2
1454185979095048,0,0,-2,-1,-4,-1,-3,0
1454185979097019,-1,-2,-1,-3,-2,-3,-2,-1
1454185979097019,-1,-1,-4,-2,0,-2,-1,-2
1454185979118046,-1,1,0,-1,-1,-1,-1,-2
1454185979118046,-1,-2,-2,-1,-2,0,-2,0
1454185979119007,1,-2,1,-1,0,-3,1,-1
1454185979119007,-2,-1,-1,0,3,3,-1,0
1454185979131074,-7,-1,-1,0,0,0,-1,1
1454185979131074,3,-1,-2,-4,0,-4,-2,1
1454185979140053,1,0,-1,-2,-4,-2,-4,-3
1454185979140053,-1,0,0,-1,-2,-1,2,0
1454185979155090,3,0,-1,-2,0,0,0,-1
1454185979155090,-3,-2,2,1,1,-2,0,-2
1454185979157034,0,-3,-2,-1,-2,1,0,1
1454185979157034,1,-1,-2,-1,0,-1,-3,0
1454185979178106,-2,-1,1,0,0,0,0,-2
1454185979178106,2,0,-1,-3,-2,0,-1,-2
1454185979179078,-3,-4,-1,0,-1,-3,1,-1
1454185979179078,-1,-1,-2,0,0,-1,0,-2
1454185979191115,1,-1,-3,-2,-2,-3,-2,-1
1454185979191115,0,-1,1,-2,-1,0,-1,0
1454185979200093,-2,-1,0,0,-1,0,0,0
1454185979200093,-3,0,-1,0,-1,0,-2,-3
1454185979215133,2,-2,-1,-2,1,-3,-1,0
1454185979215133,-3,-1,-1,-1,-3,-2,-1,-2
1454185979217105,-1,-1,-1,0,0,0,-1,-1
1454185979217105,-3,-1,1,-3,1,-1,-2,-2
1454185979238147,2,-3,-3,-2,0,-1,3,0
1454185979238147,2,0,-2,-1,-1,-1,-2,0
1454185979239093,-3,1,-2,0,-1,-1,-1,-1
1454185979239093,-1,0,-2,1,-3,-2,-3,-1
1454185979251104,-1,-2,-1,0,-1,-1,0,-1
1454185979251104,-2,0,-2,-3,2,1,-2,-1
1454185979260137,1,0,-1,-2,-1,0,-1,-2
1454185979260137,-1,-2,1,-2,-1,-2,1,1
1454185979283135,-2,1,-1,1,-1,-2,-3,-2
1454185979283135,-6,-2,-1,-1,-1,-2,-2,-2
1454185979284129,2,-1,0,-1,0,2,-2,1
1454185979284129,-1,-2,0,0,1,-3,1,1
1454185979298180,1,-1,0,0,0,-3,1,-1
1454185979298180,-1,-1,-1,-1,-2,0,1,-1
1454185979299142,-3,-1,-1,-1,-1,-4,-1,-1
1454185979299142,0,-2,-1,-2,-1,2,2,-2
1454185979311200,0,0,-2,0,-1,-4,-1,0
1454185979311200,0,-1,-2,1,0,1,-1,0
1454185979320179,-4,-2,-1,-2,-1,-3,-1,-1
1454185979320179,1,-1,-1,-1,-2,0,1,0
1454185979335218,-2,0,1,-1,-3,1,-2,-1
1454185979335218,-3,-2,-1,0,1,-1,-2,-3
1454185979337161,1,0,-1,1,0,-1,-1,-1
1454185979337161,0,0,-2,-1,-2,0,0,0
1454185979358300,-3,-1,0,1,2,1,-1,0
1454185979358300,2,0,-2,-1,-3,-2,0,-1
1454185979359288,-3,-2,-3,-2,2,1,0,-2
1454185979359288,0,-1,0,-2,0,-2,-3,-2
1454185979371354,0,-2,-1,-3,-2,-1,-2,-2
1454185979371354,-1,-1,-2,-3,-1,0,1,1
1454185979380301,-3,-1,-2,-2,-4,-1,-2,0
1454185979380301,2,1,-1,2,-1,-3,-1,0
1454185979395367,-4,-2,-2,0,2,2,0,-1
1454185979395367,1,-1,0,0,-2,-1,-1,0
1454185979397323,3,-1,-2,0,-2,-1,0,0
1454185979397323,-1,-2,0,-2,-2,-1,-7,-2
1454185979417332,1,0,-3,0,-2,1,-2,-3
1454185979417332,-2,-2,-1,-1,-1,-2,0,0
1454185979419355,-1,-1,-1,0,-1,-1,1,-1
1454185979419355,-4,-3,-1,-2,-1,-2,-2,-2
1454185979431392,2,0,-1,0,0,0,0,-2
1454185979431392,-3,1,-1,-2,1,0,0,-1
1454185979440357,2,-1,-1,-1,-2,-3,-1,0
1454185979440357,-1,0,-2,-2,-4,-1,0,-1
1454185979455409,-2,-2,-1,-2,-1,2,-1,0
1454185979455409,0,-2,1,0,0,-4,-2,-1
1454185979457353,-2,-1,-1,-1,1,1,-1,-2
1454185979457353,-2,-1,0,0,1,-2,-1,-1
1454185979477424,3,0,-1,-3,-3,-3,-1,1
1454185979477424,-2,-2,-1,-2,-3,2,-2,-2
1454185979479397,-2,-1,-2,-2,-1,1,-1,-2
1454185979479397,1,1,-1,-1,-2,-1,0,0
1454185979491434,1,0,-1,-1,-3,-3,-1,0
1454185979491434,-2,-3,0,-1,0,0,0,-1
1454185979500416,-3,-3,0,-2,-3,-3,2,-1
1454185979500416,-1,-2,-2,-1,0,-1,-1,-1
1454185979515452,-4,-1,0,-3,-1,-2,0,-2
1454185979515452,0,0,-3,-2,0,-1,-2,-2
1454185979517396,1,0,0,-1,-1,1,-2,0
1454185979517396,-4,-2,0,1,-2,-1,0,0
1454185979537468,-1,-3,-1,-1,-1,0,-3,-3
1454185979537468,1,-2,-1,-2,-2,-5,1,0
1454185979539412,-1,-1,0,-1,1,-4,-1,-2
1454185979539412,1,-1,-2,-2,0,0,-1,1
1454185979551421,-4,-3,0,-2,-2,-3,-2,0
1454185979551421,-1,-1,-1,-1,-3,1,-2,-2
1454185979560454,0,1,-2,-2,-1,-1,-1,0
1454185979560454,0,-1,-2,-1,2,2,-1,-1
1454185979575495,-1,-1,-1,-1,1,0,-3,-2
1454185979575495,-2,0,-2,1,0,0,-3,-3
1454185979576448,-1,-1,-1,0,0,-3,0,-4
1454185979576448,0,-1,-1,-3,-4,-3,1,-2
1454185979597510,0,-1,-1,-2,-2,-1,-1,-1
1454185979597510,1,-1,0,0,-3,-1,-2,-1
1454185979599454,-4,-2,-2,-1,0,2,-3,0
1454185979599454,-2,-1,-2,0,1,0,2,-2
1454185979620526,0,-1,-1,0,-1,-2,1,1
1454185979620526,-2,0,-1,-1,-2,-2,-1,-1
1454185979621469,0,-2,-1,-2,-2,0,-1,0
1454185979621469,-2,-1,0,0,-1,-3,-3,0
1454185979635485,1,-1,-1,-1,-1,-2,-2,-1
1454185979635485,-3,-2,-2,-1,1,0,4,-1
1454185979636480,-1,-2,-1,-1,0,-2,-1,-3
1454185979636480,-1,-3,-1,-2,1,0,-1,-2
1454185979657552,-2,-2,-1,1,-2,-1,-1,-1
1454185979657552,-1,-1,0,-1,0,-2,0,-1
1454185979659526,2,0,0,0,0,1,-2,1
1454185979659526,0,-2,-1,-2,-3,-3,0,-2
1454185979680568,1,0,-1,-2,-1,-2,-2,-1
1454185979680568,-3,-3,-1,1,0,1,0,0
1454185979681512,-1,-1,1,-1,0,-2,0,-1
1454185979681512,1,-2,-1,1,-1,0,-2,0
1454185979695580,1,0,-2,-3,-2,-1,-2,-3
1454185979695580,-5,-3,-4,-2,-2,-2,3,0
1454185979696523,1,-1,-1,-2,-2,-2,0,-1
1454185979696523,-1,0,1,-2,-1,-1,0,0
1454185979717544,-1,0,1,1,1,-1,0,-1
1454185979717544,0,0,1,0,1,-2,-2,0
1454185979719539,0,-1,-4,-1,-2,1,-2,-2
1454185979719539,-4,-1,0,0,-1,1,0,-3
1454185979740611,1,-2,1,0,-1,0,-2,0
1454185979740611,4,1,0,-1,-1,-1,-1,-1
1454185979741554,-4,-3,-2,-2,-3,-3,-1,-2
1454185979741554,0,1,-1,-1,-1,-2,-1,0
1454185979754622,-4,0,-1,-2,0,-2,1,0
1454185979754622,2,-1,0,-1,1,0,1,0
1454185979761714,1,0,1,-2,-1,0,-1,-1
1454185979761714,0,-1,-2,-1,-2,-3,-1,0
1454185979777724,0,-2,-3,-2,-1,-2,0,0
1454185979777724,-5,-2,-1,-2,1,0,-2,-2
1454185979779668,-1,-1,-2,0,0,2,-2,0
1454185979779668,-1,-1,-1,-1,0,-5,0,-1
1454185979800687,-2,-2,-1,-1,-1,1,1,0
1454185979800687,1,0,-2,0,-3,-2,-2,-1
1454185979801684,-1,-1,-1,0,0,-2,-2,-2
1454185979801684,1,-2,-2,-1,-2,1,-1,0
1454185979814751,-1,-1,-1,0,-2,-1,-3,-3
1454185979814751,2,0,-2,0,0,-1,1,2
1454185979821756,-4,1,0,-2,-1,-1,-1,0
1454185979821756,0,-2,-1,-3,0,-2,-1,-1
1454185979837766,-1,-2,-1,-2,-3,-1,-2,-2
1454185979837766,0,0,0,0,-1,-2,-4,-1
1454185979839738,-1,0,-1,-1,0,-1,-1,-1
1454185979839738,3,-1,-3,-1,-1,2,-1,-1
1454185979860755,-2,-2,-1,-1,-1,0,0,0
1454185979860755,-1,-3,1,-1,-3,-5,-2,-3
1454185979861732,2,-2,-1,-1,0,0,1,-1
1454185979861732,-4,0,2,2,2,-2,0,-1
1454185979874794,-1,-1,-2,-2,0,0,-1,1
1454185979874794,0,0,0,-2,-2,-1,-2,-2
1454185979881798,-2,-2,1,-2,-4,-2,-3,-1
1454185979881798,-3,-3,-4,-3,-2,-1,-1,-1
1454185979897810,-2,-1,0,0,3,0,2,-1
1454185979897810,-1,1,0,1,-1,2,-1,1
1454185979899757,-5,-2,-2,0,-1,-1,-3,-2
1454185979899757,0,-1,-1,-1,-1,-1,-1,-2
1454185979920769,-1,-1,1,0,-1,-4,-1,-2
1454185979920769,-1,-2,-1,-1,-1,-2,-1,-3
1454185979921797,-2,0,-2,-3,-2,0,-2,-1
1454185979921797,-1,-2,-1,-1,-3,1,0,-1
1454185979934806,-1,2,0,-1,0,0,-1,-2
1454185979934806,0,-2,-2,0,0,1,1,-1
1454185979941813,-2,2,-1,1,0,-2,0,0
1454185979941813,0,-1,-1,-1,0,0,-3,-2
1454185979957852,-2,-2,-1,-2,0,-1,-1,-3
1454185979957852,-2,-2,-3,-2,-3,-2,-2,1
1454185979959795,-4,-3,0,0,-1,-1,-1,-1
1454185979959795,-2,-3,-1,-2,-2,-1,-2,-2
1454185979980841,-4,-1,-3,0,0,0,-2,0
1454185979980841,-1,-1,-1,-2,-3,0,0,0
1454185979981839,1,0,-2,-1,-2,-2,0,-1
1454185979981839,-2,0,0,0,-2,-4,-1,0
1454185979994878,1,-2,-2,0,-2,2,-2,0
1454185979994878,-2,0,-1,-1,-3,-5,-3,-2
1454185980000956,-1,-1,-2,-2,0,1,0,1
1454185980000956,0,0,-1,-1,0,0,-2,-2
1454185980017983,-2,0,-2,0,-3,-3,-3,-4
1454185980017983,-1,-2,-2,-2,-1,-2,1,-1
1454185980019470,1,-2,0,-1,1,0,0,0
1454185980019470,-1,-2,-1,0,0,2,-1,-1
1454185980040381,0,-2,0,-2,-2,-1,-1,0
1454185980040381,-2,-1,0,0,2,0,-1,0
1454185980042376,0,-2,-1,-1,-3,-3,-1,-1
1454185980042376,-4,-1,-2,1,0,1,1,0
1454185980054589,0,-2,-1,-3,-3,-3,1,0
1454185980054589,2,0,0,-1,1,1,0,0
1454185980061686,2,-1,-1,1,-3,-1,-1,1
1454185980061686,0,-1,1,-1,-1,-2,0,-1
1454185980077698,-2,1,0,0,2,-1,0,-2
1454185980077698,-1,1,-1,0,-2,-1,-2,-3
1454185980079670,-2,-1,-1,1,2,0,1,-1
1454185980079670,-1,-2,0,1,-2,-2,-1,0
1454185980100657,-1,-2,-3,0,-1,0,-2,-1
1454185980100657,0,-1,0,-2,-2,-5,0,-1
1454185980101660,1,-3,-1,-1,0,0,-4,-1
1454185980101660,-2,1,-1,-2,-1,-2,-1,-2
1454185980113724,-2,-1,-1,-1,-1,1,1,0
1454185980113724,-1,-3,-2,0,0,2,-3,-3
1454185980122701,-1,-1,-3,-2,-6,-4,-1,1
1454185980122701,-1,-2,-1,-2,-1,0,-2,-2
1454185980137739,-1,0,-1,-2,-4,-3,-4,0
1454185980137739,-3,-2,-1,-1,-2,-1,-1,-2
1454185980139712,-1,1,0,0,1,0,0,-2
1454185980139712,0,-2,-1,-1,2,-2,-2,-1
1454185980160700,1,1,-1,-1,-2,-3,1,0
1454185980160700,-1,-2,-3,-2,-2,0,-2,2
1454185980161708,-1,-1,0,-1,1,1,0,-2
1454185980161708,0,-1,-2,-1,-1,0,-1,0
1454185980173765,-1,0,0,1,1,-1,-2,-1
1454185980173765,-6,0,-1,-1,-1,-1,-3,0
1454185980182743,0,-4,-1,-1,-2,-1,0,0
1454185980182743,-1,-1,-2,-1,0,-1,1,1
1454185980197784,0,-1,0,0,-1,-4,-2,-2
1454185980197784,-2,-1,0,-2,-4,-1,0,0
1454185980199745,1,-1,0,-2,0,-1,0,-2
1454185980199745,0,-1,-1,0,-1,0,-1,-1
1454185980220742,-3,-3,-1,0,0,1,-1,-1
1454185980220742,-2,-1,-1,0,0,-1,0,1
1454185980221746,-2,-1,-1,-2,-3,-1,0,-1
1454185980221746,1,1,-2,-2,-2,-1,-4,0
1454185980233808,-1,-3,-2,0,1,1,-1,-1
1454185980233808,3,0,0,0,-1,-3,1,-1
